"STEM_ID","IND_ID","MESH","X","Y","SP","LT","LD05","LD15","LD","DBH05","DBH15","DBH20","DBH","RGR20","RGRa","RGRb","ci1","ci2","ci3","ci4"
398,399,"ALT600C01",54.15,97.25,"アブラチャン","DB",0,0,0,7.1,8.4,8.7,9.3,1.4206295584839,3.36273843603997,2.03565388619885,0,0,0,0
400,399,"ALT600C01",54.15,97.25,"アブラチャン","DB",0,0,0,6.7,10.1,11.4,11.8,2.97890528986684,8.20855794900587,3.11128215248811,0,0,0,0
401,399,"ALT600C01",54.15,97.25,"アブラチャン","DB",0,0,0,7.9,10.2,11.8,12.4,2.37280901651587,5.11049921634499,3.90617504641532,0,0,0,0
402,399,"ALT600C01",54.15,97.25,"アブラチャン","DB",0,0,0,10.2,11,11.6,12,0.855362786830394,1.51015105016291,1.74022753979259,0,0,0,0
2302,399,"ALT600C01",54.15,97.25,"アブラチャン","DB",NA,0,0,NA,7,8.1,8.4,NA,NA,3.64643113587909,0,0,0,0
2607,399,"ALT600C01",54.15,97.25,"アブラチャン","DB",NA,0,0,NA,4.8,4.8,5.2,NA,NA,1.60085415347073,0,0,0,0
2827,399,"ALT600C01",54.15,97.25,"アブラチャン","DB",NA,NA,0,NA,NA,4.9,5.9,NA,NA,NA,0,0,0,0
407,407,"ALT600C01",58.2,84.9,"アブラチャン","DB",0,0,0,7.5,9.6,10,10.2,1.61834052498927,4.93720155863052,1.2124924363287,0,0,0,0
408,408,"ALT600C01",55.5,88.05,"アブラチャン","DB",0,0,0,6.6,10,10.5,10.8,2.59198150051471,8.31030887923332,1.53922082272257,0,0,0,0
2287,2287,"ALT600C02",56.55,79.8,"イタヤカエデ","DB",NA,0,0,NA,7.4,8.8,9.5,NA,NA,4.99623596792742,0.952321440227273,0.952321440227273,0,0
2828,408,"ALT600C01",55.5,88.05,"アブラチャン","DB",NA,NA,0,NA,NA,5.1,6.2,NA,NA,NA,0,0,0,0
2829,407,"ALT600C01",58.2,84.9,"アブラチャン","DB",NA,NA,0,NA,NA,5.7,7.1,NA,NA,NA,0,0,0,0
2830,408,"ALT600C01",55.5,88.05,"アブラチャン","DB",NA,NA,0,NA,NA,6.1,7.4,NA,NA,NA,0,0,0,0
2831,407,"ALT600C01",58.2,84.9,"アブラチャン","DB",NA,NA,0,NA,NA,6.1,6.8,NA,NA,NA,0,0,0,0
415,415,"ALT600C02",57.85,75.05,"イヌガシ","EB",0,0,0,5.6,6.7,6.7,6.7,0.9438996245043,3.58681857311634,0,5.45298355176072,2.65618109971152,0,0
416,416,"ALT600C02",57.95,74.1,"イヌガシ","EB",0,0,0,6,8.8,10.3,10.8,3.09361402580063,7.65984504512212,4.09588825292026,2.98545496588491,2.74312907579685,0,0
427,427,"ALT600C02",58.65,73.3,"シラキ","DB",0,0,0,16.8,18.1,18.6,18.6,0.53569839110496,1.49066103725134,0.544992848947511,5.78738244498805,0,5.78738244498805,0
428,428,"ALT600C02",58.9,72.95,"ケヤキ","DB",0,0,0,40.4,42,45,46.3,0.717432505921494,0.776796666325279,1.9494468561764,0.933998306969789,0,0.933998306969789,0
2609,416,"ALT600C02",57.95,74.1,"イヌガシ","EB",NA,0,0,NA,5.4,6.2,6.2,NA,NA,2.76300676961634,5.97716350312694,5.55504743652193,0,0
2610,415,"ALT600C02",57.85,75.05,"イヌガシ","EB",NA,0,0,NA,4.8,5,5,NA,NA,0.816439890405104,7.66292622672071,3.66396745813149,0,0
392,392,"ALT600D01",64.3,97.7,"イタヤカエデ","DB",0,0,0,62.7,68,70.6,71.5,0.691242116110984,1.62292515074463,1.00379489047711,0,0,0,0
393,393,"ALT600D01",67.25,99.75,"イタヤカエデ","DB",0,0,0,28.6,29.6,30.2,31.1,0.441058428207272,0.687352870084156,0.988669157103475,0,0,0,0
395,395,"ALT600D01",68.8,96.2,"アブラチャン","DB",0,0,0,5.2,6.1,6.6,6.7,1.3339415832081,3.19260291183767,1.8763751043531,0,0,0,0
2697,2697,"ALT600D01",69.35,97.9,"アブラチャン","DB",NA,0,0,NA,5.6,6.2,6.7,NA,NA,3.58681857311634,0,0,0,0
2698,2697,"ALT600D01",69.35,97.9,"アブラチャン","DB",NA,0,0,NA,4.8,5.2,5.8,NA,NA,3.78483999277057,0,0,0,0
389,389,"ALT600D01",62.25,87.15,"アブラチャン","DB",0,0,0,7.2,8.2,8.5,8.7,0.996010524413307,2.60106256496396,1.18377742780661,0,0,0,0
390,390,"ALT600D01",69.2,88.45,"アブラチャン","DB",0,0,0,9,11.3,11.8,12.2,1.60111249685785,4.55156296764151,1.53266452041832,0,0,0,0
2245,2245,"ALT600D01",66.7,84.2,"ケヤキ","DB",NA,0,0,NA,7.7,8.6,9.2,NA,NA,3.55966310390713,0,0,0,0
2292,389,"ALT600D01",62.25,87.15,"アブラチャン","DB",NA,0,0,NA,6.6,7.3,7.7,NA,NA,3.08301359654517,0,0,0,0
2621,390,"ALT600D01",69.2,88.45,"アブラチャン","DB",NA,0,0,NA,6.4,7.8,8.3,NA,NA,5.19915048873852,0,0,0,0
380,379,"ALT600D02",67.2,70.75,"イタヤカエデ","DB",0,0,0,12.4,14.4,15,15.2,1.0715734486381,2.99063467941928,1.08134442540552,0,0,0,0
381,381,"ALT600D02",67.6,69.7,"イタヤカエデ","DB",0,0,0,6.1,6.4,6.4,6.3,0.16979401167485,0.960184383727213,-0.314967139362786,0,0,0,0
383,382,"ALT600D02",66.35,76.75,"イヌガシ","EB",0,1,0,7.5,14.5,NA,18.4,4.72340865301408,13.1849125776853,4.76404030376822,0,0,0,0
2622,2622,"ALT600D02",68.1,68.25,"ヤブニッケイ","EB",NA,0,0,NA,5.1,6.7,7.8,NA,NA,8.49766387930532,0,0,0,0
2835,2835,"ALT600D02",70.6,75.6,"アブラチャン","DB",NA,NA,0,NA,NA,5.3,5.7,NA,NA,NA,0,0,0,0
376,376,"ALT600D02",65.85,66.35,"アカガシ","EB",0,0,0,5.7,7.7,8.9,9.4,2.63286060229186,6.01508308038267,3.9897872083264,0,0,0,0
379,379,"ALT600D02",67.2,70.75,"イタヤカエデ","DB",0,0,0,27.9,30.7,31.9,32.2,0.754419809068647,1.91271931531663,0.954075959144223,0,0,0,0
2837,2837,"ALT600D02",65.7,64.7,"ヤブニッケイ","EB",NA,NA,0,NA,NA,5.5,6.5,NA,NA,NA,1.5687818951132,1.07450814733781,0,0
201,201,"ALT600D01",78.65,97.15,"イタヤカエデ","DB",0,0,0,16.3,19.8,21.2,22,1.57830181866105,3.89033659775546,2.10721031315653,0,0,0,0
202,202,"ALT600D01",78.1,94.85,"オオモミジ","DB",0,0,0,9.2,9.4,9.6,10,0.438850573363427,0.430124104419274,1.23750807436175,0,0,0,0
203,203,"ALT600D01",76.25,95.7,"オオモミジ","DB",0,0,0,10.7,12.9,14.4,15.4,1.91644088395644,3.73967139799532,3.54280396103914,0,0,0,0
205,205,"ALT600D01",75.6,99.25,"オオモミジ","DB",0,0,0,13.1,13.3,13.8,14.4,0.497978823025522,0.303036100412045,1.58928342708494,0,0,0,0
206,206,"ALT600D01",73.75,94.2,"イヌガシ","EB",0,0,0,15.4,18,19.4,20,1.37560402176004,3.12008496953162,2.10721031315653,0,0,0,0
207,207,"ALT600D01",75,90,"オオモミジ","DB",0,0,0,16.6,17.3,17.3,17.5,0.277885187194583,0.826076122824712,0.2298875885147,0,0,0,0
208,208,"ALT600D01",76.3,91.25,"アカガシ","EB",0,0,0,13.1,16.7,18,19.2,2.01209499382437,4.85592978431207,2.79003119222053,0,0,0,0
2631,2631,"ALT600D01",71.55,94.05,"アブラチャン","DB",NA,0,0,NA,5,5,5.2,NA,NA,0.784414263065627,0,0,0,0
2632,2631,"ALT600D01",71.55,94.05,"アブラチャン","DB",NA,0,0,NA,4.8,4.9,5,NA,NA,0.816439890405104,0,0,0,0
211,211,"ALT600D01",79.1,86.9,"アブラチャン","DB",0,0,0,5.3,5.8,5.9,6,0.652908677210415,1.80302193988595,0.678031033513628,0,0,0,0
216,216,"ALT600D01",79.35,81.4,"イヌガシ","EB",0,0,0,33.9,37.3,38.7,39.1,0.751091855815346,1.9115662452673,0.942582806831005,0,0,0,0
223,223,"ALT600D02",71.65,71.8,"シキミ","EB",0,0,0,15.2,15.5,15.7,15.9,0.236966744073448,0.390891921459407,0.509581706019699,0,0,0,0
224,223,"ALT600D02",71.65,71.8,"シキミ","EB",0,0,0,8.4,8.9,9.3,9.5,0.647684698722248,1.15639141777652,1.30481043736802,0,0,0,0
225,225,"ALT600D02",73.8,75.35,"アカガシ","EB",0,0,0,5.7,7.1,7.9,7.9,1.71787676122353,4.3925721841353,2.13535950851412,0,0,0,0
231,227,"ALT600D02",75.45,75.25,"アブラチャン","DB",0,0,0,6.9,8.4,8.8,9.2,1.51411617079885,3.93420588492109,1.81943556411453,0,0,0,0
233,227,"ALT600D02",75.45,75.25,"アブラチャン","DB",0,0,0,5.2,6,6.2,6.4,1.09283876199076,2.86201687281346,1.29077042275142,0,0,0,0
237,237,"ALT600D02",78.35,70.4,"アカガシ","EB",0,0,0,9.6,10.6,11.7,12.6,1.43123008149285,1.98181805288462,3.45685625678822,0,0,0,0
2202,234,"ALT600D02",76.75,73,"アブラチャン","DB",0,0,0,4.9,4.9,5,5.1,0.210554392703679,0,0.80010669227398,0,0,0,0
238,238,"ALT600D02",78.8,69.1,"アカガシ","EB",0,0,0,27.5,32.9,35.1,36.1,1.43214137192795,3.58573306197601,1.85640415135018,0,0,0,0
239,239,"ALT600D02",76.8,68.05,"シキミ","EB",0,0,0,12,12.2,12.4,12.3,0.129961118896693,0.33058603902421,0.163266212783221,0,0,0,0
240,240,"ALT600D02",76.65,65.7,"ミズキ","DB",0,0,0,28,29.9,30.6,30.9,0.518693019623662,1.31307940442874,0.65795407014118,0,0,0,0
241,241,"ALT600D02",71.1,62.55,"アカガシ","EB",0,0,0,6,6.8,6.7,6.7,0.580779248257186,2.50326285908012,-0.296301715702812,1.61194029850752,1.61194029850752,0,0
242,242,"ALT600D02",73.7,60.8,"アカガシ","EB",0,0,0,20.8,25.5,27.9,29.8,1.89239687791624,4.07450930914216,3.11659882693957,0,0,0,0
243,243,"ALT600D02",79.65,62.5,"ヒメシャラ","DB",0,0,0,34,34.8,35.3,35.8,0.271512467318384,0.465137243285344,0.56661013252452,0,0,0,0
2633,2633,"ALT600D02",78.35,66.25,"ヤブニッケイ","EB",NA,0,0,NA,6.1,6.5,6.5,NA,NA,1.27026811444652,0,0,0,0
196,196,"ALT600E01",88.85,92.35,"イタヤカエデ","DB",0,0,0,24.3,25.7,26.1,26.5,0.456149382345651,1.12029283109343,0.61307482182005,0,0,0,0
197,197,"ALT600E01",87.35,93.4,"イタヤカエデ","DB",0,0,0,10.4,12,12.9,13.4,1.3339415832081,2.86201687281346,2.20696114337731,0.436781409102009,0,0.436781409102009,0
198,198,"ALT600E01",85.15,93.45,"イタヤカエデ","DB",0,0,0,15.2,18.5,20.3,21.5,1.8250395120073,3.92950608464097,3.00564406098676,0,0,0,0
200,200,"ALT600E01",85.15,97.35,"イタヤカエデ","DB",0,0,0,4.8,6,7.1,8.5,3.00763287148645,4.4628710262842,6.96613388536432,0,0,0,0
2350,2350,"ALT600E01",87.45,94.3,"イタヤカエデ","DB",NA,0,0,NA,5.2,5.3,5.3,NA,NA,0.380963899413888,2.79204235736407,0,2.79204235736407,0
2640,2640,"ALT600E01",88.4,93.25,"イタヤカエデ","DB",NA,0,0,NA,5.5,6.3,6.6,NA,NA,3.64643113587909,0,0,0,0
193,193,"ALT600E01",80.95,80.6,"オオモミジ","DB",0,0,0,11.2,13.3,14.1,14.6,1.39530394954338,3.43700513853319,1.86514986973165,0,0,0,0
194,194,"ALT600E01",84.7,86.25,"イヌガシ","EB",0,0,0,13.5,14.3,14.9,15.3,0.658753383968453,1.15139703642956,1.35186582265057,0,0,0,0
182,182,"ALT600E02",89.3,71.4,"シキミ","EB",0,0,0,9,10.4,11.3,11.8,1.42565765334421,2.89162457622215,2.52587450648584,0,0,0,0
183,183,"ALT600E02",86.95,73.2,"アカガシ","EB",0,0,0,9.5,12.1,12.4,12.6,1.48634218605756,4.838273079924,0.80982722709474,1.01770801665221,1.01770801665221,0,0
184,184,"ALT600E02",85.95,73.85,"アカガシ","EB",0,0,0,7.3,9.2,9.4,9.7,1.49606072292101,4.62658271801298,1.05844802908685,2.36552451661522,2.36552451661522,0,0
185,185,"ALT600E02",84.9,71.95,"ケヤキ","DB",0,0,0,50.4,52.6,53.3,55.1,0.469255479376558,0.854498893326826,0.928671928304093,0.298364768249284,0.298364768249284,0,0
186,186,"ALT600E02",85,71.35,"アカガシ","EB",0,0,0,6.3,7.6,7.7,7.8,1.12407421209505,3.75197227789597,0.519509728065215,12.0770025289703,0,11.6133130775963,0
2842,2842,"ALT600E02",86.05,73.35,"ヤブニッケイ","EB",NA,NA,0,NA,NA,6.3,8.1,NA,NA,NA,4.54053774535585,4.05342963482146,0,0
165,167,"ALT600E02",88.15,64.1,"アカガシ","EB",0,0,0,11.8,12.1,12.2,12.4,0.261036532312484,0.502118422621525,0.489820400165918,0,0,0,0
167,167,"ALT600E02",88.15,64.1,"アカガシ","EB",0,0,0,23.2,23.3,23.4,23.4,0.0451775983757444,0.086021637987814,0.0856532358400146,0,0,0,0
168,168,"ALT600E02",82.5,60.9,"アカガシ","EB",0,0,0,5.5,5.5,5.5,5.5,0,0,0,8.64259424461954,7.22436062733191,0,0
169,169,"ALT600E02",81.65,61.5,"イヌガシ","EB",0,0,0,8.1,9.4,9.8,9.9,1.05616155506395,2.9769125519513,1.03650135729172,1.86339183990294,1.34330903677851,0,0
170,170,"ALT600E02",82.8,65.75,"イヌガシ","EB",0,0,0,30.9,34.9,37.3,39,1.22529190645235,2.43461290609363,2.2214963384253,0.627218934911235,0.370808678500982,0,0
171,170,"ALT600E02",82.8,65.75,"イヌガシ","EB",0,0,0,7.1,8.4,9,9.4,1.4769205538352,3.36273843603997,2.24955966853381,7.44680851063821,6.38297872340418,0,0
172,172,"ALT600E02",83.4,65.5,"イヌガシ","EB",0,0,0,5.3,6.2,6.5,6.5,1.0741860860185,3.13684942985939,0.94505769701091,11.455621301775,11.455621301775,0,0
173,173,"ALT600E02",84.4,66.4,"シキミ","EB",0,0,0,7.9,8.4,8.9,9.7,1.08033224229664,1.22737892752584,2.87788359320138,0,0,0,0
174,174,"ALT600E02",82.75,66.95,"オオモミジ","DB",0,0,0,9.2,9.4,9.5,10,0.438850573363427,0.430124104419274,1.23750807436175,0,0,0,0
175,175,"ALT600E02",84.75,69.1,"アカガシ","EB",0,0,0,11.1,12.5,12.8,13,0.831601311280254,2.37567071979934,0.784414263065627,0,0,0,0
176,176,"ALT600E02",85.85,68.65,"イロハモミジ","DB",0,0,0,6.9,6.9,7,7.2,0.223997970625242,0,0.851192288375918,2.4293696293783,2.4293696293783,0,0
177,177,"ALT600E02",86.05,68.4,"イヌガシ","EB",0,0,0,5.4,5.6,5.6,5.6,0.19140865353092,0.727352883417496,0,4.01589673427842,0,4.01589673427842,0
178,178,"ALT600E02",88.05,66.2,"アカガシ","EB",0,0,0,6.3,6.5,6.5,6.5,0.164487071074234,0.625050870082091,0,1.44050642702932,1.44050642702932,0,0
179,179,"ALT600E02",89.5,67.9,"シラキ","DB",0,0,0,7.5,7.6,7.6,7.6,0.06971171973695,0.26490453500041,0,12.0428332075214,0,12.0428332075214,0
180,180,"ALT600E02",89,68.65,"イヌシデ","DB",0,0,0,79.4,81.6,83.5,82.5,0.201578553092343,0.546617874339421,0.219380627411479,0.102199308880285,0,0.102199308880285,0
2179,168,"ALT600E02",82.5,60.9,"アカガシ","EB",0,0,0,4.9,5,5,5.1,0.210554392703679,0.404054146350389,0.396052545923595,9.48579262512138,7.95632499863472,0,0
2841,2841,"ALT600E02",82.95,60.75,"アカガシ","EB",NA,NA,0,NA,NA,5,5.3,NA,NA,NA,7.78061055102723,7.78061055102723,0,0
153,153,"ALT600E03",86.35,52.5,"ウラジロガシ","EB",0,0,0,10.2,12.7,13.8,14.4,1.81494992785121,4.3842854634864,2.51252426234819,0,0,0,0
156,156,"ALT600E03",80.55,54.95,"ヒメシャラ","DB",0,0,0,61.3,62.7,63.4,65.1,0.316551085643989,0.451632093934186,0.751262031512966,0,0,0,0
157,157,"ALT600E03",80.55,56.4,"アカガシ","EB",0,0,0,6.6,8.4,8.8,9.8,2.08059335075867,4.82324113633777,3.08301359654517,0,0,0,0
159,158,"ALT600E03",80.45,57.5,"イヌガシ","EB",0,0,0,6.6,7.9,8.2,8.7,1.4539651401482,3.59586220881192,1.92920532375124,7.01149425287353,7.01149425287353,0,0
161,161,"ALT600E03",84.15,55.25,"イヌガシ","EB",0,0,0,5.3,7.4,8,8.5,2.48610180493787,6.67546359304096,2.77172326572293,0,0,0,0
162,162,"ALT600E03",87.85,57.85,"オオモミジ","DB",0,0,0,7.9,8.1,8.4,8.9,0.627307985605886,0.500026044108344,1.88374430119402,0.931954131675087,0.931954131675087,0,0
164,164,"ALT600E03",89.5,55.15,"アカガシ","EB",0,0,0,69.9,72.9,73.1,73.8,0.285753065087695,0.840459795496957,0.245401851836284,0,0,0,0
2298,158,"ALT600E03",80.45,57.8,"イヌガシ","EB",NA,0,0,NA,6.3,6.9,7.5,NA,NA,3.48706774289555,13.4666666666672,13.4666666666672,0,0
2369,2369,"ALT600E03",80.45,57.7,"イヌガシ","EB",NA,0,0,NA,6.3,6.8,7.2,NA,NA,2.67062785249046,16.4583333333338,16.4583333333338,0,0
2643,2643,"ALT600E03",83.1,59.85,"イヌガシ","EB",NA,0,0,NA,5.8,6.4,7,NA,NA,3.76104463005879,1.51985792033107,1.51985792033107,0,0
2644,2644,"ALT600E03",84.2,56.7,"イヌガシ","EB",NA,0,0,NA,5.7,6.1,6.2,NA,NA,1.68166234421083,0,0,0,0
2646,2646,"ALT600E03",88.15,57.1,"ヤブニッケイ","EB",NA,0,0,NA,5.3,6.3,6.7,NA,NA,4.68801411677689,1.64446617888135,0,1.64446617888135,0
1,1,"ALT600E01",98.05,99.4,"ミツバウツギ","DB",0,0,0,7.4,7.6,7.6,7.7,0.209159624471127,0.533364941643225,0.261441631347058,0,0,0,0
2,2,"ALT600E01",97.1,97.85,"イタヤカエデ","DB",0,0,0,23.6,27.8,29.7,30.7,1.38429443453467,3.27578617330054,1.9845326779312,0,0,0,0
4,4,"ALT600E01",93.7,93.8,"イタヤカエデ","DB",0,0,0,15.9,18.2,18.7,19.5,1.0741860860185,2.70204969713128,1.37985742973903,0.505912804504979,0,0.505912804504979,0
5,5,"ALT600E01",93.75,92.95,"イタヤカエデ","DB",0,0,0,6.7,7.5,8.1,8.4,1.19012726027551,2.25590988290689,2.26657370614007,2.726379590604,0,2.726379590604,0
6,6,"ALT600E01",97.3,93.8,"イタヤカエデ","DB",0,0,0,6.6,7.3,7.3,7.4,0.602159743040759,2.01609398243931,0.272113041115574,0,0,0,0
7,7,"ALT600E01",99.55,94.8,"キハダ","DB",0,0,0,49.3,55.1,56.2,60.1,1.04255663417115,2.22451270220449,1.73720250764586,0,0,0,0
8,8,"ALT600E01",98.4,89.8,"イタヤカエデ","DB",0,0,0,18.5,23,24.7,25.6,1.70958747053283,4.35446967689741,2.14196271112734,0,0,0,0
10,10,"ALT600E01",94.35,89.15,"イタヤカエデ","DB",0,0,0,11.5,13,13.4,13.9,0.99758844614443,2.45204644184665,1.33878965350219,0.997853663936549,0,0,0.997853663936549
11,11,"ALT600E01",93.6,88.6,"イヌガヤ","EC",0,0,0,8.3,10.7,11.9,12.9,2.32090419244776,5.07976453330616,3.73967139799532,1.15855601471775,0,1.15855601471775,0
16,16,"ALT600E01",98.25,84.7,"イロハモミジ","DB",0,0,0,17.4,19.8,20.6,21.8,1.18652507144505,2.58423462960012,1.92456064189108,0,0,0,0
2650,2650,"ALT600E01",91.3,84.4,"カジカエデ","DB",NA,0,0,NA,6,6.6,7,NA,NA,3.08301359654517,0,0,0,0
17,17,"ALT600E02",92.5,79,"ケヤキ","DB",0,0,0,30.1,32,32.9,33.7,0.594592976860453,1.22421462089793,1.03523869117179,0,0,0,0
2185,2185,"ALT600E02",90.6,69.05,"シキミ","EB",0,0,0,7.1,8.6,9.3,9.9,1.74968406891197,3.83334838424385,2.81545107762164,0,0,0,0
2851,2851,"ALT600E02",90.4,78.95,"イタヤカエデ","DB",NA,NA,0,NA,NA,5.1,5.5,NA,NA,NA,0,0,0,0
19,19,"ALT600E02",96.45,64,"ウラジロガシ","EB",0,0,0,6,7.6,9.1,11,3.19018843984377,4.72777556128461,7.3949405101217,0,0,0,0
20,20,"ALT600E02",91,64.15,"アワブキ","DB",0,0,0,14.5,14.7,14.9,15.1,0.213400496812368,0.273976887163239,0.536945000723761,1.04327719025142,0,0.470209437859794,0
23,23,"ALT600E02",94.25,60.9,"ウラジロガシ","EB",0,0,0,9.3,10.8,11.5,12.8,1.68121458298085,2.99063467941928,3.39798073590795,0,0,0,0
24,24,"ALT600E03",94.2,59.85,"カゴノキ","EB",0,0,0,9.8,10,10,10.5,0.363120376247113,0.404054146350389,0.975803283388641,0,0,0,0
2203,2203,"ALT600E02",96.05,69,"アカガシ","EB",0,0,0,7,7.1,7.1,7.4,0.292472900814794,0.283692699839128,0.82770432325709,0,0,0,0
2651,2651,"ALT600E02",96.1,61.7,"アカガシ","EB",NA,0,0,NA,4.8,5.3,5.9,NA,NA,4.12672865995657,0,0,0,0
2652,2652,"ALT600E02",97.45,60.3,"イヌガシ","EB",NA,0,0,NA,5.2,5.8,7.1,NA,NA,6.22872316919776,0,0,0,0
27,27,"ALT600E03",99.5,56.45,"アカガシ","EB",0,0,0,70.6,77.5,79.2,80,0.657876264077291,1.8649558372021,0.634973966291605,0.478692092106854,0.406263495272839,0,0
28,28,"ALT600E03",98.95,56.5,"ヤブニッケイ","EB",0,0,0,6.6,7.5,7.6,8,1.01248364551293,2.5566674301977,1.29077042275142,20.62554062436,19.5446481629612,0,0
31,31,"ALT600E03",93.15,58.25,"イヌシデ","DB",0,0,0,38.2,39.3,39.6,39.9,0.229162148859411,0.567780065253718,0.303036100412045,0,0,0,0
32,32,"ALT600E03",90.15,56.85,"イヌガシ","EB",0,0,0,5.8,6.7,6.9,7.1,1.06440456049945,2.88499217689093,1.15974515300699,0,0,0,0
35,35,"ALT600E03",94.5,53.8,"シキミ","EB",0,0,0,5.9,8.7,10.5,12.5,3.95145417577148,7.76741349497728,7.24811237295435,1.61396260617082,1.61396260617082,0,0
37,37,"ALT600E03",97.45,52.4,"シキミ","EB",0,0,0,5.3,7.4,8.8,10.4,3.54788939783816,6.67546359304096,6.80651611874406,4.46686187276338,4.46686187276338,0,0
38,38,"ALT600E03",98.4,52.6,"アカガシ","EB",0,0,0,37.7,42.5,44.1,45.1,0.94327448449825,2.39687962952812,1.18756341156523,0.2375287142925,0.2375287142925,0,0
2653,32,"ALT600E03",90.15,56.85,"イヌガシ","EB",NA,0,0,NA,5.5,5.6,5.7,NA,NA,0.714361652041585,0,0,0,0
2847,2847,"ALT600E03",92.1,54.05,"ウラジロガシ","EB",NA,NA,0,NA,NA,5.1,5.6,NA,NA,NA,4.93144149543949,4.38933675369633,0,0
2848,2847,"ALT600E03",92.1,54.05,"ウラジロガシ","EB",NA,NA,0,NA,NA,5.3,6,NA,NA,NA,4.5183513248057,4.01238689917875,0,0
2849,2849,"ALT600E03",91.45,54.5,"イヌガシ","EB",NA,NA,0,NA,NA,4.8,5.5,NA,NA,NA,3.21977361762601,2.66781242603298,0,0
2850,2850,"ALT600E03",93.35,51.85,"イヌガシ","EB",NA,NA,0,NA,NA,4.9,5.5,NA,NA,NA,2.62143918998139,1.07072868323184,0,0
2901,399,"ALT600C01",54.15,97.25,"アブラチャン","DB",NA,NA,0,NA,NA,NA,5.5,NA,NA,NA,0,0,0,0
2902,399,"ALT600C01",54.15,97.25,"アブラチャン","DB",NA,NA,0,NA,NA,NA,5,NA,NA,NA,0,0,0,0
2903,399,"ALT600C01",54.15,97.25,"アブラチャン","DB",NA,NA,0,NA,NA,NA,7.4,NA,NA,NA,0,0,0,0
2904,408,"ALT600C01",55.5,88.05,"アブラチャン","DB",NA,NA,0,NA,NA,NA,6.3,NA,NA,NA,0,0,0,0
2905,2905,"ALT600C01",55.15,87.1,"アブラチャン","DB",NA,NA,0,NA,NA,NA,5.2,NA,NA,NA,0,0,0,0
2906,407,"ALT600C01",58.2,84.9,"アブラチャン","DB",NA,NA,0,NA,NA,NA,5.7,NA,NA,NA,0,0,0,0
2907,407,"ALT600C01",58.2,84.9,"アブラチャン","DB",NA,NA,0,NA,NA,NA,5.7,NA,NA,NA,0,0,0,0
2908,415,"ALT600C02",57.85,75.05,"イヌガシ","EB",NA,NA,0,NA,NA,NA,5.1,NA,NA,NA,7.49214634295794,3.59212495895244,0,0
2919,2697,"ALT600D01",69.35,97.9,"アブラチャン","DB",NA,NA,0,NA,NA,NA,5.3,NA,NA,NA,0,0,0,0
2920,2920,"ALT600D01",68.75,81,"アブラチャン","DB",NA,NA,0,NA,NA,NA,5.4,NA,NA,NA,0,0,0,0
2921,2921,"ALT600D02",63.05,73.85,"イヌガシ","EB",NA,NA,0,NA,NA,NA,5.5,NA,NA,NA,0,0,0,0
2924,2924,"ALT600D02",73.35,72.4,"イヌガシ","EB",NA,NA,0,NA,NA,NA,5.3,NA,NA,NA,0,0,0,0
2925,2633,"ALT600D02",78.35,66.25,"ヤブニッケイ","EB",NA,NA,0,NA,NA,NA,5.9,NA,NA,NA,0,0,0,0
2926,2633,"ALT600D02",78.35,66.25,"ヤブニッケイ","EB",NA,NA,0,NA,NA,NA,5.5,NA,NA,NA,0,0,0,0
2927,2633,"ALT600D02",78.35,66.25,"ヤブニッケイ","EB",NA,NA,0,NA,NA,NA,5.6,NA,NA,NA,0,0,0,0
2928,2928,"ALT600D03",78.8,54.85,"イヌガシ","EB",NA,NA,0,NA,NA,NA,5.3,NA,NA,NA,1.24436630653522,1.24436630653522,0,0
2931,2931,"ALT600E02",89.25,76.1,"イヌガシ","EB",NA,NA,0,NA,NA,NA,5.7,NA,NA,NA,1.02756532650945,0,1.02756532650945,0
2932,189,"ALT600E02",80.85,73.25,"アブラチャン","DB",NA,NA,0,NA,NA,NA,4.9,NA,NA,NA,0,0,0,0
2933,2933,"ALT600E02",84.35,62.4,"イヌガシ","EB",NA,NA,0,NA,NA,NA,4.8,NA,NA,NA,0,0,0,0
2934,2934,"ALT600E02",81.7,60.9,"ヤブニッケイ","EB",NA,NA,0,NA,NA,NA,5.7,NA,NA,NA,7.40967499914977,7.40967499914977,0,0
2935,2935,"ALT600E02",83.4,63.75,"ヒサカキ","EB",NA,NA,0,NA,NA,NA,5.3,NA,NA,NA,0,0,0,0
2939,2939,"ALT600E01",95.3,84.9,"アブラチャン","DB",NA,NA,0,NA,NA,NA,5.4,NA,NA,NA,0,0,0,0
2940,20,"ALT600E02",91,64.15,"アワブキ","DB",NA,NA,0,NA,NA,NA,6.4,NA,NA,NA,3.96957327923677,0,2.61749155093778,0
2941,20,"ALT600E02",91,64.15,"アワブキ","DB",NA,NA,0,NA,NA,NA,5.2,NA,NA,NA,5.14164412654921,0,3.22152806269266,0
2942,32,"ALT600E03",90.15,56.85,"イヌガシ","EB",NA,NA,0,NA,NA,NA,5.8,NA,NA,NA,0,0,0,0
2943,32,"ALT600E03",90.15,56.85,"イヌガシ","EB",NA,NA,0,NA,NA,NA,5.1,NA,NA,NA,0,0,0,0
2944,2944,"ALT600E03",94.45,56.85,"イヌガシ","EB",NA,NA,0,NA,NA,NA,5.9,NA,NA,NA,0,0,0,0
2945,2945,"ALT600E03",95.45,56.9,"イヌガシ","EB",NA,NA,0,NA,NA,NA,5.7,NA,NA,NA,0,0,0,0
2946,2946,"ALT600E03",97.5,57.95,"イヌガシ","EB",NA,NA,0,NA,NA,NA,5,NA,NA,NA,0,0,0,0
2947,2947,"ALT600E03",99.5,57.15,"イヌガシ","EB",NA,NA,0,NA,NA,NA,6.4,NA,NA,NA,20.9386600813473,20.9386600813473,0,0
2948,2948,"ALT600E03",99.65,53.95,"イヌガシ","EB",NA,NA,0,NA,NA,NA,5.2,NA,NA,NA,0,0,0,0
2949,2949,"ALT600E03",98,51.35,"ヤブニッケイ","EB",NA,NA,0,NA,NA,NA,4.8,NA,NA,NA,0,0,0,0
3374,399,"ALT600C01",54.15,97.25,"アブラチャン","DB",NA,NA,0,NA,NA,NA,3.5,NA,NA,NA,0,0,0,0
3375,399,"ALT600C01",54.15,97.25,"アブラチャン","DB",NA,NA,0,NA,NA,NA,4,NA,NA,NA,0,0,0,0
3376,399,"ALT600C01",54.15,97.25,"アブラチャン","DB",NA,NA,0,NA,NA,NA,3.3,NA,NA,NA,0,0,0,0
3377,399,"ALT600C01",54.15,97.25,"アブラチャン","DB",NA,NA,0,NA,NA,NA,2.6,NA,NA,NA,0,0,0,0
3378,399,"ALT600C01",54.15,97.25,"アブラチャン","DB",NA,NA,0,NA,NA,NA,3.2,NA,NA,NA,0,0,0,0
3379,399,"ALT600C01",54.15,97.25,"アブラチャン","DB",NA,NA,0,NA,NA,NA,2,NA,NA,NA,0,0,0,0
3380,408,"ALT600C01",55.5,88.05,"アブラチャン","DB",NA,NA,0,NA,NA,NA,3.4,NA,NA,NA,0,0,0,0
3381,408,"ALT600C01",55.5,88.05,"アブラチャン","DB",NA,NA,0,NA,NA,NA,2.2,NA,NA,NA,0,0,0,0
3382,2905,"ALT600C01",55.15,87.1,"アブラチャン","DB",NA,NA,0,NA,NA,NA,4.4,NA,NA,NA,0,0,0,0
3383,2905,"ALT600C01",55.15,87.1,"アブラチャン","DB",NA,NA,0,NA,NA,NA,3.7,NA,NA,NA,0,0,0,0
3384,407,"ALT600C01",58.2,84.9,"アブラチャン","DB",NA,NA,0,NA,NA,NA,3.6,NA,NA,NA,0,0,0,0
3385,3385,"ALT600C01",57.4,80,"イヌガシ","EB",NA,NA,0,NA,NA,NA,4.6,NA,NA,NA,3.18663420835543,0,2.3650800765138,0
3386,3385,"ALT600C01",57.4,80,"イヌガシ","EB",NA,NA,0,NA,NA,NA,3.3,NA,NA,NA,4.89311303868214,0,3.29677828847378,0
3387,3387,"ALT600C02",57.4,78.25,"シキミ","EB",NA,NA,0,NA,NA,NA,3.5,NA,NA,NA,0,0,0,0
3388,415,"ALT600C02",57.85,75.05,"イヌガシ","EB",NA,NA,0,NA,NA,NA,2.6,NA,NA,NA,15.7027176777064,7.04609126563747,0,0
3389,415,"ALT600C02",57.85,75.05,"イヌガシ","EB",NA,NA,0,NA,NA,NA,2.7,NA,NA,NA,15.0823633990809,6.78512492246571,0,0
3390,415,"ALT600C02",57.85,75.05,"イヌガシ","EB",NA,NA,0,NA,NA,NA,2.5,NA,NA,NA,16.3727002986218,7.32793491626297,0,0
3469,2697,"ALT600D01",69.35,97.9,"アブラチャン","DB",NA,NA,0,NA,NA,NA,4.4,NA,NA,NA,0,0,0,0
3470,2697,"ALT600D01",69.35,97.9,"アブラチャン","DB",NA,NA,0,NA,NA,NA,4.3,NA,NA,NA,0,0,0,0
3471,395,"ALT600D01",68.8,96.2,"アブラチャン","DB",NA,NA,0,NA,NA,NA,3.4,NA,NA,NA,0,0,0,0
3472,395,"ALT600D01",68.8,96.2,"アブラチャン","DB",NA,NA,0,NA,NA,NA,4,NA,NA,NA,0,0,0,0
3473,395,"ALT600D01",68.8,96.2,"アブラチャン","DB",NA,NA,0,NA,NA,NA,3.6,NA,NA,NA,0,0,0,0
3474,389,"ALT600D01",62.25,87.15,"アブラチャン","DB",NA,NA,0,NA,NA,NA,4.2,NA,NA,NA,0,0,0,0
3475,389,"ALT600D01",62.25,87.15,"アブラチャン","DB",NA,NA,0,NA,NA,NA,3,NA,NA,NA,0,0,0,0
3476,389,"ALT600D01",62.25,87.15,"アブラチャン","DB",NA,NA,0,NA,NA,NA,2.8,NA,NA,NA,0,0,0,0
3477,389,"ALT600D01",62.25,87.15,"アブラチャン","DB",NA,NA,0,NA,NA,NA,2.6,NA,NA,NA,0,0,0,0
3478,389,"ALT600D01",62.25,87.15,"アブラチャン","DB",NA,NA,0,NA,NA,NA,2.6,NA,NA,NA,0,0,0,0
3479,390,"ALT600D01",69.2,88.45,"アブラチャン","DB",NA,NA,0,NA,NA,NA,4.3,NA,NA,NA,0,0,0,0
3480,390,"ALT600D01",69.2,88.45,"アブラチャン","DB",NA,NA,0,NA,NA,NA,2.8,NA,NA,NA,0,0,0,0
3481,390,"ALT600D01",69.2,88.45,"アブラチャン","DB",NA,NA,0,NA,NA,NA,3.9,NA,NA,NA,0,0,0,0
3482,390,"ALT600D01",69.2,88.45,"アブラチャン","DB",NA,NA,0,NA,NA,NA,2.3,NA,NA,NA,0,0,0,0
3483,2920,"ALT600D01",68.75,81,"アブラチャン","DB",NA,NA,0,NA,NA,NA,3.4,NA,NA,NA,0,0,0,0
3484,2920,"ALT600D01",68.75,81,"アブラチャン","DB",NA,NA,0,NA,NA,NA,2.6,NA,NA,NA,0,0,0,0
3485,2244,"ALT600D02",64,72.55,"アブラチャン","DB",NA,NA,0,NA,NA,NA,3.6,NA,NA,NA,0,0,0,0
3486,3486,"ALT600D02",63.4,67.75,"アカガシ","EB",NA,NA,0,NA,NA,NA,4.4,NA,NA,NA,0,0,0,0
3488,3488,"ALT600D02",67.95,63.9,"アブラチャン","DB",NA,NA,0,NA,NA,NA,2.6,NA,NA,NA,0,0,0,0
3489,2837,"ALT600D02",65.7,64.7,"ヤブニッケイ","EB",NA,NA,0,NA,NA,NA,2.3,NA,NA,NA,6.98430295769574,3.03665345986771,0,0
3520,3521,"ALT600D01",70.65,90.45,"アブラチャン","DB",NA,NA,0,NA,NA,NA,3.9,NA,NA,NA,0,0,0,0
3521,3521,"ALT600D01",70.65,90.45,"アブラチャン","DB",NA,NA,0,NA,NA,NA,4.4,NA,NA,NA,0,0,0,0
3522,2631,"ALT600D01",71.55,94.05,"アブラチャン","DB",NA,NA,0,NA,NA,NA,2.7,NA,NA,NA,0,0,0,0
3523,3523,"ALT600D01",75.55,88.7,"アブラチャン","DB",NA,NA,0,NA,NA,NA,4,NA,NA,NA,0,0,0,0
3524,3523,"ALT600D01",75.55,88.7,"アブラチャン","DB",NA,NA,0,NA,NA,NA,3.3,NA,NA,NA,0,0,0,0
3525,211,"ALT600D01",79.1,86.9,"アブラチャン","DB",NA,NA,0,NA,NA,NA,2.2,NA,NA,NA,0,0,0,0
3526,211,"ALT600D01",79.1,86.9,"アブラチャン","DB",NA,NA,0,NA,NA,NA,2.3,NA,NA,NA,0,0,0,0
3527,216,"ALT600D01",79.35,81.4,"イヌガシ","EB",NA,NA,0,NA,NA,NA,2.1,NA,NA,NA,0,0,0,0
3528,3528,"ALT600D01",76.75,80.4,"イタヤカエデ","DB",NA,NA,0,NA,NA,NA,4.4,NA,NA,NA,0,0,0,0
3529,227,"ALT600D02",75.45,75.25,"アブラチャン","DB",NA,NA,0,NA,NA,NA,3,NA,NA,NA,0,0,0,0
3530,227,"ALT600D02",75.45,75.25,"アブラチャン","DB",NA,NA,0,NA,NA,NA,2.9,NA,NA,NA,0,0,0,0
3531,227,"ALT600D02",75.45,75.25,"アブラチャン","DB",NA,NA,0,NA,NA,NA,2.4,NA,NA,NA,0,0,0,0
3532,227,"ALT600D02",75.45,75.25,"アブラチャン","DB",NA,NA,0,NA,NA,NA,2.7,NA,NA,NA,0,0,0,0
3533,227,"ALT600D02",75.45,75.25,"アブラチャン","DB",NA,NA,0,NA,NA,NA,3.4,NA,NA,NA,0,0,0,0
3534,227,"ALT600D02",75.45,75.25,"アブラチャン","DB",NA,NA,0,NA,NA,NA,2,NA,NA,NA,0,0,0,0
3535,227,"ALT600D02",75.45,75.25,"アブラチャン","DB",NA,NA,0,NA,NA,NA,2,NA,NA,NA,0,0,0,0
3536,3536,"ALT600D02",78,77.1,"イヌガシ","EB",NA,NA,0,NA,NA,NA,4.5,NA,NA,NA,0,0,0,0
3537,234,"ALT600D02",76.75,73,"アブラチャン","DB",NA,NA,0,NA,NA,NA,2.7,NA,NA,NA,0,0,0,0
3538,234,"ALT600D02",76.75,73,"アブラチャン","DB",NA,NA,0,NA,NA,NA,2.5,NA,NA,NA,0,0,0,0
3539,3539,"ALT600D02",73.75,74.1,"イヌガシ","EB",NA,NA,0,NA,NA,NA,2.2,NA,NA,NA,0,0,0,0
3540,2835,"ALT600D02",70.6,75.6,"アブラチャン","DB",NA,NA,0,NA,NA,NA,2.6,NA,NA,NA,0,0,0,0
3541,3541,"ALT600D02",79.85,71.6,"イヌガシ","EB",NA,NA,0,NA,NA,NA,3.4,NA,NA,NA,0,0,0,0
3542,3542,"ALT600D02",75.35,66.1,"イヌガシ","EB",NA,NA,0,NA,NA,NA,3.4,NA,NA,NA,0,0,0,0
3543,3543,"ALT600D02",78.95,68.1,"シキミ","EB",NA,NA,0,NA,NA,NA,3.9,NA,NA,NA,0,0,0,0
3544,2633,"ALT600D02",78.35,66.25,"ヤブニッケイ","EB",NA,NA,0,NA,NA,NA,4,NA,NA,NA,0,0,0,0
3545,3545,"ALT600D02",77.5,61.9,"ヒサカキ","EB",NA,NA,0,NA,NA,NA,3.7,NA,NA,NA,0,0,0,0
3546,3546,"ALT600D02",75.85,63.2,"イヌガシ","EB",NA,NA,0,NA,NA,NA,4.2,NA,NA,NA,0,0,0,0
3547,3547,"ALT600D02",74.3,63.6,"イヌガシ","EB",NA,NA,0,NA,NA,NA,2.4,NA,NA,NA,3.95554164016357,3.95554164016357,0,0
3548,3548,"ALT600D02",73.85,64.3,"イヌガシ","EB",NA,NA,0,NA,NA,NA,4.3,NA,NA,NA,1.6767677250031,0.67070709000124,0,0
3549,3548,"ALT600D02",73.85,64.3,"イヌガシ","EB",NA,NA,0,NA,NA,NA,3.6,NA,NA,NA,2.2364665813583,0.801122357501482,0,0
3550,3550,"ALT600D02",70.95,62.35,"アカガシ","EB",NA,NA,0,NA,NA,NA,2.7,NA,NA,NA,11.1875467743111,11.1875467743111,0,0
3551,3551,"ALT600D02",70.1,62.75,"イヌガシ","EB",NA,NA,0,NA,NA,NA,3.2,NA,NA,NA,0.898165623508333,0.898165623508333,0,0
3552,3552,"ALT600D02",72.2,64.5,"イヌガシ","EB",NA,NA,0,NA,NA,NA,3.5,NA,NA,NA,0,0,0,0
3553,3553,"ALT600D03",79.45,58.85,"ヤブニッケイ","EB",NA,NA,0,NA,NA,NA,2.2,NA,NA,NA,0,0,0,0
3589,194,"ALT600E01",84.7,86.25,"イヌガシ","EB",NA,NA,0,NA,NA,NA,3.2,NA,NA,NA,0,0,0,0
3590,3590,"ALT600E01",86.9,88.9,"カマツカ","DB",NA,NA,0,NA,NA,NA,4,NA,NA,NA,0,0,0,0
3591,3591,"ALT600E01",89.05,80.2,"イヌガシ","EB",NA,NA,0,NA,NA,NA,2.1,NA,NA,NA,0,0,0,0
3592,2641,"ALT600E01",80.85,85.45,"アブラチャン","DB",NA,NA,0,NA,NA,NA,4,NA,NA,NA,0,0,0,0
3593,2641,"ALT600E01",80.85,85.45,"アブラチャン","DB",NA,NA,0,NA,NA,NA,2.7,NA,NA,NA,0,0,0,0
3594,3594,"ALT600E02",86.45,75.55,"イヌガシ","EB",NA,NA,0,NA,NA,NA,3.9,NA,NA,NA,3.59106128502458,3.59106128502458,0,0
3595,3595,"ALT600E02",86.4,75.15,"イヌガシ","EB",NA,NA,0,NA,NA,NA,3.4,NA,NA,NA,5.27085898505703,5.27085898505703,0,0
3596,3596,"ALT600E02",86.8,75.05,"イヌガシ","EB",NA,NA,0,NA,NA,NA,3.4,NA,NA,NA,4.30477065626,4.30477065626,0,0
3597,3597,"ALT600E02",89.35,75.65,"オオモミジ","DB",NA,NA,0,NA,NA,NA,2.7,NA,NA,NA,4.57964299839398,4.57964299839398,0,0
3598,3598,"ALT600E02",88.55,73.7,"イヌガシ","EB",NA,NA,0,NA,NA,NA,2.8,NA,NA,NA,0,0,0,0
3599,186,"ALT600E02",85,71.35,"アカガシ","EB",NA,NA,0,NA,NA,NA,2.2,NA,NA,NA,47.0031650068493,0,41.1744736387503,0
3600,2842,"ALT600E02",86.05,73.35,"ヤブニッケイ","EB",NA,NA,0,NA,NA,NA,3.6,NA,NA,NA,11.5862014879286,9.12021667834829,0,0
3601,189,"ALT600E02",80.85,73.25,"アブラチャン","DB",NA,NA,0,NA,NA,NA,2.7,NA,NA,NA,0,0,0,0
3602,189,"ALT600E02",80.85,73.25,"アブラチャン","DB",NA,NA,0,NA,NA,NA,2.7,NA,NA,NA,0,0,0,0
3603,189,"ALT600E02",80.85,73.25,"アブラチャン","DB",NA,NA,0,NA,NA,NA,2.1,NA,NA,NA,0,0,0,0
3604,189,"ALT600E02",80.85,73.25,"アブラチャン","DB",NA,NA,0,NA,NA,NA,2.9,NA,NA,NA,0,0,0,0
3605,3605,"ALT600E02",87.2,66.85,"イヌガシ","EB",NA,NA,0,NA,NA,NA,2.5,NA,NA,NA,1.7431510742491,1.7431510742491,0,0
3606,3606,"ALT600E02",87.65,66.05,"シキミ","EB",NA,NA,0,NA,NA,NA,4,NA,NA,NA,4.48475567225285,4.48475567225285,0,0
3607,3607,"ALT600E02",88.65,63.1,"イヌガシ","EB",NA,NA,0,NA,NA,NA,4.1,NA,NA,NA,0,0,0,0
3608,3608,"ALT600E02",87.1,62.75,"アカガシ","EB",NA,NA,0,NA,NA,NA,2,NA,NA,NA,1.83412104289767,1.83412104289767,0,0
3609,3609,"ALT600E02",86.45,63.2,"イヌガシ","EB",NA,NA,0,NA,NA,NA,2.9,NA,NA,NA,0.87235245797749,0.87235245797749,0,0
3610,3610,"ALT600E02",85.4,60.65,"イヌガシ","EB",NA,NA,0,NA,NA,NA,3.2,NA,NA,NA,0,0,0,0
3611,3611,"ALT600E02",85.65,62.1,"イヌガシ","EB",NA,NA,0,NA,NA,NA,3.6,NA,NA,NA,0,0,0,0
3612,3612,"ALT600E02",83.8,60.4,"イヌガシ","EB",NA,NA,0,NA,NA,NA,4.3,NA,NA,NA,3.16949378985133,3.16949378985133,0,0
3613,3613,"ALT600E02",82.55,61.15,"イヌガシ","EB",NA,NA,0,NA,NA,NA,3.7,NA,NA,NA,19.1463425370447,19.1463425370447,0,0
3614,169,"ALT600E02",81.65,61.5,"イヌガシ","EB",NA,NA,0,NA,NA,NA,3.1,NA,NA,NA,9.19066670106844,7.20829073036626,0,0
3615,3615,"ALT600E02",80.95,60.4,"イヌガシ","EB",NA,NA,0,NA,NA,NA,2.9,NA,NA,NA,2.18054559895435,2.18054559895435,0,0
3616,3616,"ALT600E03",89.7,59.9,"イヌガシ","EB",NA,NA,0,NA,NA,NA,4.3,NA,NA,NA,0,0,0,0
3617,3617,"ALT600E03",86.5,59.6,"イヌガシ","EB",NA,NA,0,NA,NA,NA,3.2,NA,NA,NA,1.97551671326863,1.97551671326863,0,0
3619,3619,"ALT600E03",85.25,58.8,"イヌガシ","EB",NA,NA,0,NA,NA,NA,2,NA,NA,NA,1.66251598213759,1.66251598213759,0,0
3620,3620,"ALT600E03",86,59.45,"イヌガシ","EB",NA,NA,0,NA,NA,NA,3.3,NA,NA,NA,2.46826033722875,2.46826033722875,0,0
3627,3627,"ALT600E03",83.1,54.85,"イヌガシ","EB",NA,NA,0,NA,NA,NA,2.1,NA,NA,NA,0,0,0,0
3628,3628,"ALT600E03",81.9,55.05,"イヌガシ","EB",NA,NA,0,NA,NA,NA,4.5,NA,NA,NA,0,0,0,0
3659,3659,"ALT600E01",95.15,95.35,"アブラチャン","DB",NA,NA,0,NA,NA,NA,4.6,NA,NA,NA,0,0,0,0
3662,3662,"ALT600E01",96.45,85.25,"イヌガシ","EB",NA,NA,0,NA,NA,NA,3,NA,NA,NA,0,0,0,0
3663,3662,"ALT600E01",96.45,85.25,"イヌガシ","EB",NA,NA,0,NA,NA,NA,2.7,NA,NA,NA,0,0,0,0
3664,3664,"ALT600E02",96.05,78.7,"イヌガシ","EB",NA,NA,0,NA,NA,NA,4.5,NA,NA,NA,0,0,0,0
3665,3664,"ALT600E02",96.05,78.7,"イヌガシ","EB",NA,NA,0,NA,NA,NA,2.5,NA,NA,NA,0,0,0,0
3666,3666,"ALT600E02",97.55,70.15,"イヌガシ","EB",NA,NA,0,NA,NA,NA,2.3,NA,NA,NA,0,0,0,0
3667,3667,"ALT600E02",94.75,70.4,"カジカエデ","DB",NA,NA,0,NA,NA,NA,2,NA,NA,NA,0,0,0,0
3668,3668,"ALT600E02",92.55,70.65,"アブラチャン","DB",NA,NA,0,NA,NA,NA,2.8,NA,NA,NA,0,0,0,0
3669,3669,"ALT600E02",91.4,72.25,"イヌガシ","EB",NA,NA,0,NA,NA,NA,3.1,NA,NA,NA,0,0,0,0
3670,3669,"ALT600E02",91.4,72.25,"イヌガシ","EB",NA,NA,0,NA,NA,NA,2.8,NA,NA,NA,0,0,0,0
3671,3669,"ALT600E02",91.4,72.25,"イヌガシ","EB",NA,NA,0,NA,NA,NA,2.5,NA,NA,NA,0,0,0,0
3672,3669,"ALT600E02",91.4,72.25,"イヌガシ","EB",NA,NA,0,NA,NA,NA,2,NA,NA,NA,0,0,0,0
3673,3673,"ALT600E02",93.15,72.9,"アカガシ","EB",NA,NA,0,NA,NA,NA,2.3,NA,NA,NA,0,0,0,0
3674,3674,"ALT600E02",90.95,63.25,"イヌガシ","EB",NA,NA,0,NA,NA,NA,2.6,NA,NA,NA,11.3926886455489,0,11.3926886455489,0
3675,3675,"ALT600E02",91.6,68.65,"アカガシ","EB",NA,NA,0,NA,NA,NA,2.2,NA,NA,NA,0,0,0,0
3676,3676,"ALT600E02",90.6,66.55,"アブラチャン","DB",NA,NA,0,NA,NA,NA,3.6,NA,NA,NA,0,0,0,0
3677,3676,"ALT600E02",90.6,66.55,"アブラチャン","DB",NA,NA,0,NA,NA,NA,3.6,NA,NA,NA,0,0,0,0
3678,3678,"ALT600E02",92.55,61.45,"ヒサカキ","EB",NA,NA,0,NA,NA,NA,3.3,NA,NA,NA,0,0,0,0
3679,3678,"ALT600E02",92.55,61.45,"ヒサカキ","EB",NA,NA,0,NA,NA,NA,2.2,NA,NA,NA,0,0,0,0
3680,2652,"ALT600E02",97.45,60.3,"イヌガシ","EB",NA,NA,0,NA,NA,NA,2.2,NA,NA,NA,0,0,0,0
3681,2652,"ALT600E02",97.45,60.3,"イヌガシ","EB",NA,NA,0,NA,NA,NA,2.1,NA,NA,NA,0,0,0,0
3682,19,"ALT600E02",96.45,64,"ウラジロガシ","EB",NA,NA,0,NA,NA,NA,2.8,NA,NA,NA,0,0,0,0
3683,2203,"ALT600E02",96.05,69,"アカガシ","EB",NA,NA,0,NA,NA,NA,3.9,NA,NA,NA,0,0,0,0
3684,2203,"ALT600E02",96.05,69,"アカガシ","EB",NA,NA,0,NA,NA,NA,3.3,NA,NA,NA,0,0,0,0
3685,2203,"ALT600E02",96.05,69,"アカガシ","EB",NA,NA,0,NA,NA,NA,2,NA,NA,NA,0,0,0,0
3686,3686,"ALT600E02",98.95,69.3,"イヌガシ","EB",NA,NA,0,NA,NA,NA,2.3,NA,NA,NA,0,0,0,0
3687,32,"ALT600E03",90.15,56.85,"イヌガシ","EB",NA,NA,0,NA,NA,NA,2.9,NA,NA,NA,0,0,0,0
3688,32,"ALT600E03",90.15,56.85,"イヌガシ","EB",NA,NA,0,NA,NA,NA,2.8,NA,NA,NA,0,0,0,0
3689,3689,"ALT600E03",92.25,57.55,"イヌガシ","EB",NA,NA,0,NA,NA,NA,2.1,NA,NA,NA,0,0,0,0
3690,2944,"ALT600E03",94.45,56.85,"イヌガシ","EB",NA,NA,0,NA,NA,NA,4,NA,NA,NA,0,0,0,0
3691,2944,"ALT600E03",94.45,56.85,"イヌガシ","EB",NA,NA,0,NA,NA,NA,3,NA,NA,NA,0,0,0,0
3692,2944,"ALT600E03",94.45,56.85,"イヌガシ","EB",NA,NA,0,NA,NA,NA,2.3,NA,NA,NA,0,0,0,0
3693,2945,"ALT600E03",95.45,56.9,"イヌガシ","EB",NA,NA,0,NA,NA,NA,2.3,NA,NA,NA,0,0,0,0
3694,3694,"ALT600E03",96.85,56,"イヌガシ","EB",NA,NA,0,NA,NA,NA,3,NA,NA,NA,0,0,0,0
3695,3694,"ALT600E03",96.85,56,"イヌガシ","EB",NA,NA,0,NA,NA,NA,2.2,NA,NA,NA,0,0,0,0
3696,2946,"ALT600E03",97.5,57.95,"イヌガシ","EB",NA,NA,0,NA,NA,NA,2.2,NA,NA,NA,0,0,0,0
3697,28,"ALT600E03",98.95,56.5,"ヤブニッケイ","EB",NA,NA,0,NA,NA,NA,2.2,NA,NA,NA,79.3129238022265,75.3824057607765,0,0
3698,28,"ALT600E03",98.95,56.5,"ヤブニッケイ","EB",NA,NA,0,NA,NA,NA,2.7,NA,NA,NA,64.2900277423975,61.4227009902623,0,0
3699,27,"ALT600E03",99.5,56.45,"アカガシ","EB",NA,NA,0,NA,NA,NA,3.2,NA,NA,NA,55.233388656941,53.7055979424735,0,0
3700,3700,"ALT600E03",96.7,50.8,"イヌガシ","EB",NA,NA,0,NA,NA,NA,2.4,NA,NA,NA,0,0,0,0
3701,3700,"ALT600E03",96.7,50.8,"イヌガシ","EB",NA,NA,0,NA,NA,NA,2.2,NA,NA,NA,0,0,0,0
3702,3700,"ALT600E03",96.7,50.8,"イヌガシ","EB",NA,NA,0,NA,NA,NA,2,NA,NA,NA,0,0,0,0
3703,2850,"ALT600E03",93.35,51.85,"イヌガシ","EB",NA,NA,0,NA,NA,NA,2.9,NA,NA,NA,6.79231572537675,3.85131304016208,0,0
3704,3704,"ALT600E03",92.9,51.65,"シキミ","EB",NA,NA,0,NA,NA,NA,4.2,NA,NA,NA,4.06138466053455,4.06138466053455,0,0
3705,3705,"ALT600E03",94.15,53.5,"イヌガシ","EB",NA,NA,0,NA,NA,NA,4.1,NA,NA,NA,9.36504659363479,6.61373347008107,0,0
3706,3705,"ALT600E03",94.15,53.5,"イヌガシ","EB",NA,NA,0,NA,NA,NA,2.8,NA,NA,NA,14.7202810662662,9.684395438333,0,0
3707,3705,"ALT600E03",94.15,53.5,"イヌガシ","EB",NA,NA,0,NA,NA,NA,2.4,NA,NA,NA,17.5352120070083,11.2984613447218,0,0
3708,3708,"ALT600E03",92.45,54.35,"アカガシ","EB",NA,NA,0,NA,NA,NA,4,NA,NA,NA,6.2909832767409,6.2909832767409,0,0
3709,3709,"ALT600E03",90.65,52.85,"イヌガシ","EB",NA,NA,0,NA,NA,NA,2.3,NA,NA,NA,0,0,0,0
3710,2849,"ALT600E03",91.45,54.5,"イヌガシ","EB",NA,NA,0,NA,NA,NA,2.4,NA,NA,NA,9.01249133147994,6.11373680965891,0,0
1051,1051,"ALT600A01",7.15,90.5,"シキミ","EB",0,0,0,7.4,7.9,8.3,8.8,0.911956427758088,1.30765518525703,2.1577792402237,0,0,0,0
1052,1052,"ALT600A01",6.5,91.55,"ヒメシャラ","DB",0,0,0,13.4,13.9,14.4,15.2,0.663372215238763,0.732682663595608,1.78813175431169,0,0,0,0
1053,1053,"ALT600A01",5.5,91.75,"ケヤキ","DB",0,0,0,40,40.4,40.6,40.7,0.091308622813753,0.199006617063362,0.147966149628899,0,0,0,0
1055,1055,"ALT600A01",5.1,94.65,"タンナサワフタギ","DB",0,0,0,5.9,5.9,6,7.2,1.04804565847545,0,3.98257350220671,0,0,0,0
1040,1040,"ALT600A01",9.6,83.15,"イヌガシ","EB",0,0,0,7.3,8.5,8.8,8.9,1.04303646623026,3.04383630683851,0.919702264836469,0,0,0,0
1041,1041,"ALT600A01",4.8,81.85,"アカガシ","EB",0,0,0,9.9,12.1,13,13.4,1.59326289377011,4.01341390924302,2.04098508708341,0,0,0,0
1042,1042,"ALT600A01",3.85,80.75,"イヌガシ","EB",0,0,0,9.2,10.9,12,12.9,1.77907277532964,3.39118610360207,3.36929044265057,0,0,0,0
1043,1043,"ALT600A01",0.7,82.65,"アカガシ","EB",0,0,0,13.3,15.8,16.7,17.2,1.35339657153526,3.44491809610426,1.69798887572972,0,0,0,0
1044,1044,"ALT600A01",0.5,85,"イヌガシ","EB",0,0,0,6,7.4,8.5,9.3,2.30660489963766,4.19441061964138,4.57068799898172,0.674602915775473,0.674602915775473,0,0
1046,1046,"ALT600A01",3.25,88.5,"カジカエデ","DB",0,0,0,25.3,25.8,26.5,28.1,0.552448318980134,0.391401923881946,1.70790168824257,0,0,0,0
1047,1047,"ALT600A01",5.55,86.75,"ケヤキ","DB",0,0,0,67.6,69.5,70.2,71.7,0.309909287140297,0.554375390436562,0.623279900696566,0,0,0,0
1049,1049,"ALT600A01",6.45,85.4,"イヌガシ","EB",0,0,0,11.3,12.6,13.1,13.5,0.936247156453099,2.17788176478275,1.37985742973903,0,0,0,0
1050,1050,"ALT600A01",7.55,85.6,"オオモミジ","DB",0,0,0,12.5,13.3,14,14.9,0.924381940227147,1.24070781838905,2.27194355447411,0,0,0,0
2686,2686,"ALT600A01",0.4,80.9,"イヌガシ","EB",NA,0,0,NA,4.9,6.3,6.2,NA,NA,4.7062817386893,0,0,0,0
2688,2688,"ALT600A02",0.15,78.1,"イヌガシ","EB",NA,0,0,NA,5.3,5.8,7,NA,NA,5.56406656994475,0.626294577622372,0.626294577622372,0,0
2689,2689,"ALT600A02",1,79.3,"イヌガシ","EB",NA,0,0,NA,5,5.8,6,NA,NA,3.64643113587909,0,0,0,0
2794,2794,"ALT600A01",8.3,87.9,"イヌガシ","EB",NA,NA,0,NA,NA,5.3,5.5,NA,NA,NA,0,0,0,0
2795,2795,"ALT600A01",4.45,86.8,"アカガシ","EB",NA,NA,0,NA,NA,5.2,5.7,NA,NA,NA,0,0,0,0
1080,1080,"ALT600A01",9.85,84.35,"イヌガシ","EB",0,0,0,5,6.4,7.3,7.7,2.27253903381862,4.93720155863052,3.69844676988024,0,0,0,0
1029,1029,"ALT600A02",6.65,70.4,"アカガシ","EB",0,0,0,11,14.1,14.7,15,1.63239435949389,4.96559049171504,1.23750807436175,0.315352998736582,0.315352998736582,0,0
1030,1030,"ALT600A02",3.8,72.95,"イヌシデ","DB",0,0,0,38.2,39.3,39.8,40.2,0.26858673690761,0.567780065253718,0.452849534995199,0.314282071789266,0.314282071789266,0,0
1032,1032,"ALT600A02",4.25,74.5,"アカガシ","EB",0,0,0,8.4,9.7,10.3,10.7,1.27374755588733,2.87788359320138,1.96235711917047,0.289719626168225,0.289719626168225,0,0
1034,1034,"ALT600A02",4,75.95,"イヌガヤ","EC",0,0,0,6.8,6.8,6.7,6.8,0,0,0,0.425944445855512,0.425944445855512,0,0
1035,1035,"ALT600A02",1.8,72.15,"イヌガシ","EB",0,0,0,6.2,8.6,9.6,10.1,2.56834806208509,6.54425822416832,3.21546441175504,1.56314528474257,1.56314528474257,0,0
1037,1037,"ALT600A02",1.2,74.1,"イヌガシ","EB",0,0,0,6.4,8.2,9.1,9.5,2.0789147802151,4.95672327809162,2.94315288672576,0.856679686912265,0.856679686912265,0,0
1038,1038,"ALT600A02",2.45,77.8,"イヌガシ","EB",0,0,0,5.6,6.7,7.5,8,1.87723654704596,3.58681857311634,3.54668030565831,0,0,0,0
1039,1039,"ALT600A02",4.15,78.85,"アカガシ","EB",0,0,0,32,38,41.8,43.8,1.65209428727723,3.43700513853319,2.84095315312029,0.189626238894364,0.189626238894364,0,0
2361,2361,"ALT600A02",4.75,71.05,"イヌガシ","EB",NA,0,0,NA,5.3,5.6,6.2,NA,NA,3.13684942985939,0,0,0,0
2576,2576,"ALT600A02",1.25,76.95,"イヌガシ","EB",NA,0,0,NA,4.9,5.7,6.2,NA,NA,4.7062817386893,0,0,0,0
2796,2796,"ALT600A02",1.8,74.05,"イヌガシ","EB",NA,NA,0,NA,NA,4.8,4.9,NA,NA,NA,3.22013085147155,3.22013085147155,0,0
1018,1018,"ALT600A02",8.8,69.45,"ヤブニッケイ","EB",0,0,0,11.9,13.9,14.8,15.8,1.49195547323914,3.10700880038325,2.5624219979255,0,0,0,0
1019,1019,"ALT600A02",9.4,67.65,"オオモミジ","DB",0,0,0,51.2,54.8,56.9,58.6,0.710500865986867,1.35901323817015,1.34089005257994,1.34526294830284,1.34526294830284,0,0
1020,1020,"ALT600A02",9.05,68.05,"イヌガシ","EB",0,0,0,16.3,22,24.9,26.5,2.55778750094453,5.99754691091198,3.72204559267721,5.25383730267072,0,4.16047116130411,0
1021,1020,"ALT600A02",9.05,68.05,"イヌガシ","EB",0,0,0,13.8,15,15.3,15.4,0.577362722402234,1.66763217878102,0.526346166347467,10.3967981687591,0,7.15925232302331,0
1022,1022,"ALT600A02",5.35,63.45,"イヌガシ","EB",0,0,0,16.3,18.7,19.9,20.4,1.18089364756555,2.74716832095648,1.74022753979259,0,0,0,0
1023,1023,"ALT600A02",5.25,61.55,"イヌガシ","EB",0,0,0,15.4,19.2,20.7,21.4,1.73170217162222,4.41085539228305,2.1696128598814,0,0,0,0
1025,1025,"ALT600A02",1.5,64.95,"アカガシ","EB",0,0,0,26.2,31.2,34.1,35.7,1.62837514746601,3.49317368096771,2.69465187940314,1.90391276438279,0,1.90391276438279,0
1026,1026,"ALT600A02",1.45,65.65,"ケヤキ","DB",0,0,0,44.7,46.2,47,47.7,0.341883664604065,0.660125929363402,0.639031996132049,1.15289300000697,1.15289300000697,0,0
1027,1027,"ALT600A02",3.8,68.9,"ウラジロガシ","EB",0,0,0,11,14,14.9,15.7,1.87244968187311,4.82324113633776,2.29206765478008,0.29298797885348,0.29298797885348,0,0
2797,2797,"ALT600A02",7.75,64.15,"イヌガシ","EB",NA,NA,0,NA,NA,5,5.3,NA,NA,NA,0,0,0,0
1008,1008,"ALT600A03",9.7,53.8,"アカガシ","EB",0,0,0,6.9,7.1,7.8,8.5,1.09760395733188,0.571467448881119,3.59942758898002,1.47450980392157,1.47450980392157,0,0
1009,1010,"ALT600A03",8.95,53.8,"アカガシ","EB",0,0,0,7.4,8.8,9.3,9.4,1.25910362666228,3.46543442548074,1.31915935583595,4.25970400071943,4.25970400071943,0,0
1011,1011,"ALT600A03",8.3,53.75,"イヌガシ","EB",0,0,0,6.4,7.8,9.8,10.7,2.70497763738018,3.9565148665984,6.32240015544629,2.34741692193882,1.70802690369439,0,0
1012,1012,"ALT600A03",5.95,53.35,"イヌガシ","EB",0,0,0,6.2,7.2,8.4,9.1,2.01960590248294,2.99063467941928,4.68386775001589,0,0,0,0
1014,1014,"ALT600A03",5.9,51.15,"イヌガシ","EB",0,0,0,8.4,8.7,10.7,12,1.87723654704596,0.7018263962254,6.43167248254925,0,0,0,0
1016,1016,"ALT600A03",5.85,55.45,"アカガシ","EB",0,0,0,18.6,22.9,26.8,29.7,2.46308139520789,4.15950659682076,5.2002027049692,1.05978892657044,1.05978892657044,0,0
1017,1017,"ALT600A03",6.3,55.25,"イヌガシ","EB",0,0,0,10.4,12.4,14.1,15.5,2.10018009356776,3.51781332927328,4.4628710262842,3.89106852960883,3.89106852960883,0,0
2798,2798,"ALT600A03",4.1,57.65,"イヌガシ","EB",NA,NA,0,NA,NA,5.5,5.9,NA,NA,NA,0,0,0,0
2799,2798,"ALT600A03",4.1,57.65,"イヌガシ","EB",NA,NA,0,NA,NA,5,5.5,NA,NA,NA,0,0,0,0
2800,1014,"ALT600A03",5.9,51.15,"イヌガシ","EB",NA,NA,0,NA,NA,7.5,7.8,NA,NA,NA,0,0,0,0
861,861,"ALT600A01",17.9,92.95,"イヌガシ","EB",0,0,0,29.7,32.6,34.8,35.7,0.968440226194419,1.86330485128016,1.81676800825863,0,0,0,0
866,866,"ALT600A01",11.35,92.1,"イヌガヤ","EC",0,0,0,14.3,15,15.4,16,0.59120623670484,0.95581327672697,1.29077042275142,0,0,0,0
867,867,"ALT600A01",13.3,91.8,"オオモミジ","DB",0,0,0,34.5,35.5,36.2,37.1,0.382408660926712,0.571467448881119,0.881685462640386,0,0,0,0
868,868,"ALT600A01",14.4,90.55,"アカガシ","EB",0,0,0,14.2,15.7,16,16.9,0.916166617483225,2.00837495494095,1.47305819149531,0,0,0,0
870,870,"ALT600A01",18.65,87.85,"イヌガシ","EB",0,0,0,14.7,15,15.6,16,0.446006465553109,0.404054146350389,1.29077042275142,0,0,0,0
871,871,"ALT600A01",16.55,87.55,"イヌガシ","EB",0,0,0,29.9,31.5,32.5,33.5,0.598352412812527,1.04258130869893,1.23115785998867,0,0,0,0
873,873,"ALT600A01",13.35,84.35,"イヌガシ","EB",0,0,0,10.4,12.4,14.3,15.7,2.16765740108913,3.51781332927328,4.71928479486542,0,0,0,0
874,874,"ALT600A02",15.6,70.2,"アカガシ","EB",0,0,0,15,15.7,15.7,16.5,0.501632525285921,0.912210225041045,0.993993371045451,0.532940721182762,0.532940721182762,0,0
875,875,"ALT600A02",16.55,70.1,"イヌガシ","EB",0,0,0,7.4,7.7,8.1,8.4,0.66711424020602,0.794806572990282,1.74022753979259,2.05630826731869,2.05630826731869,0,0
876,876,"ALT600A02",16.2,72.65,"イヌガシ","EB",0,0,0,12.4,13.1,13.6,14.4,0.787009126162968,1.09831515192229,1.89231952749698,0,0,0,0
877,877,"ALT600A02",17.95,73.7,"イヌガシ","EB",0,0,0,16,17.1,17.9,18.4,0.735589170395572,1.32979482537666,1.46544402212651,0,0,0,0
878,878,"ALT600A02",17.55,76.7,"イヌガシ","EB",0,0,0,10.6,11.4,12.4,13,1.0741860860185,1.45518708564857,2.62672004122174,0,0,0,0
879,879,"ALT600A02",10.5,77.9,"イヌガシ","EB",0,0,0,20.2,21.9,23.3,23.9,0.885241339633189,1.61608064830592,1.7478364423002,4.02007353996808,0.262047940427772,3.00732861148273,0
880,880,"ALT600A02",10.75,77.45,"ヒメシャラ","DB",0,0,0,36.5,36.9,36.9,37,0.0716086950304141,0.217985809160713,0.0541272319548613,1.84806823540408,1.84806823540408,0,0
882,882,"ALT600A02",15.4,74.7,"アカガシ","EB",0,0,0,75,78.2,79.7,81.8,0.456784895117847,0.835630680299098,0.900151921148718,0,0,0,0
884,884,"ALT600A02",14.3,73.75,"ヒメシャラ","DB",0,0,0,25.5,25.4,25.5,25.6,0.0205994701112438,-0.0785855627977932,0.156863549220522,0,0,0,0
885,885,"ALT600A02",10.55,71.2,"イヌガシ","EB",0,0,0,15.2,16.6,17.7,18.5,1.03408054858973,1.76214535020534,2.16736073443563,0,0,0,0
887,887,"ALT600A02",13.25,70.7,"ヤブニッケイ","EB",0,0,0,5.5,6,6.1,6.4,0.797631042774743,1.74022753979259,1.29077042275142,0,0,0,0
2165,885,"ALT600A02",10.55,71.2,"イヌガシ","EB",0,0,0,4.8,4.9,4.9,4.9,0.108522564224925,0.412385744054716,0,0,0,0,0
2579,2579,"ALT600A02",13.15,78.65,"イヌガシ","EB",NA,0,0,NA,5,5.8,6.2,NA,NA,4.30222759233891,0.775422538420023,0.775422538420023,0,0
888,888,"ALT600A02",19.7,61.95,"アカガシ","EB",0,0,0,60.2,64.6,66.7,68.6,0.687474644300337,1.41084116947561,1.20156247886567,0,0,0,0
889,889,"ALT600A02",17.8,62.6,"イヌガシ","EB",0,0,0,9.9,11.4,12.1,13.1,1.47409196350822,2.82157196519811,2.77997749613312,0.990508086980444,0.990508086980444,0,0
890,890,"ALT600A02",18.6,62.8,"イヌガシ","EB",0,0,0,8.7,9.5,10,10.7,1.08905639898591,1.75937545891914,2.37903885722731,1.48468069531587,1.48468069531587,0,0
891,891,"ALT600A02",19.8,68.15,"イヌガシ","EB",0,0,0,15.7,16.7,16.9,17.5,0.571264045132663,1.23496014136894,0.935843230135182,0,0,0,0
892,892,"ALT600A02",17.3,67.95,"イヌガシ","EB",0,0,0,7,7.1,7.3,7.6,0.432832095984063,0.283692699839128,1.36106926490031,0,0,0,0
893,892,"ALT600A02",17.3,67.95,"イヌガシ","EB",0,0,0,6.6,6.7,6.7,6.8,0.157120858682532,0.30075754729081,0.296301715702814,0,0,0,0
894,894,"ALT600A02",14.3,68.6,"イヌガシ","EB",0,0,0,9.8,10,10.1,10.3,0.261902681889809,0.404054146350389,0.591176044830889,0,0,0,0
895,895,"ALT600A02",15,66.95,"イヌガシ","EB",0,0,0,6.1,6,6.2,6.1,0,-0.330586039024209,0.33058603902421,0,0,0,0
896,896,"ALT600A02",10.3,66.3,"イヌガシ","EB",0,0,0,8,10.6,10.7,11.1,1.72370298230764,5.62824918876371,0.921822144005342,0,0,0,0
897,897,"ALT600A02",14.85,65.25,"イヌガシ","EB",0,0,0,6.4,7,7.2,8,1.174439743759,1.79224317379374,2.67062785249045,12.5203042132207,12.5203042132207,0,0
898,898,"ALT600A02",15.4,66,"アカガシ","EB",0,0,0,36.5,NA,NA,80.7,4.17592797203925,NA,NA,0.184974284425987,0.184974284425987,0,0
901,901,"ALT600A02",15.95,60.5,"イヌガシ","EB",0,0,0,15.9,18.8,20.2,22,1.70907023227437,3.35075521219435,3.14371167044825,0,0,0,0
902,902,"ALT600A02",10.95,60,"イヌガシ","EB",0,0,0,13.7,16,16.5,17.1,1.16675068776071,3.10385778811404,1.32979482537666,0,0,0,0
903,902,"ALT600A02",10.95,60,"イヌガシ","EB",0,0,0,7.4,7.7,7.8,8,0.410323902472167,0.794806572990282,0.764424256403954,0,0,0,0
2166,2166,"ALT600A02",13.3,61.25,"イヌガシ","EB",0,0,0,5.3,6,6.3,6.7,1.2336879254676,2.48105297339958,2.20696114337731,0,0,0,0
2273,2273,"ALT600A02",14.7,65.6,"イヌガシ","EB",NA,0,0,NA,4.9,4.9,5.1,NA,NA,0.80010669227398,23.7460902100092,23.7460902100092,0,0
2274,2274,"ALT600A02",12.1,63.15,"イヌガシ","EB",NA,0,0,NA,5.6,5.7,6.2,NA,NA,2.03565388619885,1.44739002037811,1.44739002037811,0,0
2275,2275,"ALT600A02",12.3,63.95,"イヌガシ","EB",NA,0,0,NA,6.6,6.7,7.4,NA,NA,2.28820702355489,1.01602761839544,1.01602761839544,0,0
2307,902,"ALT600A02",10.95,60,"イヌガシ","EB",NA,0,0,NA,5.8,6.8,8,NA,NA,6.43167248254925,0,0,0,0
2343,2343,"ALT600A02",10.15,63.25,"ヤブニッケイ","EB",NA,0,0,NA,6.8,7.4,8.7,NA,NA,4.92800826956954,0,0,0,0
904,904,"ALT600A03",19.3,51.85,"イヌガシ","EB",0,0,0,13.4,17,19.2,22,2.60940919158658,4.75917274198701,5.156582186042,0.125630551517278,0.125630551517278,0,0
905,905,"ALT600A03",19.15,53.8,"イヌガシ","EB",0,0,0,6.8,7.8,8.7,9.6,1.81494992785121,2.7440224302697,4.15278729556489,0,0,0,0
907,907,"ALT600A03",16.9,59.65,"イヌガシ","EB",0,0,0,5.5,6,6.7,7.5,1.63239435949389,1.74022753979259,4.4628710262842,0,0,0,0
908,908,"ALT600A03",11.45,56.35,"イヌガシ","EB",0,0,0,10.7,12.2,13.1,14.1,1.45226871534875,2.62384420542701,2.89477691289824,0,0,0,0
909,909,"ALT600A03",10.75,51.75,"イロハモミジ","DB",0,0,0,49,49.5,50,51.1,0.22086420578438,0.203047429280358,0.636236552700282,0,0,0,0
910,910,"ALT600A03",13.6,51.15,"イヌガシ","EB",0,0,0,15.5,18,19.9,22.2,1.89080139448965,2.99063467941928,4.19441061964138,0,0,0,0
2167,2167,"ALT600A03",14.6,57.8,"イヌガシ","EB",0,0,0,5.1,6.7,8.1,9.4,3.21825868181936,5.45733973333281,6.77204325758076,0,0,0,0
2690,2690,"ALT600A03",14.25,56.05,"イヌガシ","EB",NA,0,0,NA,4.9,5.8,7.1,NA,NA,7.41719157861377,0.566276857501314,0.566276857501314,0,0
2580,2580,"ALT600A03",15.35,50.25,"イヌガシ","EB",NA,0,0,NA,5.5,5.2,6.9,NA,NA,4.53546638729577,1.60798385675796,1.60798385675796,0,0
858,858,"ALT600B01",28.1,98.45,"イタヤカエデ","DB",0,0,0,16.4,20.6,23.2,25.7,2.36426135300538,4.56019481930766,4.42399832211277,0,0,0,0
853,854,"ALT600B01",24.6,86.1,"ミズキ","DB",0,0,0,21.6,23,20.5,21.8,0.0485087110785476,1.2560180247806,-1.07168492268213,7.1924429112996,0,7.1924429112996,0
854,854,"ALT600B01",24.9,86.55,"オオモミジ","DB",0,0,0,75.1,76.1,75.3,84.8,0.639342021198781,0.264554121951023,2.16494555860435,0.475332715318788,0,0.475332715318788,0
839,839,"ALT600B02",20.25,72.9,"イヌガシ","EB",0,0,0,16.3,18.2,19.3,20,1.07666929337513,2.20512972540066,1.88621358942483,0,0,0,0
841,841,"ALT600B02",23.05,72.3,"シキミ","EB",0,0,0,6.9,7.1,7.2,8.2,0.908488119299966,0.571467448881119,2.88078740445875,1.78639208823437,1.78639208823437,0,0
842,842,"ALT600B02",25.3,73.4,"シキミ","EB",0,0,0,5.4,6,6.7,7.6,1.79868049327398,2.10721031315652,4.72777556128461,0.542763157894729,0.542763157894729,0,0
843,843,"ALT600B02",28.15,71.65,"イヌガシ","EB",0,0,0,16.3,19.3,21.1,22,1.57830181866105,3.37879976196247,2.61874714894952,0,0,0,0
844,844,"ALT600B02",27.2,72.6,"アカガシ","EB",0,0,0,6.8,8,8.6,9,1.47527350081136,3.2503785899555,2.35566071312767,0,0,0,0
2585,2585,"ALT600B02",23.3,75.6,"イヌガシ","EB",NA,0,0,NA,6.3,7,7.8,NA,NA,4.27148200596118,0,0,0,0
2815,2815,"ALT600B02",23.95,68.8,"イヌガシ","EB",NA,NA,0,NA,NA,5.8,6.5,NA,NA,NA,0,0,0,0
833,833,"ALT600B02",20.4,63.85,"イヌガシ","EB",0,0,0,13.9,16.5,17.6,18.7,1.56123517749418,3.42943081539778,2.50326285908012,0,0,0,0
834,834,"ALT600B02",24,63.2,"イヌガシ","EB",0,0,0,9.7,11.3,12.4,14.1,1.9686784835515,3.05353680417916,4.42744143331655,1.53427713849532,1.53427713849532,0,0
835,835,"ALT600B02",29.05,64.2,"イヌガシ","EB",0,0,0,18.8,21.1,22.2,24.5,1.39376972481462,2.30832341292235,2.98800154137321,0,0,0,0
837,837,"ALT600B02",29.55,66.55,"アカガシ","EB",0,0,0,9.4,11.1,11.1,35,6.91914932743924,3.3247083808466,22.9680590634225,0,0,0,0
838,838,"ALT600B02",21.25,67.15,"アカガシ","EB",0,0,0,24.2,25.7,26.6,28,0.76764145796086,1.20276717477067,1.7142703654806,0,0,0,0
2586,2586,"ALT600B02",22.5,68.45,"イヌガシ","EB",NA,0,0,NA,5.5,5.9,6.3,NA,NA,2.71603082318124,0,0,0,0
819,819,"ALT600B03",21.75,50,"イヌガシ","EB",0,0,0,11.5,12.7,13.3,14,1.03531733813713,1.98509916190682,1.94910672301426,0.470881099542496,0.470881099542496,0,0
820,820,"ALT600B03",26.25,52.55,"イヌガシ","EB",0,0,0,20.2,23.6,25.5,27.3,1.58528472517766,3.11128215248811,2.91279980318699,0,0,0,0
822,822,"ALT600B03",29.35,51.75,"アカガシ","EB",0,0,0,89.8,93.3,94.3,95.7,0.334912227109236,0.764702650902884,0.507963812112208,0,0,0,0
823,823,"ALT600B03",29.55,58.3,"ヒメシャラ","DB",0,0,0,36.1,37.4,38.3,39.3,0.447008702823053,0.707556781633018,0.991076289094586,0,0,0,0
824,825,"ALT600B03",27.55,58.6,"イヌガシ","EB",0,0,0,10.5,12.4,13.2,14.1,1.55157652747708,3.32642430895027,2.56956649546263,0,0,0,0
825,825,"ALT600B03",27.55,58.6,"イヌガシ","EB",0,0,0,18.2,20.3,21.4,22,0.998004522502981,2.18398583929984,1.60843134621148,0,0,0,0
826,826,"ALT600B03",26.65,57.8,"アカガシ","EB",0,0,0,26.4,29.1,31.2,32.9,1.15846656641608,1.94748328050353,2.45468967187759,0,0,0,0
827,828,"ALT600B03",21.85,57.7,"イヌガシ","EB",0,0,0,9.6,10.4,10.8,10.9,0.668419425059513,1.60085415347073,0.939139661755422,0,0,0,0
828,828,"ALT600B03",21.85,57.7,"イヌガシ","EB",0,0,0,17,20.3,22.4,24.5,1.92347249207613,3.54815083983051,3.76104463005879,0,0,0,0
2587,2587,"ALT600B03",24.1,60,"アカガシ","EB",NA,0,0,NA,4.9,5.3,5.9,NA,NA,3.71434291590186,0,0,0,0
2816,820,"ALT600B03",26.25,52.55,"イヌガシ","EB",NA,NA,0,NA,NA,4.8,5.3,NA,NA,NA,0,0,0,0
631,632,"ALT600B01",37.3,98.6,"ケヤキ","DB",0,0,0,14.2,15.2,15.7,16.7,0.853509235871023,1.36106926490031,1.88226583140957,0,0,0,0
632,632,"ALT600B01",37.3,98.6,"ケヤキ","DB",0,0,0,37.2,47.8,53,56,2.15285752345289,5.01433756436619,3.16652102475478,0,0,0,0
637,637,"ALT600B01",39.5,80.4,"ケヤキ","DB",0,0,0,54.2,60.2,60.2,62.6,0.758338787686591,2.0998288773835,0.781858515825551,0,0,0,0
640,640,"ALT600B01",31.45,87.75,"アカガシ","EB",0,0,0,26.3,31.2,33.7,35.9,1.63772819110797,3.41698311263435,2.80638401357593,0,0,0,0
641,641,"ALT600B02",36.45,72.95,"イヌシデ","DB",0,0,0,46,48,48.9,49.4,0.375310672130431,0.851192288375918,0.574988265719716,0,0,0,0
642,642,"ALT600B02",36.85,76.25,"シラキ","DB",0,0,0,14.1,14.3,14.4,14.4,0.110807416830697,0.28169479763478,0.139373386321864,0,0,0,0
643,643,"ALT600B02",34.05,76.75,"アカガシ","EB",0,0,0,5.9,7.5,7.9,7.9,1.53637057137527,4.79901339261182,1.03919477861422,0,0,0,0
648,648,"ALT600B02",30.15,71.65,"アカガシ","EB",0,0,0,5.4,8.4,10.1,11.2,3.83955170910958,8.83665504558079,5.75364144903562,1.46812544741433,0,1.46812544741433,0
650,650,"ALT600B02",34.9,70.6,"イヌガシ","EB",0,0,0,5,5.3,5.6,5.7,0.689622433717917,1.16537816247952,1.45518708564857,0,0,0,0
2232,2231,"ALT600B02",37.55,70.9,"ヤブニッケイ","EB",NA,0,0,NA,7.6,9.8,11.5,NA,NA,8.28397576153838,0.61595669206758,0.36297447925411,0,0
2593,2593,"ALT600B02",29.75,72.85,"アブラチャン","DB",NA,0,0,NA,5,5.1,5.2,NA,NA,0.784414263065627,0,0,0,0
2693,2593,"ALT600B02",29.75,72.85,"アブラチャン","DB",NA,0,0,NA,4.9,5.4,6,NA,NA,4.05048528222948,0,0,0,0
651,651,"ALT600B02",37.65,61.1,"ブナ","DB",0,0,0,27.5,30.5,33.6,35.9,1.40290153064057,2.07081357881681,3.26021223761735,0.187753474224009,0.187753474224009,0,0
652,652,"ALT600B02",38,63.7,"イヌガシ","EB",0,0,0,28.6,31.5,32.9,33.6,0.847996574438693,1.93161656011561,1.29077042275142,0,0,0,0
653,652,"ALT600B02",38,63.7,"イヌガシ","EB",0,0,0,11.8,12.9,13.3,13.4,0.669237765711824,1.78255559792015,0.760547911784786,0,0,0,0
654,654,"ALT600B02",37.5,69.1,"イヌガシ","EB",0,0,0,7.7,10.8,13,14.9,3.47442570574619,6.76651610541072,6.43630157642479,0,0,0,0
655,655,"ALT600B02",35.4,69.5,"イヌガシ","EB",0,0,0,7.3,10.4,13.1,14.6,3.64814305557866,7.07862915985963,6.78431445133927,0,0,0,0
656,656,"ALT600B02",34.3,68.1,"ヒサカキ","EB",0,0,0,5.6,7.1,8.2,9,2.49714726102693,4.74656372612332,4.74259586577899,1.32940598066876,1.32940598066876,0,0
657,658,"ALT600B02",32.6,66.6,"イヌガシ","EB",0,0,0,10.2,10.7,10.9,11.1,0.445038884358227,0.957120423552703,0.734027337008559,0,0,0,0
658,658,"ALT600B02",32.6,66.6,"イヌガシ","EB",0,0,0,27.5,30.9,32.5,33.4,1.02299944900068,2.33140358462348,1.5559943215791,0,0,0,0
659,659,"ALT600B02",31.15,67.8,"ブナ","DB",0,0,0,45.1,45.7,46.1,46.3,0.138209024123978,0.264321027830529,0.260873263840584,0,0,0,0
660,660,"ALT600B02",33.3,64,"ブナ","DB",0,0,0,66.6,68.7,70.3,70.5,0.299516485641471,0.620892433639206,0.517270211798388,0,0,0,0
661,661,"ALT600B02",30.3,63.95,"アオハダ","DB",0,0,0,21.1,19.4,21.8,22.1,0.243708252850981,-1.67999948825477,2.6060908490885,0,0,0,0
662,662,"ALT600B02",32.45,61.6,"ブナ","DB",0,0,0,62.4,64.4,66.7,66.8,0.358620027195884,0.630967154698521,0.731788948645839,0,0,0,0
2278,2278,"ALT600B02",34.95,68.15,"アカガシ","EB",NA,0,0,NA,6.1,7.2,7.8,NA,NA,4.91669925032561,1.76991920503238,1.76991920503238,0,0
2594,2594,"ALT600B02",34.8,61.6,"アカガシ","EB",NA,0,0,NA,5.4,6,6.7,NA,NA,4.31417145653383,0,0,0,0
664,664,"ALT600B03",38,53.8,"イヌガシ","EB",0,0,0,11.1,13.3,14.2,15.2,1.65447536596812,3.6163785381884,2.67062785249045,0,0,0,0
665,665,"ALT600B03",38.35,56.15,"イヌガシ","EB",0,0,0,11.5,13.5,14.1,14.9,1.36323251359057,3.20685300150359,1.97343055014059,0,0,0,0
668,668,"ALT600B03",35,58.25,"ウラジロガシ","EB",0,0,0,10.5,11,11.7,12.7,1.00119334895299,0.930400312697858,2.8741344133235,7.02902756746526,0,5.88988497826278,0
669,669,"ALT600B03",34.9,58.85,"ブナ","DB",0,0,0,37.6,41.2,44,45.5,1.00372776611082,1.82868411919264,1.98548139202848,1.29436290101248,1.29436290101248,0,0
670,670,"ALT600B03",34.85,59.6,"イヌガシ","EB",0,0,0,6.7,9.4,10.6,11.8,2.97890528986684,6.77204325758076,4.54779684391322,5.79504600156268,0,5.12985589632494,0
672,672,"ALT600B03",32.5,53.5,"イヌガシ","EB",0,0,0,8.5,11.4,12.9,14.1,2.66372965204133,5.87094383808358,4.25122883967345,0,0,0,0
673,673,"ALT600B03",33.4,52.7,"イヌガシ","EB",0,0,0,5.8,6.7,7.1,7.5,1.35286896310469,2.88499217689093,2.25590988290689,0,0,0,0
674,674,"ALT600B03",39.75,54.75,"イヌガシ","EB",0,0,0,15.4,18,19.4,20.6,1.53117666513659,3.12008496953162,2.69838635798742,0,0,0,0
2346,2346,"ALT600B03",36.7,52.35,"イヌガシ","EB",NA,0,0,NA,5.6,5.9,6.1,NA,NA,1.71044346876324,0,0,0,0
2694,2694,"ALT600B03",38.6,59.5,"イヌガシ","EB",NA,0,0,NA,6,NA,9,NA,NA,8.10930216216329,0,0,0,0
620,621,"ALT600C01",44.9,89.6,"アブラチャン","DB",0,0,0,5.4,6.1,6.7,6.3,0.811319367511885,2.43779635218074,0.64521724436443,0,0,0,0
601,603,"ALT600C02",44.95,69.65,"イヌガシ","EB",0,0,0,6.1,8.8,13.1,15.6,4.94201127934856,7.32925900609791,11.4503838554266,0,0,0,0
606,606,"ALT600C02",44.9,74.5,"イヌガシ","EB",0,0,0,5.4,10.2,13.7,14.6,5.23485565865296,12.7197753343999,7.17267616848131,0.20459945035772,0,0.20459945035772,0
611,609,"ALT600C02",42.65,79.25,"イヌガシ","EB",0,0,0,6.4,8.4,9.6,9.8,2.24254944900474,5.43867430967283,3.08301359654517,0,0,0,0
613,613,"ALT600C02",42.05,76.65,"オオモミジ","DB",0,0,0,10.5,12.5,15.4,16.7,2.44228138031175,3.48706774289555,5.79360150228908,0.24999588948158,0.24999588948158,0,0
2599,2599,"ALT600C02",45.35,73.3,"イヌガシ","EB",NA,0,0,NA,7.1,10.2,12.5,NA,NA,11.3126772052197,2.7552047004127,1.62983940024413,0,0
2600,2599,"ALT600C02",45.35,73.3,"イヌガシ","EB",NA,0,0,NA,5.4,7.3,8.4,NA,NA,8.83665504558079,5.28381183114861,3.60916108685014,0,0
2823,603,"ALT600C02",44.95,69.65,"イヌガシ","EB",NA,NA,0,NA,NA,5.5,5.6,NA,NA,NA,0,0,0,0
583,583,"ALT600C02",49.5,60.3,"オオモミジ","DB",0,0,0,10.4,11.4,12.1,12.8,1.09283876199076,1.83615098506246,2.31663631050243,0,0,0,0
584,584,"ALT600C02",47.1,60.9,"ヒメシャラ","DB",0,0,0,52.8,53.9,54.3,54.8,0.195678964430284,0.412385744054712,0.331194320780367,0.15220298098411,0.15220298098411,0,0
585,585,"ALT600C02",49.5,62.4,"ヒメシャラ","DB",0,0,0,41.1,42.6,43.4,44.4,0.406480778610475,0.716922635462718,0.827704323257086,0,0,0,0
586,586,"ALT600C02",48.4,62.9,"アカガシ","EB",0,0,0,7.6,8.9,10.3,10.3,1.59997709443845,3.15806058891618,2.92185236994992,0.286903853190995,0.286903853190995,0,0
588,588,"ALT600C02",49.45,67.2,"カゴノキ","EB",0,0,0,14.7,19.4,22,23.6,2.49157483287828,5.54851144569183,3.91947291924564,0.365640251952547,0.365640251952547,0,0
591,591,"ALT600C02",43.65,66.9,"アカガシ","EB",0,0,0,5.9,8.1,10.5,11.5,3.51260360240806,6.33823421533438,7.00965947381623,0,0,0,0
592,592,"ALT600C02",42.05,66.9,"ヒサカキ","EB",0,0,0,5.6,7.4,9.1,10,3.05167629080496,5.57426804938041,6.02210185567843,0,0,0,0
593,593,"ALT600C02",45.25,64.3,"イヌガシ","EB",0,0,0,26.1,27.7,28.8,29.3,0.608695798391441,1.1899419772929,1.12310205659458,0,0,0,0
595,595,"ALT600C02",41.5,63.1,"ヒサカキ","EB",0,0,0,6.3,7.1,8,8.2,1.38728695196169,2.39090301299565,2.88078740445875,1.05409255338945,1.05409255338945,0,0
596,596,"ALT600C02",43.8,62.5,"ヒメシャラ","DB",0,0,0,23.9,25.1,26.2,26.8,0.602754887259716,0.979787744005467,1.31068082758145,0,0,0,0
597,597,"ALT600C02",43.6,60.75,"ブナ","DB",0,0,0,19,19.4,20.4,21.2,0.576643171113296,0.416681738056837,1.77456231217369,0.264150943396226,0.264150943396226,0,0
2601,2601,"ALT600C02",42.75,60.15,"ヤブニッケイ","EB",NA,0,0,NA,5.3,6.3,7,NA,NA,5.56406656994475,0,0,0,0
2602,2602,"ALT600C02",40.4,67,"ヤブニッケイ","EB",NA,0,0,NA,5.9,6.5,6.5,NA,NA,1.93699651979835,0,0,0,0
2603,2603,"ALT600C02",43,69.5,"イヌガシ","EB",NA,0,0,NA,6.3,9.5,10.8,NA,NA,10.7799300146537,0,0,0,0
2824,2824,"ALT600C02",50.25,68.55,"イヌガシ","EB",NA,NA,0,NA,NA,6.4,6.5,NA,NA,NA,0.712139066140344,0.712139066140344,0,0
571,571,"ALT600C03",47.65,53.35,"アカガシ","EB",0,0,0,10.8,12.2,13.3,15.7,1.96902409591625,2.43779635218074,5.04449521230103,0,0,0,0
572,572,"ALT600C03",45.5,52.45,"イヌガシ","EB",0,0,0,5.4,6.2,6.5,7.5,1.72896877353703,2.76300676961634,3.80707456982438,0,0,0,0
573,573,"ALT600C03",44.3,53.55,"ヤブニッケイ","EB",0,0,0,12.4,14.8,16.2,18.7,2.16224763815553,3.53861416318157,4.67792686180943,0,0,0,0
575,575,"ALT600C03",47.65,57.65,"イヌガシ","EB",0,0,0,12.6,13.9,14.2,14.5,0.739220186679455,1.96384052358428,0.845196185797652,2.51034482758621,1.07586206896552,0,0
581,581,"ALT600C03",43.7,50.7,"アカガシ","EB",0,0,0,5.7,6.1,6.5,7.7,1.5829166001007,1.35645192677522,4.65863115360745,0,0,0,0
582,581,"ALT600C03",43.7,50.7,"アカガシ","EB",0,0,0,68.5,72.3,74,74.7,0.456033404582063,1.07980767793079,0.653119259481054,0,0,0,0
2306,2306,"ALT600C03",40.4,52.95,"イヌガシ","EB",NA,0,0,NA,5.8,6.5,7.5,NA,NA,5.14090205979782,0.501763108532438,0.501763108532438,0,0
2604,2604,"ALT600C03",41.75,51.35,"イヌガシ","EB",NA,0,0,NA,5.2,5.2,5.6,NA,NA,1.48215944307444,0,0,0,0
2822,2822,"ALT600C02",48.7,66.25,"イヌガシ","EB",NA,NA,0,NA,NA,7.6,7.9,NA,NA,NA,0,0,0,0
565,581,"ALT600C03",43.7,50.7,"アカガシ","EB",0,0,0,7.2,8.3,8.4,9,1.174439743759,2.84348977561085,1.61938125067334,0,0,0,0
398,399,"ALT600C01",54.15,97.25,"アブラチャン","DB",0,0,0,7.1,8.4,8.7,9.3,1.4206295584839,3.36273843603997,2.03565388619885,0,0,0,0
400,399,"ALT600C01",54.15,97.25,"アブラチャン","DB",0,0,0,6.7,10.1,11.4,11.8,2.97890528986684,8.20855794900587,3.11128215248811,0,0,0,0
401,399,"ALT600C01",54.15,97.25,"アブラチャン","DB",0,0,0,7.9,10.2,11.8,12.4,2.37280901651587,5.11049921634499,3.90617504641532,0,0,0,0
402,399,"ALT600C01",54.15,97.25,"アブラチャン","DB",0,0,0,10.2,11,11.6,12,0.855362786830394,1.51015105016291,1.74022753979259,0,0,0,0
2302,399,"ALT600C01",54.15,97.25,"アブラチャン","DB",NA,0,0,NA,7,8.1,8.4,NA,NA,3.64643113587909,0,0,0,0
2607,399,"ALT600C01",54.15,97.25,"アブラチャン","DB",NA,0,0,NA,4.8,4.8,5.2,NA,NA,1.60085415347073,0,0,0,0
2827,399,"ALT600C01",54.15,97.25,"アブラチャン","DB",NA,NA,0,NA,NA,4.9,5.9,NA,NA,NA,0,0,0,0
407,407,"ALT600C01",58.2,84.9,"アブラチャン","DB",0,0,0,7.5,9.6,10,10.2,1.61834052498927,4.93720155863052,1.2124924363287,0,0,0,0
408,408,"ALT600C01",55.5,88.05,"アブラチャン","DB",0,0,0,6.6,10,10.5,10.8,2.59198150051471,8.31030887923332,1.53922082272257,0,0,0,0
2240,2240,"ALT600C01",52.8,83.05,"ウリノキ","DB",NA,0,0,NA,6.6,7.5,8.3,NA,NA,4.58371731540345,0,0,0,0
2287,2287,"ALT600C02",56.55,79.8,"イタヤカエデ","DB",NA,0,0,NA,7.4,8.8,9.5,NA,NA,4.99623596792742,0.952321440227273,0.952321440227273,0,0
2360,2240,"ALT600C01",52.8,83.05,"ウリノキ","DB",NA,0,0,NA,5.7,6.4,6.5,NA,NA,2.62672004122174,0,0,0,0
2828,408,"ALT600C01",55.5,88.05,"アブラチャン","DB",NA,NA,0,NA,NA,5.1,6.2,NA,NA,NA,0,0,0,0
2829,407,"ALT600C01",58.2,84.9,"アブラチャン","DB",NA,NA,0,NA,NA,5.7,7.1,NA,NA,NA,0,0,0,0
2830,408,"ALT600C01",55.5,88.05,"アブラチャン","DB",NA,NA,0,NA,NA,6.1,7.4,NA,NA,NA,0,0,0,0
2831,407,"ALT600C01",58.2,84.9,"アブラチャン","DB",NA,NA,0,NA,NA,6.1,6.8,NA,NA,NA,0,0,0,0
415,415,"ALT600C02",57.85,75.05,"イヌガシ","EB",0,0,0,5.6,6.7,6.7,6.7,0.9438996245043,3.58681857311634,0,5.45298355176072,2.65618109971152,0,0
416,416,"ALT600C02",57.95,74.1,"イヌガシ","EB",0,0,0,6,8.8,10.3,10.8,3.09361402580063,7.65984504512212,4.09588825292026,2.98545496588491,2.74312907579685,0,0
417,417,"ALT600C02",52.1,75.75,"ミズキ","DB",0,0,0,8.8,12.6,15.8,18.5,3.91062637157957,7.17890184946543,7.68147836253694,0,0,0,0
420,420,"ALT600C02",50.85,72.05,"ヤブニッケイ","EB",0,0,0,6,8,8.3,8.6,1.89475123174425,5.75364144903562,1.44641323159252,1.21751025991792,0,0.834473324213407,0
422,422,"ALT600C02",52.8,69.8,"イヌガシ","EB",0,0,0,7.7,12,15.8,19.4,4.86343545899813,8.87372641856724,9.60732832562564,0.323890082650556,0.323890082650556,0,0
424,424,"ALT600C02",54.6,69.8,"アオハダ","DB",0,0,0,10.1,11.3,12.3,12.7,1.20561352430175,2.24534603742162,2.33598535492501,0,0,0,0
425,424,"ALT600C02",54.6,69.8,"アオハダ","DB",0,0,0,5.9,7.5,8.8,9.9,2.72411792752037,4.79901339261182,5.55263473196559,0,0,0,0
427,427,"ALT600C02",58.65,73.3,"シラキ","DB",0,0,0,16.8,18.1,18.6,18.6,0.53569839110496,1.49066103725134,0.544992848947511,5.78738244498805,0,5.78738244498805,0
428,428,"ALT600C02",58.9,72.95,"ケヤキ","DB",0,0,0,40.4,42,45,46.3,0.717432505921494,0.776796666325279,1.9494468561764,0.933998306969789,0,0.933998306969789,0
2348,2348,"ALT600C02",54.3,74.05,"イヌガシ","EB",NA,0,0,NA,5.9,5.9,5.9,NA,NA,0,0.860495436766625,0.860495436766625,0,0
2609,416,"ALT600C02",57.95,74.1,"イヌガシ","EB",NA,0,0,NA,5.4,6.2,6.2,NA,NA,2.76300676961634,5.97716350312694,5.55504743652193,0,0
2610,415,"ALT600C02",57.85,75.05,"イヌガシ","EB",NA,0,0,NA,4.8,5,5,NA,NA,0.816439890405104,7.66292622672071,3.66396745813149,0,0
2611,419,"ALT600C02",51.25,72.8,"アブラチャン","DB",NA,0,0,NA,5.1,5.7,6.1,NA,NA,3.58096462897971,6.5429122468659,2.19864995178399,4.34426229508191,0
2612,419,"ALT600C02",51.25,73,"アブラチャン","DB",NA,0,0,NA,5.1,5.2,5.3,NA,NA,0.769325616555923,5.75471698113199,0,5.75471698113199,0
2832,2832,"ALT600C02",52.65,74.65,"イヌガシ","EB",NA,NA,0,NA,NA,5.3,5.7,NA,NA,NA,0,0,0,0
429,429,"ALT600C02",58.65,65.85,"シキミ","EB",0,0,0,12.1,12.6,13,13.4,0.53710133870616,0.80982722709474,1.23115785998867,0,0,0,0
431,431,"ALT600C02",54.8,66.95,"イヌガシ","EB",0,0,0,5,6.7,7.8,8,2.47370331181966,5.8533922792564,3.54668030565831,1.96783088235294,1.96783088235294,0,0
432,432,"ALT600C02",53.2,66.95,"シキミ","EB",0,0,0,6.5,7.5,8.5,8.6,1.47347382293616,2.86201687281346,2.73718365434395,0,0,0,0
433,433,"ALT600C02",51.4,66.15,"シキミ","EB",0,0,0,6.6,7.8,8.8,9.1,1.69055139205487,3.34108169326332,3.08301359654517,0,0,0,0
435,435,"ALT600C02",55.1,63.6,"オオモミジ","DB",0,0,0,8.4,8.5,8.7,9.2,0.478798832661719,0.236689152940056,1.58274641117448,0,0,0,0
436,436,"ALT600C02",55.35,62.35,"アカガシ","EB",0,0,0,8.1,9.1,10.9,11.8,1.98018668312224,2.32820703688823,5.19650235897629,0.971508818247568,0.971508818247568,0,0
438,438,"ALT600C02",56.55,64.4,"オオモミジ","DB",0,0,0,21.7,23.3,24.3,24.9,0.723976541706569,1.42282200050482,1.32828885798014,0,0,0,0
439,439,"ALT600C02",53.4,60.4,"アオハダ","DB",0,0,0,7.9,8,8,7.9,0,0.251575644137199,-0.251575644137201,2.15452155139159,0.870976797371068,0.779295029226745,0
440,440,"ALT600C02",56.35,60.9,"アカガシ","EB",0,0,0,16.6,18.9,20.5,21.2,1.28736045429194,2.59518453406198,2.2967851922474,0,0,0,0
2238,2238,"ALT600C02",53.6,65.4,"イヌガシ","EB",NA,0,0,NA,7.1,8.3,8.8,NA,NA,4.29313874873782,0,0,0,0
2286,2286,"ALT600C02",55.65,66.95,"イヌガシ","EB",NA,0,0,NA,6,6.7,7,NA,NA,3.08301359654517,11.2605042016812,10.773109243698,0,0
2613,2613,"ALT600C02",51.6,63.35,"アカガシ","EB",NA,0,0,NA,5.6,7.4,8.3,NA,NA,7.86977834122898,1.8857673979214,1.8857673979214,0,0
441,441,"ALT600C03",58.45,59.75,"イロハモミジ","DB",0,0,0,17.3,17.8,18.3,19,0.493328829803722,0.569839115886125,1.30481043736802,0,0,0,0
445,445,"ALT600C03",55.6,59.2,"アカガシ","EB",0,0,0,11.4,11.7,11.6,11.8,0.18150618984826,0.51950972806521,0.170213793358177,0,0,0,0
447,447,"ALT600C03",51.5,57.35,"イヌガシ","EB",0,0,0,12.2,13.1,13.6,13.8,0.64859284433657,1.4235255693579,1.04112723912106,0,0,0,0
448,448,"ALT600C03",51.75,55.55,"アカガシ","EB",0,0,0,12.3,14.5,16,17.8,1.94525892062983,3.29098774096314,4.10099615743021,3.80519004324764,0,3.80519004324764,0
449,449,"ALT600C03",52.05,55.5,"ブナ","DB",0,0,0,18.9,19.3,19.7,20.6,0.45331133542073,0.418863476904868,1.30371959769391,2.84106987770426,2.84106987770426,0,0
450,450,"ALT600C03",54.2,54.95,"イヌシデ","DB",0,0,0,25.2,26,26.3,26.7,0.304313530993822,0.625050870082091,0.531340547694434,0,0,0,0
454,454,"ALT600C03",53.25,51.95,"イヌガシ","EB",0,0,0,9.4,10.8,11.7,20.7,4.15486321576508,2.77672889708432,13.011751322823,0,0,0,0
455,455,"ALT600C03",57.4,54.9,"イヌシデ","DB",0,0,0,44.1,45,44.9,45,0.10633003851326,0.404054146350389,0,0,0,0,0
456,456,"ALT600C03",57.2,53.75,"イヌガシ","EB",0,0,0,6,7.4,7.7,7.9,1.44791205392064,4.19441061964138,1.30765518525703,13.7328016792862,2.87882380319423,10.853977876092,0
457,457,"ALT600C03",57.85,53.6,"ブナ","DB",0,0,0,54.5,55.9,56.8,57.2,0.254490509034494,0.5072735698371,0.459790364493976,0.295774008093952,0.295774008093952,0,0
458,458,"ALT600C03",57.65,50.35,"オオモミジ","DB",0,0,0,12.8,12.9,12.9,13.2,0.161956098246071,0.155642808841099,0.459790364493971,3.85780885780887,3.85780885780887,0,0
459,459,"ALT600C03",58.3,50.35,"イヌガシ","EB",0,0,0,20.1,22.3,23.1,23.5,0.822529505710964,2.07733726802086,1.0482748536808,1.49263502454992,0,0.86415711947627,0
460,460,"ALT600D03",60.75,51.4,"イヌガシ","EB",0,0,0,5.2,6.6,7.1,7.3,1.78534590824718,4.76822046889996,2.01609398243931,0.65753424657534,0.65753424657534,0,0
2614,2614,"ALT600C03",53.5,56.25,"イヌガシ","EB",NA,0,0,NA,5.2,5.6,6,NA,NA,2.86201687281346,0,0,0,0
2833,2833,"ALT600C03",53.1,59.3,"アカガシ","EB",NA,NA,0,NA,NA,5.7,6.6,NA,NA,NA,0,0,0,0
2834,2834,"ALT600C03",54.25,57.7,"イヌガシ","EB",NA,NA,0,NA,NA,5.6,5.9,NA,NA,NA,0,0,0,0
392,392,"ALT600D01",64.3,97.7,"イタヤカエデ","DB",0,0,0,62.7,68,70.6,71.5,0.691242116110984,1.62292515074463,1.00379489047711,0,0,0,0
393,393,"ALT600D01",67.25,99.75,"イタヤカエデ","DB",0,0,0,28.6,29.6,30.2,31.1,0.441058428207272,0.687352870084156,0.988669157103475,0,0,0,0
395,395,"ALT600D01",68.8,96.2,"アブラチャン","DB",0,0,0,5.2,6.1,6.6,6.7,1.3339415832081,3.19260291183767,1.8763751043531,0,0,0,0
2697,2697,"ALT600D01",69.35,97.9,"アブラチャン","DB",NA,0,0,NA,5.6,6.2,6.7,NA,NA,3.58681857311634,0,0,0,0
2698,2697,"ALT600D01",69.35,97.9,"アブラチャン","DB",NA,0,0,NA,4.8,5.2,5.8,NA,NA,3.78483999277057,0,0,0,0
389,389,"ALT600D01",62.25,87.15,"アブラチャン","DB",0,0,0,7.2,8.2,8.5,8.7,0.996010524413307,2.60106256496396,1.18377742780661,0,0,0,0
390,390,"ALT600D01",69.2,88.45,"アブラチャン","DB",0,0,0,9,11.3,11.8,12.2,1.60111249685785,4.55156296764151,1.53266452041832,0,0,0,0
2245,2245,"ALT600D01",66.7,84.2,"ケヤキ","DB",NA,0,0,NA,7.7,8.6,9.2,NA,NA,3.55966310390713,0,0,0,0
2292,389,"ALT600D01",62.25,87.15,"アブラチャン","DB",NA,0,0,NA,6.6,7.3,7.7,NA,NA,3.08301359654517,0,0,0,0
2621,390,"ALT600D01",69.2,88.45,"アブラチャン","DB",NA,0,0,NA,6.4,7.8,8.3,NA,NA,5.19915048873852,0,0,0,0
380,379,"ALT600D02",67.2,70.75,"イタヤカエデ","DB",0,0,0,12.4,14.4,15,15.2,1.0715734486381,2.99063467941928,1.08134442540552,0,0,0,0
381,381,"ALT600D02",67.6,69.7,"イタヤカエデ","DB",0,0,0,6.1,6.4,6.4,6.3,0.16979401167485,0.960184383727213,-0.314967139362786,0,0,0,0
383,382,"ALT600D02",66.35,76.75,"イヌガシ","EB",0,1,0,7.5,14.5,NA,18.4,4.72340865301408,13.1849125776853,4.76404030376822,0,0,0,0
2622,2622,"ALT600D02",68.1,68.25,"ヤブニッケイ","EB",NA,0,0,NA,5.1,6.7,7.8,NA,NA,8.49766387930532,0,0,0,0
2835,2835,"ALT600D02",70.6,75.6,"アブラチャン","DB",NA,NA,0,NA,NA,5.3,5.7,NA,NA,NA,0,0,0,0
374,374,"ALT600D02",62.5,66.6,"イヌシデ","DB",0,0,0,53.7,55.6,57,57.6,0.368997716773824,0.695403994834354,0.706787328906177,0,0,0,0
375,375,"ALT600D02",60.5,69.9,"オオモミジ","DB",0,0,0,6.9,7.2,7.2,7.3,0.296594402900692,0.851192288375918,0.275866442646715,0,0,0,0
376,376,"ALT600D02",65.85,66.35,"アカガシ","EB",0,0,0,5.7,7.7,8.9,9.4,2.63286060229186,6.01508308038267,3.9897872083264,0,0,0,0
379,379,"ALT600D02",67.2,70.75,"イタヤカエデ","DB",0,0,0,27.9,30.7,31.9,32.2,0.754419809068647,1.91271931531663,0.954075959144223,0,0,0,0
2623,2623,"ALT600D02",61.55,63.1,"イヌガシ","EB",NA,0,0,NA,5,5.2,5.2,NA,NA,0.784414263065627,0,0,0,0
2624,2624,"ALT600D02",65.55,64,"アカガシ","EB",NA,0,0,NA,4.7,5.1,5,NA,NA,1.23750807436175,2.4584746411089,2.4584746411089,0,0
2696,2696,"ALT600D02",60.95,68.7,"アカガシ","EB",NA,0,0,NA,5.2,5.3,5.4,NA,NA,0.754806559656942,0,0,0,0
2837,2837,"ALT600D02",65.7,64.7,"ヤブニッケイ","EB",NA,NA,0,NA,NA,5.5,6.5,NA,NA,NA,1.5687818951132,1.07450814733781,0,0
366,366,"ALT600D03",69.75,52.55,"イヌガシ","EB",0,0,0,6.2,7.5,7.8,8,1.341538155941,3.80707456982438,1.29077042275142,0,0,0,0
367,366,"ALT600D03",69.75,52.55,"イヌガシ","EB",0,0,0,5.4,6.1,6.3,6.4,0.894205456817881,2.43779635218074,0.960184383727213,0,0,0,0
368,368,"ALT600D03",65.8,51.8,"アカガシ","EB",0,0,0,52.5,54.7,55.4,57.8,0.506187400425019,0.821010796607149,1.10250132500792,0.328059800159139,0.207358552930776,0,0
369,369,"ALT600D03",60.85,53.85,"イヌシデ","DB",0,0,0,42.7,43.1,43.4,43.4,0.0855816887988427,0.186481537502465,0.138728879933139,0.178187403993856,0.178187403993856,0,0
370,370,"ALT600D03",60.9,59.5,"アカガシ","EB",0,0,0,12.4,13.6,14.6,15.1,1.03683300636783,1.8474664026203,2.09249902157745,0,0,0,0
371,371,"ALT600D03",67.1,58.2,"イヌガシ","EB",0,0,0,17.5,20.6,22.1,22.9,1.41545278753013,3.26180389732134,2.11691669529317,0,0,0,0
372,372,"ALT600D03",67.25,59.65,"イタヤカエデ","DB",0,0,0,37.1,39.2,40.3,41.7,0.615179785217717,1.10119554366055,1.23648764016678,0,0,0,0
2177,368,"ALT600D03",65.8,51.8,"アカガシ","EB",0,0,0,5.9,6.4,6.4,6.7,0.669237765711824,1.62691278907905,0.916190720625884,16.473479905879,15.4322064596403,0,0
2242,366,"ALT600D03",69.75,52.55,"イヌガシ","EB",NA,0,0,NA,5.6,6,6.3,NA,NA,2.35566071312767,0,0,0,0
2243,2243,"ALT600D03",64.7,50.7,"ウラジロガシ","EB",NA,0,0,NA,5.2,5.4,5.7,NA,NA,1.83615098506246,0,0,0,0
2364,2364,"ALT600D03",60.45,55.5,"イヌガシ","EB",NA,0,0,NA,5.3,5.7,5.9,NA,NA,2.14491060707196,1.12394552974751,1.12394552974751,0,0
2625,2625,"ALT600D03",64.2,53,"イヌガシ","EB",NA,0,0,NA,5.1,5.3,5.3,NA,NA,0.769325616555923,0,0,0,0
2626,2626,"ALT600C03",59.7,55.05,"イヌガシ","EB",NA,0,0,NA,5.3,5.7,5.8,NA,NA,1.80302193988595,1.16303638200092,1.16303638200092,0,0
2627,2627,"ALT600D03",61.3,54.45,"イヌガシ","EB",NA,0,0,NA,5,5.6,5.8,NA,NA,2.96840010236546,9.97701149425289,0,9.97701149425289,0
201,201,"ALT600D01",78.65,97.15,"イタヤカエデ","DB",0,0,0,16.3,19.8,21.2,22,1.57830181866105,3.89033659775546,2.10721031315653,0,0,0,0
202,202,"ALT600D01",78.1,94.85,"オオモミジ","DB",0,0,0,9.2,9.4,9.6,10,0.438850573363427,0.430124104419274,1.23750807436175,0,0,0,0
203,203,"ALT600D01",76.25,95.7,"オオモミジ","DB",0,0,0,10.7,12.9,14.4,15.4,1.91644088395644,3.73967139799532,3.54280396103914,0,0,0,0
205,205,"ALT600D01",75.6,99.25,"オオモミジ","DB",0,0,0,13.1,13.3,13.8,14.4,0.497978823025522,0.303036100412045,1.58928342708494,0,0,0,0
206,206,"ALT600D01",73.75,94.2,"イヌガシ","EB",0,0,0,15.4,18,19.4,20,1.37560402176004,3.12008496953162,2.10721031315653,0,0,0,0
207,207,"ALT600D01",75,90,"オオモミジ","DB",0,0,0,16.6,17.3,17.3,17.5,0.277885187194583,0.826076122824712,0.2298875885147,0,0,0,0
208,208,"ALT600D01",76.3,91.25,"アカガシ","EB",0,0,0,13.1,16.7,18,19.2,2.01209499382437,4.85592978431207,2.79003119222053,0,0,0,0
2631,2631,"ALT600D01",71.55,94.05,"アブラチャン","DB",NA,0,0,NA,5,5,5.2,NA,NA,0.784414263065627,0,0,0,0
2632,2631,"ALT600D01",71.55,94.05,"アブラチャン","DB",NA,0,0,NA,4.8,4.9,5,NA,NA,0.816439890405104,0,0,0,0
211,211,"ALT600D01",79.1,86.9,"アブラチャン","DB",0,0,0,5.3,5.8,5.9,6,0.652908677210415,1.80302193988595,0.678031033513628,0,0,0,0
216,216,"ALT600D01",79.35,81.4,"イヌガシ","EB",0,0,0,33.9,37.3,38.7,39.1,0.751091855815346,1.9115662452673,0.942582806831005,0,0,0,0
223,223,"ALT600D02",71.65,71.8,"シキミ","EB",0,0,0,15.2,15.5,15.7,15.9,0.236966744073448,0.390891921459407,0.509581706019699,0,0,0,0
224,223,"ALT600D02",71.65,71.8,"シキミ","EB",0,0,0,8.4,8.9,9.3,9.5,0.647684698722248,1.15639141777652,1.30481043736802,0,0,0,0
225,225,"ALT600D02",73.8,75.35,"アカガシ","EB",0,0,0,5.7,7.1,7.9,7.9,1.71787676122353,4.3925721841353,2.13535950851412,0,0,0,0
231,227,"ALT600D02",75.45,75.25,"アブラチャン","DB",0,0,0,6.9,8.4,8.8,9.2,1.51411617079885,3.93420588492109,1.81943556411453,0,0,0,0
233,227,"ALT600D02",75.45,75.25,"アブラチャン","DB",0,0,0,5.2,6,6.2,6.4,1.09283876199076,2.86201687281346,1.29077042275142,0,0,0,0
237,237,"ALT600D02",78.35,70.4,"アカガシ","EB",0,0,0,9.6,10.6,11.7,12.6,1.43123008149285,1.98181805288462,3.45685625678822,0,0,0,0
2202,234,"ALT600D02",76.75,73,"アブラチャン","DB",0,0,0,4.9,4.9,5,5.1,0.210554392703679,0,0.80010669227398,0,0,0,0
238,238,"ALT600D02",78.8,69.1,"アカガシ","EB",0,0,0,27.5,32.9,35.1,36.1,1.43214137192795,3.58573306197601,1.85640415135018,0,0,0,0
239,239,"ALT600D02",76.8,68.05,"シキミ","EB",0,0,0,12,12.2,12.4,12.3,0.129961118896693,0.33058603902421,0.163266212783221,0,0,0,0
240,240,"ALT600D02",76.65,65.7,"ミズキ","DB",0,0,0,28,29.9,30.6,30.9,0.518693019623662,1.31307940442874,0.65795407014118,0,0,0,0
241,241,"ALT600D02",71.1,62.55,"アカガシ","EB",0,0,0,6,6.8,6.7,6.7,0.580779248257186,2.50326285908012,-0.296301715702812,1.61194029850752,1.61194029850752,0,0
242,242,"ALT600D02",73.7,60.8,"アカガシ","EB",0,0,0,20.8,25.5,27.9,29.8,1.89239687791624,4.07450930914216,3.11659882693957,0,0,0,0
243,243,"ALT600D02",79.65,62.5,"ヒメシャラ","DB",0,0,0,34,34.8,35.3,35.8,0.271512467318384,0.465137243285344,0.56661013252452,0,0,0,0
2633,2633,"ALT600D02",78.35,66.25,"ヤブニッケイ","EB",NA,0,0,NA,6.1,6.5,6.5,NA,NA,1.27026811444652,0,0,0,0
245,245,"ALT600D03",74,55.95,"アカガシ","EB",0,0,0,6.4,7.4,7.4,7.4,0.764115841286831,2.90364019688996,0,0,0,0,0
247,247,"ALT600D03",72.25,57,"アカガシ","EB",0,0,0,15.3,18.6,20.1,20.6,1.56546445998498,3.90617504641532,2.0425899015276,0,0,0,0
249,249,"ALT600D03",74.35,54.6,"ウラジロガシ","EB",0,0,0,11.7,15.9,18.1,19.9,2.79542573645651,6.13460534844951,4.48801245008522,0,0,0,0
251,251,"ALT600D03",70.85,51.25,"アカガシ","EB",0,0,0,7.3,7.7,7.8,7.8,0.348680976532635,1.06691961410585,0.258068096718156,0,0,0,0
252,252,"ALT600D03",74.6,50.4,"アカガシ","EB",0,0,0,12,12.7,12.9,13,0.421277408808086,1.13390687353091,0.466947279939822,1.3738968777227,0,1.3738968777227,0
2634,2634,"ALT600D03",77.85,54.95,"イヌガシ","EB",NA,0,0,NA,5.7,6.2,6.3,NA,NA,2.00166917113965,0.880681520548611,0.880681520548611,0,0
196,196,"ALT600E01",88.85,92.35,"イタヤカエデ","DB",0,0,0,24.3,25.7,26.1,26.5,0.456149382345651,1.12029283109343,0.61307482182005,0,0,0,0
197,197,"ALT600E01",87.35,93.4,"イタヤカエデ","DB",0,0,0,10.4,12,12.9,13.4,1.3339415832081,2.86201687281346,2.20696114337731,0.436781409102009,0,0.436781409102009,0
198,198,"ALT600E01",85.15,93.45,"イタヤカエデ","DB",0,0,0,15.2,18.5,20.3,21.5,1.8250395120073,3.92950608464097,3.00564406098676,0,0,0,0
200,200,"ALT600E01",85.15,97.35,"イタヤカエデ","DB",0,0,0,4.8,6,7.1,8.5,3.00763287148645,4.4628710262842,6.96613388536432,0,0,0,0
2350,2350,"ALT600E01",87.45,94.3,"イタヤカエデ","DB",NA,0,0,NA,5.2,5.3,5.3,NA,NA,0.380963899413888,2.79204235736407,0,2.79204235736407,0
2640,2640,"ALT600E01",88.4,93.25,"イタヤカエデ","DB",NA,0,0,NA,5.5,6.3,6.6,NA,NA,3.64643113587909,0,0,0,0
193,193,"ALT600E01",80.95,80.6,"オオモミジ","DB",0,0,0,11.2,13.3,14.1,14.6,1.39530394954338,3.43700513853319,1.86514986973165,0,0,0,0
194,194,"ALT600E01",84.7,86.25,"イヌガシ","EB",0,0,0,13.5,14.3,14.9,15.3,0.658753383968453,1.15139703642956,1.35186582265057,0,0,0,0
182,182,"ALT600E02",89.3,71.4,"シキミ","EB",0,0,0,9,10.4,11.3,11.8,1.42565765334421,2.89162457622215,2.52587450648584,0,0,0,0
183,183,"ALT600E02",86.95,73.2,"アカガシ","EB",0,0,0,9.5,12.1,12.4,12.6,1.48634218605756,4.838273079924,0.80982722709474,1.01770801665221,1.01770801665221,0,0
184,184,"ALT600E02",85.95,73.85,"アカガシ","EB",0,0,0,7.3,9.2,9.4,9.7,1.49606072292101,4.62658271801298,1.05844802908685,2.36552451661522,2.36552451661522,0,0
185,185,"ALT600E02",84.9,71.95,"ケヤキ","DB",0,0,0,50.4,52.6,53.3,55.1,0.469255479376558,0.854498893326826,0.928671928304093,0.298364768249284,0.298364768249284,0,0
186,186,"ALT600E02",85,71.35,"アカガシ","EB",0,0,0,6.3,7.6,7.7,7.8,1.12407421209505,3.75197227789597,0.519509728065215,12.0770025289703,0,11.6133130775963,0
2842,2842,"ALT600E02",86.05,73.35,"ヤブニッケイ","EB",NA,NA,0,NA,NA,6.3,8.1,NA,NA,NA,4.54053774535585,4.05342963482146,0,0
165,167,"ALT600E02",88.15,64.1,"アカガシ","EB",0,0,0,11.8,12.1,12.2,12.4,0.261036532312484,0.502118422621525,0.489820400165918,0,0,0,0
167,167,"ALT600E02",88.15,64.1,"アカガシ","EB",0,0,0,23.2,23.3,23.4,23.4,0.0451775983757444,0.086021637987814,0.0856532358400146,0,0,0,0
168,168,"ALT600E02",82.5,60.9,"アカガシ","EB",0,0,0,5.5,5.5,5.5,5.5,0,0,0,8.64259424461954,7.22436062733191,0,0
169,169,"ALT600E02",81.65,61.5,"イヌガシ","EB",0,0,0,8.1,9.4,9.8,9.9,1.05616155506395,2.9769125519513,1.03650135729172,1.86339183990294,1.34330903677851,0,0
170,170,"ALT600E02",82.8,65.75,"イヌガシ","EB",0,0,0,30.9,34.9,37.3,39,1.22529190645235,2.43461290609363,2.2214963384253,0.627218934911235,0.370808678500982,0,0
171,170,"ALT600E02",82.8,65.75,"イヌガシ","EB",0,0,0,7.1,8.4,9,9.4,1.4769205538352,3.36273843603997,2.24955966853381,7.44680851063821,6.38297872340418,0,0
172,172,"ALT600E02",83.4,65.5,"イヌガシ","EB",0,0,0,5.3,6.2,6.5,6.5,1.0741860860185,3.13684942985939,0.94505769701091,11.455621301775,11.455621301775,0,0
173,173,"ALT600E02",84.4,66.4,"シキミ","EB",0,0,0,7.9,8.4,8.9,9.7,1.08033224229664,1.22737892752584,2.87788359320138,0,0,0,0
174,174,"ALT600E02",82.75,66.95,"オオモミジ","DB",0,0,0,9.2,9.4,9.5,10,0.438850573363427,0.430124104419274,1.23750807436175,0,0,0,0
175,175,"ALT600E02",84.75,69.1,"アカガシ","EB",0,0,0,11.1,12.5,12.8,13,0.831601311280254,2.37567071979934,0.784414263065627,0,0,0,0
176,176,"ALT600E02",85.85,68.65,"イロハモミジ","DB",0,0,0,6.9,6.9,7,7.2,0.223997970625242,0,0.851192288375918,2.4293696293783,2.4293696293783,0,0
177,177,"ALT600E02",86.05,68.4,"イヌガシ","EB",0,0,0,5.4,5.6,5.6,5.6,0.19140865353092,0.727352883417496,0,4.01589673427842,0,4.01589673427842,0
178,178,"ALT600E02",88.05,66.2,"アカガシ","EB",0,0,0,6.3,6.5,6.5,6.5,0.164487071074234,0.625050870082091,0,1.44050642702932,1.44050642702932,0,0
179,179,"ALT600E02",89.5,67.9,"シラキ","DB",0,0,0,7.5,7.6,7.6,7.6,0.06971171973695,0.26490453500041,0,12.0428332075214,0,12.0428332075214,0
180,180,"ALT600E02",89,68.65,"イヌシデ","DB",0,0,0,79.4,81.6,83.5,82.5,0.201578553092343,0.546617874339421,0.219380627411479,0.102199308880285,0,0.102199308880285,0
2179,168,"ALT600E02",82.5,60.9,"アカガシ","EB",0,0,0,4.9,5,5,5.1,0.210554392703679,0.404054146350389,0.396052545923595,9.48579262512138,7.95632499863472,0,0
2841,2841,"ALT600E02",82.95,60.75,"アカガシ","EB",NA,NA,0,NA,NA,5,5.3,NA,NA,NA,7.78061055102723,7.78061055102723,0,0
152,152,"ALT600E03",87.15,51,"イヌガシ","EB",0,0,0,7.5,10.2,11.3,12.2,2.56069963787866,6.14969399495921,3.58096462897971,0,0,0,0
153,153,"ALT600E03",86.35,52.5,"ウラジロガシ","EB",0,0,0,10.2,12.7,13.8,14.4,1.81494992785121,4.3842854634864,2.51252426234819,0,0,0,0
154,154,"ALT600E03",83.3,50.6,"イヌガシ","EB",0,0,0,7.5,9.5,9.9,10.3,1.6696888141754,4.72777556128461,1.6170419325819,0,0,0,0
156,156,"ALT600E03",80.55,54.95,"ヒメシャラ","DB",0,0,0,61.3,62.7,63.4,65.1,0.316551085643989,0.451632093934186,0.751262031512966,0,0,0,0
157,157,"ALT600E03",80.55,56.4,"アカガシ","EB",0,0,0,6.6,8.4,8.8,9.8,2.08059335075867,4.82324113633777,3.08301359654517,0,0,0,0
159,158,"ALT600E03",80.45,57.5,"イヌガシ","EB",0,0,0,6.6,7.9,8.2,8.7,1.4539651401482,3.59586220881192,1.92920532375124,7.01149425287353,7.01149425287353,0,0
161,161,"ALT600E03",84.15,55.25,"イヌガシ","EB",0,0,0,5.3,7.4,8,8.5,2.48610180493787,6.67546359304096,2.77172326572293,0,0,0,0
162,162,"ALT600E03",87.85,57.85,"オオモミジ","DB",0,0,0,7.9,8.1,8.4,8.9,0.627307985605886,0.500026044108344,1.88374430119402,0.931954131675087,0.931954131675087,0,0
164,164,"ALT600E03",89.5,55.15,"アカガシ","EB",0,0,0,69.9,72.9,73.1,73.8,0.285753065087695,0.840459795496957,0.245401851836284,0,0,0,0
2298,158,"ALT600E03",80.45,57.8,"イヌガシ","EB",NA,0,0,NA,6.3,6.9,7.5,NA,NA,3.48706774289555,13.4666666666672,13.4666666666672,0,0
2369,2369,"ALT600E03",80.45,57.7,"イヌガシ","EB",NA,0,0,NA,6.3,6.8,7.2,NA,NA,2.67062785249046,16.4583333333338,16.4583333333338,0,0
2643,2643,"ALT600E03",83.1,59.85,"イヌガシ","EB",NA,0,0,NA,5.8,6.4,7,NA,NA,3.76104463005879,1.51985792033107,1.51985792033107,0,0
2644,2644,"ALT600E03",84.2,56.7,"イヌガシ","EB",NA,0,0,NA,5.7,6.1,6.2,NA,NA,1.68166234421083,0,0,0,0
2646,2646,"ALT600E03",88.15,57.1,"ヤブニッケイ","EB",NA,0,0,NA,5.3,6.3,6.7,NA,NA,4.68801411677689,1.64446617888135,0,1.64446617888135,0
2845,154,"ALT600E03",83.3,50.6,"イヌガシ","EB",NA,NA,0,NA,NA,5.1,5.6,NA,NA,NA,0,0,0,0
2846,2846,"ALT600E03",88.35,51.2,"イヌガシ","EB",NA,NA,0,NA,NA,5.1,5.5,NA,NA,NA,0,0,0,0
1,1,"ALT600E01",98.05,99.4,"ミツバウツギ","DB",0,0,0,7.4,7.6,7.6,7.7,0.209159624471127,0.533364941643225,0.261441631347058,0,0,0,0
2,2,"ALT600E01",97.1,97.85,"イタヤカエデ","DB",0,0,0,23.6,27.8,29.7,30.7,1.38429443453467,3.27578617330054,1.9845326779312,0,0,0,0
4,4,"ALT600E01",93.7,93.8,"イタヤカエデ","DB",0,0,0,15.9,18.2,18.7,19.5,1.0741860860185,2.70204969713128,1.37985742973903,0.505912804504979,0,0.505912804504979,0
5,5,"ALT600E01",93.75,92.95,"イタヤカエデ","DB",0,0,0,6.7,7.5,8.1,8.4,1.19012726027551,2.25590988290689,2.26657370614007,2.726379590604,0,2.726379590604,0
6,6,"ALT600E01",97.3,93.8,"イタヤカエデ","DB",0,0,0,6.6,7.3,7.3,7.4,0.602159743040759,2.01609398243931,0.272113041115574,0,0,0,0
7,7,"ALT600E01",99.55,94.8,"キハダ","DB",0,0,0,49.3,55.1,56.2,60.1,1.04255663417115,2.22451270220449,1.73720250764586,0,0,0,0
8,8,"ALT600E01",98.4,89.8,"イタヤカエデ","DB",0,0,0,18.5,23,24.7,25.6,1.70958747053283,4.35446967689741,2.14196271112734,0,0,0,0
10,10,"ALT600E01",94.35,89.15,"イタヤカエデ","DB",0,0,0,11.5,13,13.4,13.9,0.99758844614443,2.45204644184665,1.33878965350219,0.997853663936549,0,0,0.997853663936549
11,11,"ALT600E01",93.6,88.6,"イヌガヤ","EC",0,0,0,8.3,10.7,11.9,12.9,2.32090419244776,5.07976453330616,3.73967139799532,1.15855601471775,0,1.15855601471775,0
16,16,"ALT600E01",98.25,84.7,"イロハモミジ","DB",0,0,0,17.4,19.8,20.6,21.8,1.18652507144505,2.58423462960012,1.92456064189108,0,0,0,0
2650,2650,"ALT600E01",91.3,84.4,"カジカエデ","DB",NA,0,0,NA,6,6.6,7,NA,NA,3.08301359654517,0,0,0,0
17,17,"ALT600E02",92.5,79,"ケヤキ","DB",0,0,0,30.1,32,32.9,33.7,0.594592976860453,1.22421462089793,1.03523869117179,0,0,0,0
2185,2185,"ALT600E02",90.6,69.05,"シキミ","EB",0,0,0,7.1,8.6,9.3,9.9,1.74968406891197,3.83334838424385,2.81545107762164,0,0,0,0
2851,2851,"ALT600E02",90.4,78.95,"イタヤカエデ","DB",NA,NA,0,NA,NA,5.1,5.5,NA,NA,NA,0,0,0,0
19,19,"ALT600E02",96.45,64,"ウラジロガシ","EB",0,0,0,6,7.6,9.1,11,3.19018843984377,4.72777556128461,7.3949405101217,0,0,0,0
20,20,"ALT600E02",91,64.15,"アワブキ","DB",0,0,0,14.5,14.7,14.9,15.1,0.213400496812368,0.273976887163239,0.536945000723761,1.04327719025142,0,0.470209437859794,0
23,23,"ALT600E02",94.25,60.9,"ウラジロガシ","EB",0,0,0,9.3,10.8,11.5,12.8,1.68121458298085,2.99063467941928,3.39798073590795,0,0,0,0
24,24,"ALT600E03",94.2,59.85,"カゴノキ","EB",0,0,0,9.8,10,10,10.5,0.363120376247113,0.404054146350389,0.975803283388641,0,0,0,0
2203,2203,"ALT600E02",96.05,69,"アカガシ","EB",0,0,0,7,7.1,7.1,7.4,0.292472900814794,0.283692699839128,0.82770432325709,0,0,0,0
2651,2651,"ALT600E02",96.1,61.7,"アカガシ","EB",NA,0,0,NA,4.8,5.3,5.9,NA,NA,4.12672865995657,0,0,0,0
2652,2652,"ALT600E02",97.45,60.3,"イヌガシ","EB",NA,0,0,NA,5.2,5.8,7.1,NA,NA,6.22872316919776,0,0,0,0
27,27,"ALT600E03",99.5,56.45,"アカガシ","EB",0,0,0,70.6,77.5,79.2,80,0.657876264077291,1.8649558372021,0.634973966291605,0.478692092106854,0.406263495272839,0,0
28,28,"ALT600E03",98.95,56.5,"ヤブニッケイ","EB",0,0,0,6.6,7.5,7.6,8,1.01248364551293,2.5566674301977,1.29077042275142,20.62554062436,19.5446481629612,0,0
31,31,"ALT600E03",93.15,58.25,"イヌシデ","DB",0,0,0,38.2,39.3,39.6,39.9,0.229162148859411,0.567780065253718,0.303036100412045,0,0,0,0
32,32,"ALT600E03",90.15,56.85,"イヌガシ","EB",0,0,0,5.8,6.7,6.9,7.1,1.06440456049945,2.88499217689093,1.15974515300699,0,0,0,0
35,35,"ALT600E03",94.5,53.8,"シキミ","EB",0,0,0,5.9,8.7,10.5,12.5,3.95145417577148,7.76741349497728,7.24811237295435,1.61396260617082,1.61396260617082,0,0
37,37,"ALT600E03",97.45,52.4,"シキミ","EB",0,0,0,5.3,7.4,8.8,10.4,3.54788939783816,6.67546359304096,6.80651611874406,4.46686187276338,4.46686187276338,0,0
38,38,"ALT600E03",98.4,52.6,"アカガシ","EB",0,0,0,37.7,42.5,44.1,45.1,0.94327448449825,2.39687962952812,1.18756341156523,0.2375287142925,0.2375287142925,0,0
2653,32,"ALT600E03",90.15,56.85,"イヌガシ","EB",NA,0,0,NA,5.5,5.6,5.7,NA,NA,0.714361652041585,0,0,0,0
2847,2847,"ALT600E03",92.1,54.05,"ウラジロガシ","EB",NA,NA,0,NA,NA,5.1,5.6,NA,NA,NA,4.93144149543949,4.38933675369633,0,0
2848,2847,"ALT600E03",92.1,54.05,"ウラジロガシ","EB",NA,NA,0,NA,NA,5.3,6,NA,NA,NA,4.5183513248057,4.01238689917875,0,0
2849,2849,"ALT600E03",91.45,54.5,"イヌガシ","EB",NA,NA,0,NA,NA,4.8,5.5,NA,NA,NA,3.21977361762601,2.66781242603298,0,0
2850,2850,"ALT600E03",93.35,51.85,"イヌガシ","EB",NA,NA,0,NA,NA,4.9,5.5,NA,NA,NA,2.62143918998139,1.07072868323184,0,0
2854,2854,"ALT600A01",1.1,84.5,"イヌガシ","EB",NA,NA,0,NA,NA,NA,4.9,NA,NA,NA,2.43008772117537,2.43008772117537,0,0
2855,2855,"ALT600A02",8.15,75.3,"イヌガシ","EB",NA,NA,0,NA,NA,NA,5.4,NA,NA,NA,0,0,0,0
2856,2856,"ALT600A02",5.85,75.1,"イヌガシ","EB",NA,NA,0,NA,NA,NA,4.8,NA,NA,NA,0.542651963827786,0.542651963827786,0,0
2857,1018,"ALT600A02",8.8,69.45,"ヤブニッケイ","EB",NA,NA,0,NA,NA,NA,4.9,NA,NA,NA,0,0,0,0
2858,2858,"ALT600A02",6.85,62.05,"シキミ","EB",NA,NA,0,NA,NA,NA,6.2,NA,NA,NA,1.02383682184427,1.02383682184427,0,0
2859,2859,"ALT600A03",8.85,51.25,"イヌガシ","EB",NA,NA,0,NA,NA,NA,5.2,NA,NA,NA,0.486504255410519,0.486504255410519,0,0
2860,1014,"ALT600A03",5.9,51.15,"イヌガシ","EB",NA,NA,0,NA,NA,NA,5.2,NA,NA,NA,0,0,0,0
2871,2871,"ALT600A02",11.2,78.6,"イヌガシ","EB",NA,NA,0,NA,NA,NA,6.2,NA,NA,NA,5.73505960778034,5.73505960778034,0,0
2872,2872,"ALT600A02",13.2,67.95,"ヤブニッケイ","EB",NA,NA,0,NA,NA,NA,5.2,NA,NA,NA,0,0,0,0
2873,2873,"ALT600A02",13.85,66.6,"イヌガシ","EB",NA,NA,0,NA,NA,NA,4.8,NA,NA,NA,0,0,0,0
2879,2879,"ALT600B02",24.05,67.55,"シキミ","EB",NA,NA,0,NA,NA,NA,5.2,NA,NA,NA,0,0,0,0
2880,2880,"ALT600B03",29.4,54.75,"イヌガシ","EB",NA,NA,0,NA,NA,NA,5,NA,NA,NA,0,0,0,0
2889,2889,"ALT600B02",36.05,74.1,"イヌガシ","EB",NA,NA,0,NA,NA,NA,6.2,NA,NA,NA,0,0,0,0
2890,2890,"ALT600B02",36.9,61.2,"ヤブニッケイ","EB",NA,NA,0,NA,NA,NA,5.1,NA,NA,NA,9.30328931621087,0,9.30328931621087,0
2891,2891,"ALT600B03",32.2,58.4,"イヌガシ","EB",NA,NA,0,NA,NA,NA,5.4,NA,NA,NA,0,0,0,0
2897,2601,"ALT600C02",42.75,60.15,"ヤブニッケイ","EB",NA,NA,0,NA,NA,NA,5.8,NA,NA,NA,0,0,0,0
2901,399,"ALT600C01",54.15,97.25,"アブラチャン","DB",NA,NA,0,NA,NA,NA,5.5,NA,NA,NA,0,0,0,0
2902,399,"ALT600C01",54.15,97.25,"アブラチャン","DB",NA,NA,0,NA,NA,NA,5,NA,NA,NA,0,0,0,0
2903,399,"ALT600C01",54.15,97.25,"アブラチャン","DB",NA,NA,0,NA,NA,NA,7.4,NA,NA,NA,0,0,0,0
2904,408,"ALT600C01",55.5,88.05,"アブラチャン","DB",NA,NA,0,NA,NA,NA,6.3,NA,NA,NA,0,0,0,0
2905,2905,"ALT600C01",55.15,87.1,"アブラチャン","DB",NA,NA,0,NA,NA,NA,5.2,NA,NA,NA,0,0,0,0
2906,407,"ALT600C01",58.2,84.9,"アブラチャン","DB",NA,NA,0,NA,NA,NA,5.7,NA,NA,NA,0,0,0,0
2907,407,"ALT600C01",58.2,84.9,"アブラチャン","DB",NA,NA,0,NA,NA,NA,5.7,NA,NA,NA,0,0,0,0
2908,415,"ALT600C02",57.85,75.05,"イヌガシ","EB",NA,NA,0,NA,NA,NA,5.1,NA,NA,NA,7.49214634295794,3.59212495895244,0,0
2909,2909,"ALT600C02",51.6,70.55,"イヌガシ","EB",NA,NA,0,NA,NA,NA,4.8,NA,NA,NA,0.598777082338897,0.598777082338897,0,0
2910,2832,"ALT600C02",52.65,74.65,"イヌガシ","EB",NA,NA,0,NA,NA,NA,5.6,NA,NA,NA,0,0,0,0
2911,2911,"ALT600C02",59.05,69.7,"イヌガシ","EB",NA,NA,0,NA,NA,NA,5.1,NA,NA,NA,0,0,0,0
2912,2614,"ALT600C03",53.5,56.25,"イヌガシ","EB",NA,NA,0,NA,NA,NA,5,NA,NA,NA,0,0,0,0
2919,2697,"ALT600D01",69.35,97.9,"アブラチャン","DB",NA,NA,0,NA,NA,NA,5.3,NA,NA,NA,0,0,0,0
2920,2920,"ALT600D01",68.75,81,"アブラチャン","DB",NA,NA,0,NA,NA,NA,5.4,NA,NA,NA,0,0,0,0
2921,2921,"ALT600D02",63.05,73.85,"イヌガシ","EB",NA,NA,0,NA,NA,NA,5.5,NA,NA,NA,0,0,0,0
2922,2922,"ALT600D03",65.9,56.95,"イヌガシ","EB",NA,NA,0,NA,NA,NA,5,NA,NA,NA,0,0,0,0
2924,2924,"ALT600D02",73.35,72.4,"イヌガシ","EB",NA,NA,0,NA,NA,NA,5.3,NA,NA,NA,0,0,0,0
2925,2633,"ALT600D02",78.35,66.25,"ヤブニッケイ","EB",NA,NA,0,NA,NA,NA,5.9,NA,NA,NA,0,0,0,0
2926,2633,"ALT600D02",78.35,66.25,"ヤブニッケイ","EB",NA,NA,0,NA,NA,NA,5.5,NA,NA,NA,0,0,0,0
2927,2633,"ALT600D02",78.35,66.25,"ヤブニッケイ","EB",NA,NA,0,NA,NA,NA,5.6,NA,NA,NA,0,0,0,0
2928,2928,"ALT600D03",78.8,54.85,"イヌガシ","EB",NA,NA,0,NA,NA,NA,5.3,NA,NA,NA,1.24436630653522,1.24436630653522,0,0
2929,2929,"ALT600D03",71.95,51.95,"ヒサカキ","EB",NA,NA,0,NA,NA,NA,5.5,NA,NA,NA,0,0,0,0
2931,2931,"ALT600E02",89.25,76.1,"イヌガシ","EB",NA,NA,0,NA,NA,NA,5.7,NA,NA,NA,1.02756532650945,0,1.02756532650945,0
2932,189,"ALT600E02",80.85,73.25,"アブラチャン","DB",NA,NA,0,NA,NA,NA,4.9,NA,NA,NA,0,0,0,0
2933,2933,"ALT600E02",84.35,62.4,"イヌガシ","EB",NA,NA,0,NA,NA,NA,4.8,NA,NA,NA,0,0,0,0
2934,2934,"ALT600E02",81.7,60.9,"ヤブニッケイ","EB",NA,NA,0,NA,NA,NA,5.7,NA,NA,NA,7.40967499914977,7.40967499914977,0,0
2935,2935,"ALT600E02",83.4,63.75,"ヒサカキ","EB",NA,NA,0,NA,NA,NA,5.3,NA,NA,NA,0,0,0,0
2939,2939,"ALT600E01",95.3,84.9,"アブラチャン","DB",NA,NA,0,NA,NA,NA,5.4,NA,NA,NA,0,0,0,0
2940,20,"ALT600E02",91,64.15,"アワブキ","DB",NA,NA,0,NA,NA,NA,6.4,NA,NA,NA,3.96957327923677,0,2.61749155093778,0
2941,20,"ALT600E02",91,64.15,"アワブキ","DB",NA,NA,0,NA,NA,NA,5.2,NA,NA,NA,5.14164412654921,0,3.22152806269266,0
2942,32,"ALT600E03",90.15,56.85,"イヌガシ","EB",NA,NA,0,NA,NA,NA,5.8,NA,NA,NA,0,0,0,0
2943,32,"ALT600E03",90.15,56.85,"イヌガシ","EB",NA,NA,0,NA,NA,NA,5.1,NA,NA,NA,0,0,0,0
2944,2944,"ALT600E03",94.45,56.85,"イヌガシ","EB",NA,NA,0,NA,NA,NA,5.9,NA,NA,NA,0,0,0,0
2945,2945,"ALT600E03",95.45,56.9,"イヌガシ","EB",NA,NA,0,NA,NA,NA,5.7,NA,NA,NA,0,0,0,0
2946,2946,"ALT600E03",97.5,57.95,"イヌガシ","EB",NA,NA,0,NA,NA,NA,5,NA,NA,NA,0,0,0,0
2947,2947,"ALT600E03",99.5,57.15,"イヌガシ","EB",NA,NA,0,NA,NA,NA,6.4,NA,NA,NA,20.9386600813473,20.9386600813473,0,0
2948,2948,"ALT600E03",99.65,53.95,"イヌガシ","EB",NA,NA,0,NA,NA,NA,5.2,NA,NA,NA,0,0,0,0
2949,2949,"ALT600E03",98,51.35,"ヤブニッケイ","EB",NA,NA,0,NA,NA,NA,4.8,NA,NA,NA,0,0,0,0
2954,2954,"ALT600A01",3.35,87.25,"イヌガシ","EB",NA,NA,0,NA,NA,NA,2.1,NA,NA,NA,0,0,0,0
2955,2795,"ALT600A01",4.45,86.8,"アカガシ","EB",NA,NA,0,NA,NA,NA,2.9,NA,NA,NA,0,0,0,0
2956,1049,"ALT600A01",6.45,85.4,"イヌガシ","EB",NA,NA,0,NA,NA,NA,3,NA,NA,NA,0,0,0,0
2957,1049,"ALT600A01",6.45,85.4,"イヌガシ","EB",NA,NA,0,NA,NA,NA,2.5,NA,NA,NA,0,0,0,0
2958,2958,"ALT600A01",5.15,83.55,"イヌガシ","EB",NA,NA,0,NA,NA,NA,3.1,NA,NA,NA,0,0,0,0
2959,2959,"ALT600A01",8.4,84.3,"イヌガシ","EB",NA,NA,0,NA,NA,NA,2.4,NA,NA,NA,0,0,0,0
2960,2960,"ALT600A01",2.65,81.4,"イヌガシ","EB",NA,NA,0,NA,NA,NA,4.3,NA,NA,NA,0,0,0,0
2961,2961,"ALT600A01",4,84.6,"イヌガシ","EB",NA,NA,0,NA,NA,NA,3.1,NA,NA,NA,0,0,0,0
2962,2962,"ALT600A02",3.6,79,"イヌガシ","EB",NA,NA,0,NA,NA,NA,3.2,NA,NA,NA,25.0562177964312,25.0562177964312,0,0
2963,2963,"ALT600A02",3.8,79.75,"イヌガシ","EB",NA,NA,0,NA,NA,NA,2.6,NA,NA,NA,19.030831957939,19.030831957939,0,0
2964,2964,"ALT600A02",7.05,79.25,"シキミ","EB",NA,NA,0,NA,NA,NA,4.3,NA,NA,NA,0,0,0,0
2965,2965,"ALT600A02",3.85,76.8,"イヌガシ","EB",NA,NA,0,NA,NA,NA,2.5,NA,NA,NA,3.15130738821742,0,0,3.15130738821742
2966,2966,"ALT600A02",5.2,76.65,"イヌガシ","EB",NA,NA,0,NA,NA,NA,2.1,NA,NA,NA,0,0,0,0
2967,2967,"ALT600A02",5.15,75.5,"イヌガシ","EB",NA,NA,0,NA,NA,NA,2.1,NA,NA,NA,2.83507964775333,2.83507964775333,0,0
2968,2968,"ALT600A02",6.3,77.1,"イヌガシ","EB",NA,NA,0,NA,NA,NA,4,NA,NA,NA,0,0,0,0
2970,2970,"ALT600A02",7,74.4,"イヌガシ","EB",NA,NA,0,NA,NA,NA,4.5,NA,NA,NA,0,0,0,0
2971,2971,"ALT600A02",5.7,70.35,"イヌガシ","EB",NA,NA,0,NA,NA,NA,4.5,NA,NA,NA,3.50392220818424,3.50392220818424,0,0
2972,2972,"ALT600A02",5.6,72.55,"イヌガシ","EB",NA,NA,0,NA,NA,NA,4,NA,NA,NA,0,0,0,0
2973,2973,"ALT600A02",4.5,72.65,"イヌガシ","EB",NA,NA,0,NA,NA,NA,3.9,NA,NA,NA,13.5346630793868,0,13.5346630793868,0
2974,2974,"ALT600A02",3.3,72.7,"イヌガシ","EB",NA,NA,0,NA,NA,NA,4.2,NA,NA,NA,17.1218919419984,0,17.1218919419984,0
2975,2975,"ALT600A02",2.55,71.55,"イヌガシ","EB",NA,NA,0,NA,NA,NA,4.4,NA,NA,NA,3.05659847738623,3.05659847738623,0,0
2976,2976,"ALT600A02",1.1,71.5,"イヌガシ","EB",NA,NA,0,NA,NA,NA,3.7,NA,NA,NA,3.94843243251355,3.94843243251355,0,0
2977,2977,"ALT600A02",0.85,70.8,"イヌガシ","EB",NA,NA,0,NA,NA,NA,3,NA,NA,NA,1.65925955852423,1.65925955852423,0,0
2978,2978,"ALT600A02",0.15,71.9,"イヌガシ","EB",NA,NA,0,NA,NA,NA,3.5,NA,NA,NA,0,0,0,0
2979,2979,"ALT600A02",2.1,72.15,"イヌガシ","EB",NA,NA,0,NA,NA,NA,2.2,NA,NA,NA,17.9696969696969,17.9696969696969,0,0
2980,2980,"ALT600A02",3.45,73.9,"イヌガシ","EB",NA,NA,0,NA,NA,NA,3.1,NA,NA,NA,3.45161290322582,3.45161290322582,0,0
2981,2981,"ALT600A02",2,75.35,"イヌガシ","EB",NA,NA,0,NA,NA,NA,2.9,NA,NA,NA,0,0,0,0
2982,2982,"ALT600A02",0.85,78,"イヌガシ","EB",NA,NA,0,NA,NA,NA,3.1,NA,NA,NA,3.19338546342312,3.19338546342312,0,0
2983,2983,"ALT600A02",0.8,69.6,"イヌガシ","EB",NA,NA,0,NA,NA,NA,2.3,NA,NA,NA,1.04347826086957,1.04347826086957,0,0
2984,2984,"ALT600A02",0,69,"イヌガシ","EB",NA,NA,0,NA,NA,NA,2.4,NA,NA,NA,2.71528815458015,2.71528815458015,0,0
2985,2985,"ALT600A02",0.5,68.6,"イヌガシ","EB",NA,NA,0,NA,NA,NA,2.7,NA,NA,NA,1.3882112167876,1.3882112167876,0,0
2986,2986,"ALT600A02",1.3,67.8,"イヌガシ","EB",NA,NA,0,NA,NA,NA,3.9,NA,NA,NA,0,0,0,0
2987,2987,"ALT600A02",1.65,66.4,"イヌガシ","EB",NA,NA,0,NA,NA,NA,3.2,NA,NA,NA,19.2039194245748,0,19.2039194245748,0
2988,2988,"ALT600A02",2.95,68.3,"イヌガシ","EB",NA,NA,0,NA,NA,NA,4.5,NA,NA,NA,0,0,0,0
2989,2989,"ALT600A02",3.45,69.6,"イヌガシ","EB",NA,NA,0,NA,NA,NA,3.6,NA,NA,NA,5.57242337249955,5.57242337249955,0,0
2990,2990,"ALT600A02",7.85,65.4,"ヤブニッケイ","EB",NA,NA,0,NA,NA,NA,3.9,NA,NA,NA,0,0,0,0
2991,2797,"ALT600A02",7.75,64.15,"イヌガシ","EB",NA,NA,0,NA,NA,NA,2.2,NA,NA,NA,0,0,0,0
2992,2992,"ALT600A02",6.45,63.65,"イヌガシ","EB",NA,NA,0,NA,NA,NA,2.8,NA,NA,NA,0,0,0,0
2993,2993,"ALT600A02",7.5,61.3,"イヌガシ","EB",NA,NA,0,NA,NA,NA,3.6,NA,NA,NA,2.49097512475162,1.7352860419618,0,0
2994,2993,"ALT600A02",7.5,61.3,"イヌガシ","EB",NA,NA,0,NA,NA,NA,2.7,NA,NA,NA,3.65716198090875,2.31371472261574,0,0
2995,1023,"ALT600A02",5.25,61.55,"イヌガシ","EB",NA,NA,0,NA,NA,NA,4.5,NA,NA,NA,0,0,0,0
2996,1023,"ALT600A02",5.25,61.55,"イヌガシ","EB",NA,NA,0,NA,NA,NA,3.3,NA,NA,NA,0,0,0,0
2997,1022,"ALT600A02",5.35,63.45,"イヌガシ","EB",NA,NA,0,NA,NA,NA,2.2,NA,NA,NA,0,0,0,0
2998,2998,"ALT600A02",4.15,61.2,"イヌガシ","EB",NA,NA,0,NA,NA,NA,2.8,NA,NA,NA,0,0,0,0
2999,2999,"ALT600A02",3,63,"ヤブニッケイ","EB",NA,NA,0,NA,NA,NA,4.7,NA,NA,NA,0,0,0,0
3000,2999,"ALT600A02",3,63,"ヤブニッケイ","EB",NA,NA,0,NA,NA,NA,3.6,NA,NA,NA,0,0,0,0
3001,3001,"ALT600A03",2.95,59.7,"イヌガシ","EB",NA,NA,0,NA,NA,NA,4,NA,NA,NA,0,0,0,0
3002,3001,"ALT600A03",2.95,59.7,"イヌガシ","EB",NA,NA,0,NA,NA,NA,3.6,NA,NA,NA,0,0,0,0
3003,3001,"ALT600A03",2.95,59.7,"イヌガシ","EB",NA,NA,0,NA,NA,NA,2.7,NA,NA,NA,0,0,0,0
3004,3001,"ALT600A03",2.95,59.7,"イヌガシ","EB",NA,NA,0,NA,NA,NA,2.3,NA,NA,NA,0,0,0,0
3005,2798,"ALT600A03",4.1,57.65,"イヌガシ","EB",NA,NA,0,NA,NA,NA,2.9,NA,NA,NA,0,0,0,0
3006,2798,"ALT600A03",4.1,57.65,"イヌガシ","EB",NA,NA,0,NA,NA,NA,2.4,NA,NA,NA,0,0,0,0
3007,3007,"ALT600A03",7.2,56.85,"イヌガシ","EB",NA,NA,0,NA,NA,NA,2.3,NA,NA,NA,1.03005240524921,1.03005240524921,0,0
3008,3008,"ALT600A03",6.7,59.95,"イヌガシ","EB",NA,NA,0,NA,NA,NA,3.2,NA,NA,NA,2.61647032675758,1.22813913296784,0,0
3009,3008,"ALT600A03",6.7,59.95,"イヌガシ","EB",NA,NA,0,NA,NA,NA,2.3,NA,NA,NA,4.30893427370192,2.37734304755968,0,0
3010,3010,"ALT600A03",7.25,59.75,"イヌガシ","EB",NA,NA,0,NA,NA,NA,2.6,NA,NA,NA,3.61459009034014,3.61459009034014,0,0
3011,3011,"ALT600A03",8.15,57.05,"イヌガシ","EB",NA,NA,0,NA,NA,NA,2.3,NA,NA,NA,1.03005240524921,1.03005240524921,0,0
3012,3012,"ALT600A03",10,57.1,"イヌガシ","EB",NA,NA,0,NA,NA,NA,2.1,NA,NA,NA,0,0,0,0
3013,3012,"ALT600A03",10,57.1,"イヌガシ","EB",NA,NA,0,NA,NA,NA,2.1,NA,NA,NA,0,0,0,0
3014,3014,"ALT600A03",8.35,55.45,"イヌガシ","EB",NA,NA,0,NA,NA,NA,4.7,NA,NA,NA,0,0,0,0
3015,3015,"ALT600A03",8.85,53.2,"イヌガシ","EB",NA,NA,0,NA,NA,NA,3,NA,NA,NA,11.7936865164113,11.7936865164113,0,0
3016,1011,"ALT600A03",8.3,53.75,"イヌガシ","EB",NA,NA,0,NA,NA,NA,2.7,NA,NA,NA,13.1396425906168,10.4353269652377,0,0
3017,1011,"ALT600A03",8.3,53.75,"イヌガシ","EB",NA,NA,0,NA,NA,NA,2.1,NA,NA,NA,17.2611543859549,13.4168489553056,0,0
3018,3018,"ALT600A03",9.5,50.8,"イヌガシ","EB",NA,NA,0,NA,NA,NA,2,NA,NA,NA,3.28876876657511,3.28876876657511,0,0
3019,3019,"ALT600A03",3,52.75,"ヤブニッケイ","EB",NA,NA,0,NA,NA,NA,3.3,NA,NA,NA,0,0,0,0
3020,3020,"ALT600A03",0.85,56.8,"シキミ","EB",NA,NA,0,NA,NA,NA,2.8,NA,NA,NA,0,0,0,0
3069,871,"ALT600A01",16.55,87.55,"イヌガシ","EB",NA,NA,0,NA,NA,NA,4.3,NA,NA,NA,0,0,0,0
3070,3070,"ALT600A01",19.55,82.75,"アカガシ","EB",NA,NA,0,NA,NA,NA,3.7,NA,NA,NA,0,0,0,0
3071,3071,"ALT600A01",16.95,80.35,"イヌガシ","EB",NA,NA,0,NA,NA,NA,4.4,NA,NA,NA,0,0,0,0
3072,3072,"ALT600A02",10.55,79.85,"シロダモ","EB",NA,NA,0,NA,NA,NA,2,NA,NA,NA,0,0,0,0
3073,3073,"ALT600A02",13.85,78.85,"イヌガシ","EB",NA,NA,0,NA,NA,NA,3.5,NA,NA,NA,3.37684642698867,3.37684642698867,0,0
3074,3074,"ALT600A02",14.5,78.6,"イヌガシ","EB",NA,NA,0,NA,NA,NA,2.3,NA,NA,NA,2.18509004796703,2.18509004796703,0,0
3075,3075,"ALT600A02",15.5,77.7,"イヌガシ","EB",NA,NA,0,NA,NA,NA,3.7,NA,NA,NA,0,0,0,0
3076,3076,"ALT600A02",15.75,78.9,"イヌガシ","EB",NA,NA,0,NA,NA,NA,2.9,NA,NA,NA,0,0,0,0
3077,3077,"ALT600A02",10.65,75.15,"イヌガシ","EB",NA,NA,0,NA,NA,NA,3.1,NA,NA,NA,0,0,0,0
3078,3078,"ALT600A02",12.75,74.75,"イヌガシ","EB",NA,NA,0,NA,NA,NA,3.2,NA,NA,NA,0,0,0,0
3079,3079,"ALT600A02",13.2,76.1,"イヌガシ","EB",NA,NA,0,NA,NA,NA,3.3,NA,NA,NA,0,0,0,0
3080,879,"ALT600A02",10.5,77.9,"イヌガシ","EB",NA,NA,0,NA,NA,NA,4.3,NA,NA,NA,24.5199192234053,10.797084702483,8.69201026707724,0
3081,879,"ALT600A02",10.5,77.9,"イヌガシ","EB",NA,NA,0,NA,NA,NA,4.3,NA,NA,NA,24.5199192234053,10.797084702483,8.69201026707724,0
3082,879,"ALT600A02",10.5,77.9,"イヌガシ","EB",NA,NA,0,NA,NA,NA,2.7,NA,NA,NA,40.2013953408097,17.1953571187693,13.842831166086,0
3083,3083,"ALT600A02",12.5,66.9,"イヌガシ","EB",NA,NA,0,NA,NA,NA,2,NA,NA,NA,0,0,0,0
3084,896,"ALT600A02",10.3,66.3,"イヌガシ","EB",NA,NA,0,NA,NA,NA,4,NA,NA,NA,0,0,0,0
3085,3085,"ALT600A03",11.3,57.35,"イヌガシ","EB",NA,NA,0,NA,NA,NA,2.5,NA,NA,NA,0,0,0,0
3086,3086,"ALT600A03",12.8,56.65,"イヌガシ","EB",NA,NA,0,NA,NA,NA,4.2,NA,NA,NA,1.44366443474008,1.44366443474008,0,0
3087,3087,"ALT600A03",13.2,56.75,"イヌガシ","EB",NA,NA,0,NA,NA,NA,2.5,NA,NA,NA,4.0745985006104,4.0745985006104,0,0
3088,3088,"ALT600A03",12.95,57.9,"イヌガシ","EB",NA,NA,0,NA,NA,NA,3,NA,NA,NA,0,0,0,0
3089,3089,"ALT600A03",13,59.35,"イヌガシ","EB",NA,NA,0,NA,NA,NA,2.5,NA,NA,NA,0,0,0,0
3090,3090,"ALT600A03",19.4,59.45,"イヌガシ","EB",NA,NA,0,NA,NA,NA,3.8,NA,NA,NA,0,0,0,0
3091,3091,"ALT600A03",16.1,54.8,"イヌガシ","EB",NA,NA,0,NA,NA,NA,2.7,NA,NA,NA,0,0,0,0
3092,3091,"ALT600A03",16.1,54.8,"イヌガシ","EB",NA,NA,0,NA,NA,NA,2.1,NA,NA,NA,0,0,0,0
3093,3093,"ALT600A03",15.7,51.75,"イヌガシ","EB",NA,NA,0,NA,NA,NA,3.2,NA,NA,NA,2.93775269875357,2.93775269875357,0,0
3094,3094,"ALT600A03",16.75,51.6,"イヌガシ","EB",NA,NA,0,NA,NA,NA,3.6,NA,NA,NA,1.18457052598923,1.18457052598923,0,0
3095,3095,"ALT600A03",16.55,52.05,"イヌガシ","EB",NA,NA,0,NA,NA,NA,2.1,NA,NA,NA,6.49241648853797,6.49241648853797,0,0
3096,3096,"ALT600A03",15.65,52.1,"イヌガシ","EB",NA,NA,0,NA,NA,NA,2.5,NA,NA,NA,4.55228304933349,4.55228304933349,0,0
3097,3097,"ALT600A03",12.7,53.2,"イヌガシ","EB",NA,NA,0,NA,NA,NA,2.2,NA,NA,NA,0,0,0,0
3098,3098,"ALT600A03",12.2,50.8,"ヤブニッケイ","EB",NA,NA,0,NA,NA,NA,4.5,NA,NA,NA,0,0,0,0
3099,3098,"ALT600A03",12.2,50.8,"ヤブニッケイ","EB",NA,NA,0,NA,NA,NA,2.5,NA,NA,NA,0,0,0,0
3100,3100,"ALT600A03",12.85,54.95,"アカガシ","EB",NA,NA,0,NA,NA,NA,3.3,NA,NA,NA,3.11815609350016,3.11815609350016,0,0
3101,3101,"ALT600A03",12.7,55.2,"イヌガシ","EB",NA,NA,0,NA,NA,NA,3,NA,NA,NA,3.77296887313519,3.77296887313519,0,0
3102,3102,"ALT600A03",13.6,55.8,"イヌガシ","EB",NA,NA,0,NA,NA,NA,2.8,NA,NA,NA,3.64107351870424,3.64107351870424,0,0
3103,3103,"ALT600A03",10,55.2,"イヌガシ","EB",NA,NA,0,NA,NA,NA,2.9,NA,NA,NA,0,0,0,0
3107,3107,"ALT600A03",14.9,50,"アカガシ","EB",NA,NA,0,NA,NA,NA,3,NA,NA,NA,8.73273876522235,8.73273876522235,0,0
3156,3156,"ALT600B02",21.1,79.45,"イヌガシ","EB",NA,NA,0,NA,NA,NA,3.7,NA,NA,NA,0.99044036205642,0.99044036205642,0,0
3157,3157,"ALT600B02",21.9,79.1,"イヌガシ","EB",NA,NA,0,NA,NA,NA,3.2,NA,NA,NA,1.32413364810082,1.32413364810082,0,0
3158,3158,"ALT600B02",25.4,77.5,"ブナ","DB",NA,NA,0,NA,NA,NA,4.3,NA,NA,NA,5.41800191661856,0,5.41800191661856,0
3159,3159,"ALT600B02",25.55,77.6,"アブラチャン","DB",NA,NA,0,NA,NA,NA,4.2,NA,NA,NA,5.67907343754406,0,5.67907343754406,0
3160,3160,"ALT600B02",28.15,76.6,"アブラチャン","DB",NA,NA,0,NA,NA,NA,3.4,NA,NA,NA,0,0,0,0
3161,3160,"ALT600B02",28.15,76.6,"イヌガシ","EB",NA,NA,0,NA,NA,NA,2.7,NA,NA,NA,0,0,0,0
3162,2593,"ALT600B02",29.75,72.85,"アブラチャン","DB",NA,NA,0,NA,NA,NA,3.8,NA,NA,NA,0,0,0,0
3163,2593,"ALT600B02",29.75,72.85,"アブラチャン","DB",NA,NA,0,NA,NA,NA,3,NA,NA,NA,0,0,0,0
3164,2593,"ALT600B02",29.75,72.85,"アブラチャン","DB",NA,NA,0,NA,NA,NA,2.4,NA,NA,NA,0,0,0,0
3165,2593,"ALT600B02",29.75,72.85,"アブラチャン","DB",NA,NA,0,NA,NA,NA,2.3,NA,NA,NA,0,0,0,0
3166,3166,"ALT600B02",25.3,72.6,"イヌガシ","EB",NA,NA,0,NA,NA,NA,3.3,NA,NA,NA,2.87878787878784,2.87878787878784,0,0
3167,3167,"ALT600B02",24.55,70.05,"イヌガシ","EB",NA,NA,0,NA,NA,NA,3.1,NA,NA,NA,0,0,0,0
3168,3168,"ALT600B02",23.45,72.15,"イヌガシ","EB",NA,NA,0,NA,NA,NA,2.8,NA,NA,NA,7.64364968975775,7.64364968975775,0,0
3169,3169,"ALT600B02",23.4,73.1,"イヌガシ","EB",NA,NA,0,NA,NA,NA,2.1,NA,NA,NA,5.87328920839156,5.87328920839156,0,0
3170,3170,"ALT600B02",22.4,72.65,"イヌガシ","EB",NA,NA,0,NA,NA,NA,4.2,NA,NA,NA,2.64463846863069,2.64463846863069,0,0
3171,3171,"ALT600B02",21.95,70.5,"イヌガシ","EB",NA,NA,0,NA,NA,NA,4.1,NA,NA,NA,0,0,0,0
3172,3172,"ALT600B02",20.6,71.45,"イヌガシ","EB",NA,NA,0,NA,NA,NA,3.2,NA,NA,NA,0,0,0,0
3173,3173,"ALT600B02",20.55,75.1,"イヌガシ","EB",NA,NA,0,NA,NA,NA,2.8,NA,NA,NA,0,0,0,0
3174,3174,"ALT600B02",23.9,63.35,"イヌガシ","EB",NA,NA,0,NA,NA,NA,3.9,NA,NA,NA,20.0545455558353,20.0545455558353,0,0
3175,3175,"ALT600B02",21.9,61.75,"イヌガシ","EB",NA,NA,0,NA,NA,NA,4,NA,NA,NA,0,0,0,0
3176,3176,"ALT600B02",21.35,60.45,"イヌガシ","EB",NA,NA,0,NA,NA,NA,2.2,NA,NA,NA,0,0,0,0
3177,3177,"ALT600B03",24.55,56.4,"ヤブニッケイ","EB",NA,NA,0,NA,NA,NA,2.5,NA,NA,NA,0,0,0,0
3178,3178,"ALT600B03",25.65,56.1,"イヌガシ","EB",NA,NA,0,NA,NA,NA,2.7,NA,NA,NA,0,0,0,0
3179,3179,"ALT600B03",24.7,55.15,"ヤブニッケイ","EB",NA,NA,0,NA,NA,NA,2.6,NA,NA,NA,0,0,0,0
3180,825,"ALT600B03",27.55,58.6,"イヌガシ","EB",NA,NA,0,NA,NA,NA,3.7,NA,NA,NA,0,0,0,0
3181,825,"ALT600B03",27.55,58.6,"イヌガシ","EB",NA,NA,0,NA,NA,NA,3.3,NA,NA,NA,0,0,0,0
3182,825,"ALT600B03",27.55,58.6,"イヌガシ","EB",NA,NA,0,NA,NA,NA,2.7,NA,NA,NA,0,0,0,0
3183,3183,"ALT600B03",28.9,56.4,"イヌガシ","EB",NA,NA,0,NA,NA,NA,2.6,NA,NA,NA,0,0,0,0
3184,3184,"ALT600B03",28.35,52.75,"イヌガシ","EB",NA,NA,0,NA,NA,NA,2.4,NA,NA,NA,0,0,0,0
3185,3185,"ALT600B03",29.1,50.4,"イヌガシ","EB",NA,NA,0,NA,NA,NA,2.4,NA,NA,NA,0,0,0,0
3186,3186,"ALT600B03",25,50.35,"イヌガシ","EB",NA,NA,0,NA,NA,NA,3.2,NA,NA,NA,0,0,0,0
3187,3187,"ALT600B03",20,52.3,"イヌガシ","EB",NA,NA,0,NA,NA,NA,2.3,NA,NA,NA,11.4943642598039,11.4943642598039,0,0
3222,3222,"ALT600B02",32.05,75.55,"イヌガシ","EB",NA,NA,0,NA,NA,NA,2.7,NA,NA,NA,0,0,0,0
3223,3223,"ALT600B02",38.75,75.3,"イヌガシ","EB",NA,NA,0,NA,NA,NA,2.2,NA,NA,NA,0,0,0,0
3224,3224,"ALT600B02",35.1,73.35,"アオハダ","DB",NA,NA,0,NA,NA,NA,4,NA,NA,NA,0,0,0,0
3225,3225,"ALT600B02",37.3,71.65,"イヌガシ","EB",NA,NA,0,NA,NA,NA,3.3,NA,NA,NA,5.28962808609983,5.28962808609983,0,0
3226,3226,"ALT600B02",38.1,72.75,"イヌガシ","EB",NA,NA,0,NA,NA,NA,2.3,NA,NA,NA,0,0,0,0
3227,2231,"ALT600B02",37.55,70.9,"ヤブニッケイ","EB",NA,NA,0,NA,NA,NA,2.3,NA,NA,NA,8.13942771660731,6.32455532033676,0,0
3228,3228,"ALT600B02",30.75,71.6,"アブラチャン","DB",NA,NA,0,NA,NA,NA,3.5,NA,NA,NA,8.35200254529039,5.31491071063934,0,0
3229,3228,"ALT600B02",30.75,71.6,"アブラチャン","DB",NA,NA,0,NA,NA,NA,3.3,NA,NA,NA,8.95884570543373,5.63702651128415,0,0
3230,3228,"ALT600B02",30.75,71.6,"アブラチャン","DB",NA,NA,0,NA,NA,NA,3.1,NA,NA,NA,9.64399120882138,6.00070564104441,0,0
3231,3231,"ALT600B02",34.3,74.9,"シロダモ","EB",NA,NA,0,NA,NA,NA,3.6,NA,NA,NA,0,0,0,0
3232,658,"ALT600B02",32.6,66.6,"イヌガシ","EB",NA,NA,0,NA,NA,NA,3.3,NA,NA,NA,0,0,0,0
3233,3233,"ALT600B02",39.25,68.2,"イヌガシ","EB",NA,NA,0,NA,NA,NA,4.4,NA,NA,NA,0,0,0,0
3234,3233,"ALT600B02",39.25,68.2,"イヌガシ","EB",NA,NA,0,NA,NA,NA,3.6,NA,NA,NA,0,0,0,0
3235,3233,"ALT600B02",39.25,68.2,"イヌガシ","EB",NA,NA,0,NA,NA,NA,3,NA,NA,NA,0,0,0,0
3236,3233,"ALT600B02",39.25,68.2,"イヌガシ","EB",NA,NA,0,NA,NA,NA,2.5,NA,NA,NA,0,0,0,0
3237,3237,"ALT600B02",37.95,65.55,"アカガシ","EB",NA,NA,0,NA,NA,NA,3.8,NA,NA,NA,0,0,0,0
3238,3237,"ALT600B02",37.95,65.55,"アカガシ","EB",NA,NA,0,NA,NA,NA,3.3,NA,NA,NA,0,0,0,0
3239,652,"ALT600B02",38,63.7,"イヌガシ","EB",NA,NA,0,NA,NA,NA,2.4,NA,NA,NA,0,0,0,0
3240,3240,"ALT600B02",31.3,62.1,"イヌガシ","EB",NA,NA,0,NA,NA,NA,3.3,NA,NA,NA,0,0,0,0
3241,3241,"ALT600B02",36.7,60.05,"ヤブニッケイ","EB",NA,NA,0,NA,NA,NA,3.3,NA,NA,NA,0,0,0,0
3242,3241,"ALT600B02",36.7,60.05,"ヤブニッケイ","EB",NA,NA,0,NA,NA,NA,2.2,NA,NA,NA,0,0,0,0
3243,2891,"ALT600B03",32.2,58.4,"イヌガシ","EB",NA,NA,0,NA,NA,NA,3.2,NA,NA,NA,0,0,0,0
3244,670,"ALT600B03",34.85,59.6,"イヌガシ","EB",NA,NA,0,NA,NA,NA,3.2,NA,NA,NA,24.9446289464152,0,18.9163436176982,0
3245,670,"ALT600B03",34.85,59.6,"イヌガシ","EB",NA,NA,0,NA,NA,NA,2.7,NA,NA,NA,29.8103713828765,0,22.4193702135683,0
3246,668,"ALT600B03",35,58.25,"ウラジロガシ","EB",NA,NA,0,NA,NA,NA,4.5,NA,NA,NA,22.8331926812996,4.63970475284007,0,0
3247,668,"ALT600B03",35,58.25,"ウラジロガシ","EB",NA,NA,0,NA,NA,NA,4.3,NA,NA,NA,23.9716662884788,4.8555049739024,0,0
3248,2346,"ALT600B03",36.7,52.35,"イヌガシ","EB",NA,NA,0,NA,NA,NA,3.6,NA,NA,NA,0,0,0,0
3249,3249,"ALT600B03",35.4,56.5,"ヤブニッケイ","EB",NA,NA,0,NA,NA,NA,2.8,NA,NA,NA,0,0,0,0
3250,3250,"ALT600B03",37.15,56.05,"ヤブニッケイ","EB",NA,NA,0,NA,NA,NA,3.2,NA,NA,NA,0,0,0,0
3251,3251,"ALT600B03",37.95,55.05,"イヌガシ","EB",NA,NA,0,NA,NA,NA,2.3,NA,NA,NA,0,0,0,0
3252,3252,"ALT600B03",39.65,52.4,"イヌガシ","EB",NA,NA,0,NA,NA,NA,3.5,NA,NA,NA,4.14681604491311,4.14681604491311,0,0
3253,3253,"ALT600B03",39.45,52.05,"ヤブニッケイ","EB",NA,NA,0,NA,NA,NA,2.6,NA,NA,NA,3.3393967004787,3.3393967004787,0,0
3254,3254,"ALT600B03",31.35,51.3,"イヌガシ","EB",NA,NA,0,NA,NA,NA,4.5,NA,NA,NA,0,0,0,0
3255,3255,"ALT600B03",30.4,51.7,"イヌガシ","EB",NA,NA,0,NA,NA,NA,2.4,NA,NA,NA,0,0,0,0
3296,621,"ALT600C01",44.9,89.6,"アブラチャン","DB",NA,NA,0,NA,NA,NA,2.3,NA,NA,NA,0,0,0,0
3297,621,"ALT600C01",44.9,89.6,"アブラチャン","DB",NA,NA,0,NA,NA,NA,2.4,NA,NA,NA,0,0,0,0
3298,3298,"ALT600C02",40.95,76.5,"イヌガシ","EB",NA,NA,0,NA,NA,NA,2.2,NA,NA,NA,0,0,0,0
3299,3298,"ALT600C02",40.95,76.5,"イヌガシ","EB",NA,NA,0,NA,NA,NA,2.2,NA,NA,NA,0,0,0,0
3300,3300,"ALT600C02",42.4,76.05,"イヌガシ","EB",NA,NA,0,NA,NA,NA,2.9,NA,NA,NA,8.29029175000211,0,8.29029175000211,0
3301,3302,"ALT600C02",49.15,78.3,"シロダモ","EB",NA,NA,0,NA,NA,NA,3.7,NA,NA,NA,0,0,0,0
3302,3302,"ALT600C02",49.15,78.3,"シロダモ","EB",NA,NA,0,NA,NA,NA,3.9,NA,NA,NA,0,0,0,0
3303,3303,"ALT600C02",47.55,77.7,"カマツカ","DB",NA,NA,0,NA,NA,NA,3.2,NA,NA,NA,0,0,0,0
3304,3304,"ALT600C02",46.6,73.8,"イヌガシ","EB",NA,NA,0,NA,NA,NA,2.5,NA,NA,NA,0,0,0,0
3305,3305,"ALT600C02",45.45,73.7,"カマツカ","DB",NA,NA,0,NA,NA,NA,2.9,NA,NA,NA,25.090428922512,25.090428922512,0,0
3306,3306,"ALT600C02",43.55,71,"シロダモ","EB",NA,NA,0,NA,NA,NA,3.8,NA,NA,NA,0,0,0,0
3307,3307,"ALT600C02",42.75,72.65,"カマツカ","DB",NA,NA,0,NA,NA,NA,4.2,NA,NA,NA,0,0,0,0
3308,3308,"ALT600C02",42.4,73.9,"イヌガシ","EB",NA,NA,0,NA,NA,NA,2.8,NA,NA,NA,0,0,0,0
3309,2599,"ALT600C02",45.35,73.3,"イヌガシ","EB",NA,NA,0,NA,NA,NA,2.9,NA,NA,NA,19.9046478478091,10.4541217688073,0,0
3310,3310,"ALT600C02",49.7,68.25,"シロダモ","EB",NA,NA,0,NA,NA,NA,2.9,NA,NA,NA,4.49759357706166,4.49759357706166,0,0
3311,3311,"ALT600C02",49.5,67.45,"ヒサカキ","EB",NA,NA,0,NA,NA,NA,2.2,NA,NA,NA,43.6743556128409,43.6743556128409,0,0
3312,3312,"ALT600C02",49.45,63.6,"イヌガシ","EB",NA,NA,0,NA,NA,NA,3.7,NA,NA,NA,0,0,0,0
3314,3314,"ALT600C02",47.95,62.35,"ヤブニッケイ","EB",NA,NA,0,NA,NA,NA,2.1,NA,NA,NA,6.90195686735434,6.90195686735434,0,0
3315,3315,"ALT600C02",49.85,61.45,"イヌガシ","EB",NA,NA,0,NA,NA,NA,4.2,NA,NA,NA,0.687795600693787,0.687795600693787,0,0
3316,3316,"ALT600C02",48.65,60.9,"アカガシ","EB",NA,NA,0,NA,NA,NA,2,NA,NA,NA,6.21217283754965,6.21217283754965,0,0
3317,3317,"ALT600C02",48.25,60.9,"イヌガシ","EB",NA,NA,0,NA,NA,NA,3,NA,NA,NA,5.6767819061962,5.6767819061962,0,0
3318,3318,"ALT600C02",47.85,61.25,"イヌガシ","EB",NA,NA,0,NA,NA,NA,4.3,NA,NA,NA,17.9657723431176,2.56768363870194,15.3980887044157,0
3319,3319,"ALT600C02",47.8,60.35,"アカガシ","EB",NA,NA,0,NA,NA,NA,2.8,NA,NA,NA,25.1962499166388,3.21143105568526,21.9848188609536,0
3320,593,"ALT600C02",45.25,64.3,"イヌガシ","EB",NA,NA,0,NA,NA,NA,4.6,NA,NA,NA,0,0,0,0
3321,593,"ALT600C02",45.25,64.3,"イヌガシ","EB",NA,NA,0,NA,NA,NA,2.9,NA,NA,NA,0,0,0,0
3322,3322,"ALT600C02",43.8,63.85,"ヤブニッケイ","EB",NA,NA,0,NA,NA,NA,2.4,NA,NA,NA,0,0,0,0
3323,3323,"ALT600C02",43.6,61.25,"イヌガシ","EB",NA,NA,0,NA,NA,NA,2.8,NA,NA,NA,15.1428571428571,0,15.1428571428571,0
3324,2601,"ALT600C02",42.75,60.15,"ヤブニッケイ","EB",NA,NA,0,NA,NA,NA,3.2,NA,NA,NA,0,0,0,0
3325,3325,"ALT600C02",41.35,62.65,"ヤブニッケイ","EB",NA,NA,0,NA,NA,NA,4.1,NA,NA,NA,4.21637021355782,4.21637021355782,0,0
3326,591,"ALT600C02",43.65,66.9,"アカガシ","EB",NA,NA,0,NA,NA,NA,3.2,NA,NA,NA,0,0,0,0
3327,2602,"ALT600C02",40.4,67,"ヤブニッケイ","EB",NA,NA,0,NA,NA,NA,2.3,NA,NA,NA,0,0,0,0
3328,2602,"ALT600C02",40.4,67,"ヤブニッケイ","EB",NA,NA,0,NA,NA,NA,2.1,NA,NA,NA,0,0,0,0
3329,3329,"ALT600C03",43.05,57.8,"イヌガシ","EB",NA,NA,0,NA,NA,NA,4,NA,NA,NA,0,0,0,0
3330,575,"ALT600C03",47.65,57.65,"イヌガシ","EB",NA,NA,0,NA,NA,NA,3.9,NA,NA,NA,20.2051282051282,14.8717948717949,0,0
3331,575,"ALT600C03",47.65,57.65,"イヌガシ","EB",NA,NA,0,NA,NA,NA,2.2,NA,NA,NA,38.9090909090909,26.3636363636364,0,0
3332,3332,"ALT600C03",47.9,57.65,"ヒイラギ","EB",NA,NA,0,NA,NA,NA,3,NA,NA,NA,27.4666666666667,27.4666666666667,0,0
3333,3333,"ALT600C03",46.05,50.25,"イヌガシ","EB",NA,NA,0,NA,NA,NA,2.2,NA,NA,NA,0,0,0,0
3334,572,"ALT600C03",45.5,52.45,"イヌガシ","EB",NA,NA,0,NA,NA,NA,2.8,NA,NA,NA,0,0,0,0
3335,3335,"ALT600C03",43.15,52.9,"イヌガシ","EB",NA,NA,0,NA,NA,NA,3.8,NA,NA,NA,0,0,0,0
3374,399,"ALT600C01",54.15,97.25,"アブラチャン","DB",NA,NA,0,NA,NA,NA,3.5,NA,NA,NA,0,0,0,0
3375,399,"ALT600C01",54.15,97.25,"アブラチャン","DB",NA,NA,0,NA,NA,NA,4,NA,NA,NA,0,0,0,0
3376,399,"ALT600C01",54.15,97.25,"アブラチャン","DB",NA,NA,0,NA,NA,NA,3.3,NA,NA,NA,0,0,0,0
3377,399,"ALT600C01",54.15,97.25,"アブラチャン","DB",NA,NA,0,NA,NA,NA,2.6,NA,NA,NA,0,0,0,0
3378,399,"ALT600C01",54.15,97.25,"アブラチャン","DB",NA,NA,0,NA,NA,NA,3.2,NA,NA,NA,0,0,0,0
3379,399,"ALT600C01",54.15,97.25,"アブラチャン","DB",NA,NA,0,NA,NA,NA,2,NA,NA,NA,0,0,0,0
3380,408,"ALT600C01",55.5,88.05,"アブラチャン","DB",NA,NA,0,NA,NA,NA,3.4,NA,NA,NA,0,0,0,0
3381,408,"ALT600C01",55.5,88.05,"アブラチャン","DB",NA,NA,0,NA,NA,NA,2.2,NA,NA,NA,0,0,0,0
3382,2905,"ALT600C01",55.15,87.1,"アブラチャン","DB",NA,NA,0,NA,NA,NA,4.4,NA,NA,NA,0,0,0,0
3383,2905,"ALT600C01",55.15,87.1,"アブラチャン","DB",NA,NA,0,NA,NA,NA,3.7,NA,NA,NA,0,0,0,0
3384,407,"ALT600C01",58.2,84.9,"アブラチャン","DB",NA,NA,0,NA,NA,NA,3.6,NA,NA,NA,0,0,0,0
3385,3385,"ALT600C01",57.4,80,"イヌガシ","EB",NA,NA,0,NA,NA,NA,4.6,NA,NA,NA,3.18663420835543,0,2.3650800765138,0
3386,3385,"ALT600C01",57.4,80,"イヌガシ","EB",NA,NA,0,NA,NA,NA,3.3,NA,NA,NA,4.89311303868214,0,3.29677828847378,0
3387,3387,"ALT600C02",57.4,78.25,"シキミ","EB",NA,NA,0,NA,NA,NA,3.5,NA,NA,NA,0,0,0,0
3388,415,"ALT600C02",57.85,75.05,"イヌガシ","EB",NA,NA,0,NA,NA,NA,2.6,NA,NA,NA,15.7027176777064,7.04609126563747,0,0
3389,415,"ALT600C02",57.85,75.05,"イヌガシ","EB",NA,NA,0,NA,NA,NA,2.7,NA,NA,NA,15.0823633990809,6.78512492246571,0,0
3390,415,"ALT600C02",57.85,75.05,"イヌガシ","EB",NA,NA,0,NA,NA,NA,2.5,NA,NA,NA,16.3727002986218,7.32793491626297,0,0
3391,3391,"ALT600C02",55.45,70.9,"アカガシ","EB",NA,NA,0,NA,NA,NA,3.2,NA,NA,NA,0,0,0,0
3392,3392,"ALT600C02",53.2,71.2,"イヌガシ","EB",NA,NA,0,NA,NA,NA,2.2,NA,NA,NA,0,0,0,0
3393,420,"ALT600C02",50.85,72.05,"ヤブニッケイ","EB",NA,NA,0,NA,NA,NA,2.8,NA,NA,NA,6.1764705882353,3.61344537815126,0,0
3394,3394,"ALT600C02",53.1,73.55,"シロダモ","EB",NA,NA,0,NA,NA,NA,2.7,NA,NA,NA,1.64431127421321,1.64431127421321,0,0
3395,3395,"ALT600C02",53.65,74.05,"ヤブニッケイ","EB",NA,NA,0,NA,NA,NA,3.3,NA,NA,NA,3.85132004984945,3.85132004984945,0,0
3396,2832,"ALT600C02",52.65,74.65,"イヌガシ","EB",NA,NA,0,NA,NA,NA,4.4,NA,NA,NA,0,0,0,0
3397,3397,"ALT600C02",52,69.7,"イヌガシ","EB",NA,NA,0,NA,NA,NA,2.7,NA,NA,NA,11.8399408389747,11.8399408389747,0,0
3398,2286,"ALT600C02",55.65,66.95,"イヌガシ","EB",NA,NA,0,NA,NA,NA,3.3,NA,NA,NA,46.3101604278099,45.2762923351183,0,0
3399,3399,"ALT600C02",55.6,66.95,"イヌガシ","EB",NA,NA,0,NA,NA,NA,2.9,NA,NA,NA,74.4827586206937,74.4827586206937,0,0
3400,3400,"ALT600C02",55.8,69.75,"イヌガシ","EB",NA,NA,0,NA,NA,NA,3.5,NA,NA,NA,0,0,0,0
3401,3401,"ALT600C02",59.6,64.3,"イヌガシ","EB",NA,NA,0,NA,NA,NA,2.6,NA,NA,NA,0,0,0,0
3402,3402,"ALT600C02",58.2,64.35,"イヌガシ","EB",NA,NA,0,NA,NA,NA,2.6,NA,NA,NA,0,0,0,0
3403,440,"ALT600C02",56.35,60.9,"アカガシ","EB",NA,NA,0,NA,NA,NA,2.3,NA,NA,NA,0,0,0,0
3404,3404,"ALT600C02",55.05,61.9,"イヌガシ","EB",NA,NA,0,NA,NA,NA,3.6,NA,NA,NA,7.39600261633632,6.06061325505338,0,0
3405,3404,"ALT600C02",55.05,61.9,"イヌガシ","EB",NA,NA,0,NA,NA,NA,2.6,NA,NA,NA,10.9517731049596,8.39161835315083,0,0
3406,439,"ALT600C02",53.4,60.4,"アオハダ","DB",NA,NA,0,NA,NA,NA,3.4,NA,NA,NA,7.40262864700596,2.02374020565631,4.20724937491706,0
3407,3407,"ALT600C02",52.85,60.45,"アカガシ","EB",NA,NA,0,NA,NA,NA,3.8,NA,NA,NA,6.43280300828424,0,5.38449436989718,0
3408,3407,"ALT600C02",52.85,60.45,"アカガシ","EB",NA,NA,0,NA,NA,NA,2.2,NA,NA,NA,12.4280887749276,0,9.30049027527694,0
3409,3409,"ALT600C02",52.55,68.95,"イヌガシ","EB",NA,NA,0,NA,NA,NA,2.6,NA,NA,NA,9.53814027954806,9.53814027954806,0,0
3410,3410,"ALT600C02",50.55,61.15,"イヌガシ","EB",NA,NA,0,NA,NA,NA,2.2,NA,NA,NA,2.50675917277653,2.50675917277653,0,0
3411,3411,"ALT600C02",51.6,62.85,"イヌガシ","EB",NA,NA,0,NA,NA,NA,3.3,NA,NA,NA,6.97165467106485,6.97165467106485,0,0
3412,3412,"ALT600C02",50.85,63,"イヌガシ","EB",NA,NA,0,NA,NA,NA,2.5,NA,NA,NA,6.89710710812233,5.73719268892839,0,0
3413,3412,"ALT600C02",50.85,63,"イヌガシ","EB",NA,NA,0,NA,NA,NA,2.4,NA,NA,NA,7.23483007873828,5.97624238430041,0,0
3414,3414,"ALT600C02",52.3,64.05,"イヌガシ","EB",NA,NA,0,NA,NA,NA,3.1,NA,NA,NA,2.70460197412368,2.70460197412368,0,0
3415,3415,"ALT600C02",53.55,64.3,"イヌガシ","EB",NA,NA,0,NA,NA,NA,2.5,NA,NA,NA,0,0,0,0
3416,2911,"ALT600C02",59.05,69.7,"イヌガシ","EB",NA,NA,0,NA,NA,NA,4.2,NA,NA,NA,0,0,0,0
3417,2911,"ALT600C02",59.05,69.7,"イヌガシ","EB",NA,NA,0,NA,NA,NA,3.5,NA,NA,NA,0,0,0,0
3418,2911,"ALT600C02",59.05,69.7,"イヌガシ","EB",NA,NA,0,NA,NA,NA,0.7,NA,NA,NA,0,0,0,0
3419,447,"ALT600C03",51.5,57.35,"イヌガシ","EB",NA,NA,0,NA,NA,NA,4.6,NA,NA,NA,0,0,0,0
3420,447,"ALT600C03",51.5,57.35,"イヌガシ","EB",NA,NA,0,NA,NA,NA,3.6,NA,NA,NA,0,0,0,0
3421,3421,"ALT600C03",54.3,59.5,"イヌガシ","EB",NA,NA,0,NA,NA,NA,2.5,NA,NA,NA,0,0,0,0
3422,3422,"ALT600C03",56.25,57.9,"イヌガシ","EB",NA,NA,0,NA,NA,NA,2.1,NA,NA,NA,2.92177138608523,2.92177138608523,0,0
3423,3423,"ALT600C03",56.9,57.85,"イヌガシ","EB",NA,NA,0,NA,NA,NA,4,NA,NA,NA,0.805313238289741,0.805313238289741,0,0
3424,3424,"ALT600C03",58.1,58.5,"イヌガシ","EB",NA,NA,0,NA,NA,NA,2.6,NA,NA,NA,0,0,0,0
3425,3425,"ALT600C03",59.1,58.2,"イヌガシ","EB",NA,NA,0,NA,NA,NA,4.6,NA,NA,NA,0,0,0,0
3427,3427,"ALT600C03",58.85,56.9,"イヌガシ","EB",NA,NA,0,NA,NA,NA,3.9,NA,NA,NA,0.980286162791744,0.980286162791744,0,0
3428,444,"ALT600C03",58.2,57.1,"アカガシ","EB",NA,NA,0,NA,NA,NA,2.6,NA,NA,NA,2.20564386628142,2.20564386628142,0,0
3429,3429,"ALT600C03",58.4,55.7,"イヌガシ","EB",NA,NA,0,NA,NA,NA,3,NA,NA,NA,0,0,0,0
3430,3430,"ALT600C03",57.1,53.9,"アカガシ","EB",NA,NA,0,NA,NA,NA,4.1,NA,NA,NA,27.9593019008071,10.6881257321447,17.2711761686624,0
3431,459,"ALT600C03",58.3,50.35,"イヌガシ","EB",NA,NA,0,NA,NA,NA,4.5,NA,NA,NA,14.2905982905983,0,4.51282051282052,0
3432,459,"ALT600C03",58.3,50.35,"イヌガシ","EB",NA,NA,0,NA,NA,NA,2.3,NA,NA,NA,29.4314381270904,0,8.82943143812711,0
3433,459,"ALT600C03",58.3,50.35,"イヌガシ","EB",NA,NA,0,NA,NA,NA,2.8,NA,NA,NA,23.901098901099,0,7.25274725274727,0
3434,3434,"ALT600C03",54.55,50.05,"アカガシ","EB",NA,NA,0,NA,NA,NA,3.4,NA,NA,NA,1.91334776085773,1.91334776085773,0,0
3435,454,"ALT600C03",53.25,51.95,"イヌガシ","EB",NA,NA,0,NA,NA,NA,4.3,NA,NA,NA,0,0,0,0
3436,3436,"ALT600C03",50.6,53.2,"アカガシ","EB",NA,NA,0,NA,NA,NA,2.7,NA,NA,NA,0,0,0,0
3437,3436,"ALT600C03",50.6,53.2,"アカガシ","EB",NA,NA,0,NA,NA,NA,2.3,NA,NA,NA,0,0,0,0
3438,2614,"ALT600C03",53.5,56.25,"イヌガシ","EB",NA,NA,0,NA,NA,NA,2.8,NA,NA,NA,0,0,0,0
3469,2697,"ALT600D01",69.35,97.9,"アブラチャン","DB",NA,NA,0,NA,NA,NA,4.4,NA,NA,NA,0,0,0,0
3470,2697,"ALT600D01",69.35,97.9,"アブラチャン","DB",NA,NA,0,NA,NA,NA,4.3,NA,NA,NA,0,0,0,0
3471,395,"ALT600D01",68.8,96.2,"アブラチャン","DB",NA,NA,0,NA,NA,NA,3.4,NA,NA,NA,0,0,0,0
3472,395,"ALT600D01",68.8,96.2,"アブラチャン","DB",NA,NA,0,NA,NA,NA,4,NA,NA,NA,0,0,0,0
3473,395,"ALT600D01",68.8,96.2,"アブラチャン","DB",NA,NA,0,NA,NA,NA,3.6,NA,NA,NA,0,0,0,0
3474,389,"ALT600D01",62.25,87.15,"アブラチャン","DB",NA,NA,0,NA,NA,NA,4.2,NA,NA,NA,0,0,0,0
3475,389,"ALT600D01",62.25,87.15,"アブラチャン","DB",NA,NA,0,NA,NA,NA,3,NA,NA,NA,0,0,0,0
3476,389,"ALT600D01",62.25,87.15,"アブラチャン","DB",NA,NA,0,NA,NA,NA,2.8,NA,NA,NA,0,0,0,0
3477,389,"ALT600D01",62.25,87.15,"アブラチャン","DB",NA,NA,0,NA,NA,NA,2.6,NA,NA,NA,0,0,0,0
3478,389,"ALT600D01",62.25,87.15,"アブラチャン","DB",NA,NA,0,NA,NA,NA,2.6,NA,NA,NA,0,0,0,0
3479,390,"ALT600D01",69.2,88.45,"アブラチャン","DB",NA,NA,0,NA,NA,NA,4.3,NA,NA,NA,0,0,0,0
3480,390,"ALT600D01",69.2,88.45,"アブラチャン","DB",NA,NA,0,NA,NA,NA,2.8,NA,NA,NA,0,0,0,0
3481,390,"ALT600D01",69.2,88.45,"アブラチャン","DB",NA,NA,0,NA,NA,NA,3.9,NA,NA,NA,0,0,0,0
3482,390,"ALT600D01",69.2,88.45,"アブラチャン","DB",NA,NA,0,NA,NA,NA,2.3,NA,NA,NA,0,0,0,0
3483,2920,"ALT600D01",68.75,81,"アブラチャン","DB",NA,NA,0,NA,NA,NA,3.4,NA,NA,NA,0,0,0,0
3484,2920,"ALT600D01",68.75,81,"アブラチャン","DB",NA,NA,0,NA,NA,NA,2.6,NA,NA,NA,0,0,0,0
3485,2244,"ALT600D02",64,72.55,"アブラチャン","DB",NA,NA,0,NA,NA,NA,3.6,NA,NA,NA,0,0,0,0
3486,3486,"ALT600D02",63.4,67.75,"アカガシ","EB",NA,NA,0,NA,NA,NA,4.4,NA,NA,NA,0,0,0,0
3487,2696,"ALT600D02",60.95,68.7,"アカガシ","EB",NA,NA,0,NA,NA,NA,2.4,NA,NA,NA,0,0,0,0
3488,3488,"ALT600D02",67.95,63.9,"アブラチャン","DB",NA,NA,0,NA,NA,NA,2.6,NA,NA,NA,0,0,0,0
3489,2837,"ALT600D02",65.7,64.7,"ヤブニッケイ","EB",NA,NA,0,NA,NA,NA,2.3,NA,NA,NA,6.98430295769574,3.03665345986771,0,0
3490,2623,"ALT600D02",61.55,63.1,"イヌガシ","EB",NA,NA,0,NA,NA,NA,3.9,NA,NA,NA,0,0,0,0
3491,3491,"ALT600D03",63.35,58.85,"イヌガシ","EB",NA,NA,0,NA,NA,NA,3.6,NA,NA,NA,0,0,0,0
3492,3492,"ALT600D03",65.65,55.25,"イヌガシ","EB",NA,NA,0,NA,NA,NA,2.7,NA,NA,NA,0,0,0,0
3493,366,"ALT600D03",69.75,52.55,"イヌガシ","EB",NA,NA,0,NA,NA,NA,2.9,NA,NA,NA,0,0,0,0
3494,366,"ALT600D03",69.75,52.55,"イヌガシ","EB",NA,NA,0,NA,NA,NA,2.8,NA,NA,NA,0,0,0,0
3495,3495,"ALT600D03",66.05,52.3,"ヒサカキ","EB",NA,NA,0,NA,NA,NA,3.9,NA,NA,NA,29.5848993946126,29.5848993946126,0,0
3496,3496,"ALT600D03",62.35,50.15,"イヌガシ","EB",NA,NA,0,NA,NA,NA,4.1,NA,NA,NA,0,0,0,0
3497,3496,"ALT600D03",62.35,50.15,"イヌガシ","EB",NA,NA,0,NA,NA,NA,2.8,NA,NA,NA,0,0,0,0
3498,3498,"ALT600D03",61.2,50.8,"イヌガシ","EB",NA,NA,0,NA,NA,NA,3.6,NA,NA,NA,2.70370370370369,2.70370370370369,0,0
3520,3521,"ALT600D01",70.65,90.45,"アブラチャン","DB",NA,NA,0,NA,NA,NA,3.9,NA,NA,NA,0,0,0,0
3521,3521,"ALT600D01",70.65,90.45,"アブラチャン","DB",NA,NA,0,NA,NA,NA,4.4,NA,NA,NA,0,0,0,0
3522,2631,"ALT600D01",71.55,94.05,"アブラチャン","DB",NA,NA,0,NA,NA,NA,2.7,NA,NA,NA,0,0,0,0
3523,3523,"ALT600D01",75.55,88.7,"アブラチャン","DB",NA,NA,0,NA,NA,NA,4,NA,NA,NA,0,0,0,0
3524,3523,"ALT600D01",75.55,88.7,"アブラチャン","DB",NA,NA,0,NA,NA,NA,3.3,NA,NA,NA,0,0,0,0
3525,211,"ALT600D01",79.1,86.9,"アブラチャン","DB",NA,NA,0,NA,NA,NA,2.2,NA,NA,NA,0,0,0,0
3526,211,"ALT600D01",79.1,86.9,"アブラチャン","DB",NA,NA,0,NA,NA,NA,2.3,NA,NA,NA,0,0,0,0
3527,216,"ALT600D01",79.35,81.4,"イヌガシ","EB",NA,NA,0,NA,NA,NA,2.1,NA,NA,NA,0,0,0,0
3528,3528,"ALT600D01",76.75,80.4,"イタヤカエデ","DB",NA,NA,0,NA,NA,NA,4.4,NA,NA,NA,0,0,0,0
3529,227,"ALT600D02",75.45,75.25,"アブラチャン","DB",NA,NA,0,NA,NA,NA,3,NA,NA,NA,0,0,0,0
3530,227,"ALT600D02",75.45,75.25,"アブラチャン","DB",NA,NA,0,NA,NA,NA,2.9,NA,NA,NA,0,0,0,0
3531,227,"ALT600D02",75.45,75.25,"アブラチャン","DB",NA,NA,0,NA,NA,NA,2.4,NA,NA,NA,0,0,0,0
3532,227,"ALT600D02",75.45,75.25,"アブラチャン","DB",NA,NA,0,NA,NA,NA,2.7,NA,NA,NA,0,0,0,0
3533,227,"ALT600D02",75.45,75.25,"アブラチャン","DB",NA,NA,0,NA,NA,NA,3.4,NA,NA,NA,0,0,0,0
3534,227,"ALT600D02",75.45,75.25,"アブラチャン","DB",NA,NA,0,NA,NA,NA,2,NA,NA,NA,0,0,0,0
3535,227,"ALT600D02",75.45,75.25,"アブラチャン","DB",NA,NA,0,NA,NA,NA,2,NA,NA,NA,0,0,0,0
3536,3536,"ALT600D02",78,77.1,"イヌガシ","EB",NA,NA,0,NA,NA,NA,4.5,NA,NA,NA,0,0,0,0
3537,234,"ALT600D02",76.75,73,"アブラチャン","DB",NA,NA,0,NA,NA,NA,2.7,NA,NA,NA,0,0,0,0
3538,234,"ALT600D02",76.75,73,"アブラチャン","DB",NA,NA,0,NA,NA,NA,2.5,NA,NA,NA,0,0,0,0
3539,3539,"ALT600D02",73.75,74.1,"イヌガシ","EB",NA,NA,0,NA,NA,NA,2.2,NA,NA,NA,0,0,0,0
3540,2835,"ALT600D02",70.6,75.6,"アブラチャン","DB",NA,NA,0,NA,NA,NA,2.6,NA,NA,NA,0,0,0,0
3541,3541,"ALT600D02",79.85,71.6,"イヌガシ","EB",NA,NA,0,NA,NA,NA,3.4,NA,NA,NA,0,0,0,0
3542,3542,"ALT600D02",75.35,66.1,"イヌガシ","EB",NA,NA,0,NA,NA,NA,3.4,NA,NA,NA,0,0,0,0
3543,3543,"ALT600D02",78.95,68.1,"シキミ","EB",NA,NA,0,NA,NA,NA,3.9,NA,NA,NA,0,0,0,0
3544,2633,"ALT600D02",78.35,66.25,"ヤブニッケイ","EB",NA,NA,0,NA,NA,NA,4,NA,NA,NA,0,0,0,0
3545,3545,"ALT600D02",77.5,61.9,"ヒサカキ","EB",NA,NA,0,NA,NA,NA,3.7,NA,NA,NA,0,0,0,0
3546,3546,"ALT600D02",75.85,63.2,"イヌガシ","EB",NA,NA,0,NA,NA,NA,4.2,NA,NA,NA,0,0,0,0
3547,3547,"ALT600D02",74.3,63.6,"イヌガシ","EB",NA,NA,0,NA,NA,NA,2.4,NA,NA,NA,3.95554164016357,3.95554164016357,0,0
3548,3548,"ALT600D02",73.85,64.3,"イヌガシ","EB",NA,NA,0,NA,NA,NA,4.3,NA,NA,NA,1.6767677250031,0.67070709000124,0,0
3549,3548,"ALT600D02",73.85,64.3,"イヌガシ","EB",NA,NA,0,NA,NA,NA,3.6,NA,NA,NA,2.2364665813583,0.801122357501482,0,0
3550,3550,"ALT600D02",70.95,62.35,"アカガシ","EB",NA,NA,0,NA,NA,NA,2.7,NA,NA,NA,11.1875467743111,11.1875467743111,0,0
3551,3551,"ALT600D02",70.1,62.75,"イヌガシ","EB",NA,NA,0,NA,NA,NA,3.2,NA,NA,NA,0.898165623508333,0.898165623508333,0,0
3552,3552,"ALT600D02",72.2,64.5,"イヌガシ","EB",NA,NA,0,NA,NA,NA,3.5,NA,NA,NA,0,0,0,0
3553,3553,"ALT600D03",79.45,58.85,"ヤブニッケイ","EB",NA,NA,0,NA,NA,NA,2.2,NA,NA,NA,0,0,0,0
3589,194,"ALT600E01",84.7,86.25,"イヌガシ","EB",NA,NA,0,NA,NA,NA,3.2,NA,NA,NA,0,0,0,0
3590,3590,"ALT600E01",86.9,88.9,"カマツカ","DB",NA,NA,0,NA,NA,NA,4,NA,NA,NA,0,0,0,0
3591,3591,"ALT600E01",89.05,80.2,"イヌガシ","EB",NA,NA,0,NA,NA,NA,2.1,NA,NA,NA,0,0,0,0
3592,2641,"ALT600E01",80.85,85.45,"アブラチャン","DB",NA,NA,0,NA,NA,NA,4,NA,NA,NA,0,0,0,0
3593,2641,"ALT600E01",80.85,85.45,"アブラチャン","DB",NA,NA,0,NA,NA,NA,2.7,NA,NA,NA,0,0,0,0
3594,3594,"ALT600E02",86.45,75.55,"イヌガシ","EB",NA,NA,0,NA,NA,NA,3.9,NA,NA,NA,3.59106128502458,3.59106128502458,0,0
3595,3595,"ALT600E02",86.4,75.15,"イヌガシ","EB",NA,NA,0,NA,NA,NA,3.4,NA,NA,NA,5.27085898505703,5.27085898505703,0,0
3596,3596,"ALT600E02",86.8,75.05,"イヌガシ","EB",NA,NA,0,NA,NA,NA,3.4,NA,NA,NA,4.30477065626,4.30477065626,0,0
3597,3597,"ALT600E02",89.35,75.65,"オオモミジ","DB",NA,NA,0,NA,NA,NA,2.7,NA,NA,NA,4.57964299839398,4.57964299839398,0,0
3598,3598,"ALT600E02",88.55,73.7,"イヌガシ","EB",NA,NA,0,NA,NA,NA,2.8,NA,NA,NA,0,0,0,0
3599,186,"ALT600E02",85,71.35,"アカガシ","EB",NA,NA,0,NA,NA,NA,2.2,NA,NA,NA,47.0031650068493,0,41.1744736387503,0
3600,2842,"ALT600E02",86.05,73.35,"ヤブニッケイ","EB",NA,NA,0,NA,NA,NA,3.6,NA,NA,NA,11.5862014879286,9.12021667834829,0,0
3601,189,"ALT600E02",80.85,73.25,"アブラチャン","DB",NA,NA,0,NA,NA,NA,2.7,NA,NA,NA,0,0,0,0
3602,189,"ALT600E02",80.85,73.25,"アブラチャン","DB",NA,NA,0,NA,NA,NA,2.7,NA,NA,NA,0,0,0,0
3603,189,"ALT600E02",80.85,73.25,"アブラチャン","DB",NA,NA,0,NA,NA,NA,2.1,NA,NA,NA,0,0,0,0
3604,189,"ALT600E02",80.85,73.25,"アブラチャン","DB",NA,NA,0,NA,NA,NA,2.9,NA,NA,NA,0,0,0,0
3605,3605,"ALT600E02",87.2,66.85,"イヌガシ","EB",NA,NA,0,NA,NA,NA,2.5,NA,NA,NA,1.7431510742491,1.7431510742491,0,0
3606,3606,"ALT600E02",87.65,66.05,"シキミ","EB",NA,NA,0,NA,NA,NA,4,NA,NA,NA,4.48475567225285,4.48475567225285,0,0
3607,3607,"ALT600E02",88.65,63.1,"イヌガシ","EB",NA,NA,0,NA,NA,NA,4.1,NA,NA,NA,0,0,0,0
3608,3608,"ALT600E02",87.1,62.75,"アカガシ","EB",NA,NA,0,NA,NA,NA,2,NA,NA,NA,1.83412104289767,1.83412104289767,0,0
3609,3609,"ALT600E02",86.45,63.2,"イヌガシ","EB",NA,NA,0,NA,NA,NA,2.9,NA,NA,NA,0.87235245797749,0.87235245797749,0,0
3610,3610,"ALT600E02",85.4,60.65,"イヌガシ","EB",NA,NA,0,NA,NA,NA,3.2,NA,NA,NA,0,0,0,0
3611,3611,"ALT600E02",85.65,62.1,"イヌガシ","EB",NA,NA,0,NA,NA,NA,3.6,NA,NA,NA,0,0,0,0
3612,3612,"ALT600E02",83.8,60.4,"イヌガシ","EB",NA,NA,0,NA,NA,NA,4.3,NA,NA,NA,3.16949378985133,3.16949378985133,0,0
3613,3613,"ALT600E02",82.55,61.15,"イヌガシ","EB",NA,NA,0,NA,NA,NA,3.7,NA,NA,NA,19.1463425370447,19.1463425370447,0,0
3614,169,"ALT600E02",81.65,61.5,"イヌガシ","EB",NA,NA,0,NA,NA,NA,3.1,NA,NA,NA,9.19066670106844,7.20829073036626,0,0
3615,3615,"ALT600E02",80.95,60.4,"イヌガシ","EB",NA,NA,0,NA,NA,NA,2.9,NA,NA,NA,2.18054559895435,2.18054559895435,0,0
3616,3616,"ALT600E03",89.7,59.9,"イヌガシ","EB",NA,NA,0,NA,NA,NA,4.3,NA,NA,NA,0,0,0,0
3617,3617,"ALT600E03",86.5,59.6,"イヌガシ","EB",NA,NA,0,NA,NA,NA,3.2,NA,NA,NA,1.97551671326863,1.97551671326863,0,0
3619,3619,"ALT600E03",85.25,58.8,"イヌガシ","EB",NA,NA,0,NA,NA,NA,2,NA,NA,NA,1.66251598213759,1.66251598213759,0,0
3620,3620,"ALT600E03",86,59.45,"イヌガシ","EB",NA,NA,0,NA,NA,NA,3.3,NA,NA,NA,2.46826033722875,2.46826033722875,0,0
3621,152,"ALT600E03",87.15,51,"イヌガシ","EB",NA,NA,0,NA,NA,NA,2.9,NA,NA,NA,0,0,0,0
3622,3622,"ALT600E03",85.65,50.5,"イヌガシ","EB",NA,NA,0,NA,NA,NA,3.1,NA,NA,NA,0,0,0,0
3623,154,"ALT600E03",83.3,50.6,"イヌガシ","EB",NA,NA,0,NA,NA,NA,4.1,NA,NA,NA,0,0,0,0
3624,154,"ALT600E03",83.3,50.6,"イヌガシ","EB",NA,NA,0,NA,NA,NA,2.2,NA,NA,NA,0,0,0,0
3625,154,"ALT600E03",83.3,50.6,"イヌガシ","EB",NA,NA,0,NA,NA,NA,2.4,NA,NA,NA,0,0,0,0
3626,3626,"ALT600E03",80.15,53.45,"イヌガシ","EB",NA,NA,0,NA,NA,NA,2,NA,NA,NA,0,0,0,0
3627,3627,"ALT600E03",83.1,54.85,"イヌガシ","EB",NA,NA,0,NA,NA,NA,2.1,NA,NA,NA,0,0,0,0
3628,3628,"ALT600E03",81.9,55.05,"イヌガシ","EB",NA,NA,0,NA,NA,NA,4.5,NA,NA,NA,0,0,0,0
3659,3659,"ALT600E01",95.15,95.35,"アブラチャン","DB",NA,NA,0,NA,NA,NA,4.6,NA,NA,NA,0,0,0,0
3662,3662,"ALT600E01",96.45,85.25,"イヌガシ","EB",NA,NA,0,NA,NA,NA,3,NA,NA,NA,0,0,0,0
3663,3662,"ALT600E01",96.45,85.25,"イヌガシ","EB",NA,NA,0,NA,NA,NA,2.7,NA,NA,NA,0,0,0,0
3664,3664,"ALT600E02",96.05,78.7,"イヌガシ","EB",NA,NA,0,NA,NA,NA,4.5,NA,NA,NA,0,0,0,0
3665,3664,"ALT600E02",96.05,78.7,"イヌガシ","EB",NA,NA,0,NA,NA,NA,2.5,NA,NA,NA,0,0,0,0
3666,3666,"ALT600E02",97.55,70.15,"イヌガシ","EB",NA,NA,0,NA,NA,NA,2.3,NA,NA,NA,0,0,0,0
3667,3667,"ALT600E02",94.75,70.4,"カジカエデ","DB",NA,NA,0,NA,NA,NA,2,NA,NA,NA,0,0,0,0
3668,3668,"ALT600E02",92.55,70.65,"アブラチャン","DB",NA,NA,0,NA,NA,NA,2.8,NA,NA,NA,0,0,0,0
3669,3669,"ALT600E02",91.4,72.25,"イヌガシ","EB",NA,NA,0,NA,NA,NA,3.1,NA,NA,NA,0,0,0,0
3670,3669,"ALT600E02",91.4,72.25,"イヌガシ","EB",NA,NA,0,NA,NA,NA,2.8,NA,NA,NA,0,0,0,0
3671,3669,"ALT600E02",91.4,72.25,"イヌガシ","EB",NA,NA,0,NA,NA,NA,2.5,NA,NA,NA,0,0,0,0
3672,3669,"ALT600E02",91.4,72.25,"イヌガシ","EB",NA,NA,0,NA,NA,NA,2,NA,NA,NA,0,0,0,0
3673,3673,"ALT600E02",93.15,72.9,"アカガシ","EB",NA,NA,0,NA,NA,NA,2.3,NA,NA,NA,0,0,0,0
3674,3674,"ALT600E02",90.95,63.25,"イヌガシ","EB",NA,NA,0,NA,NA,NA,2.6,NA,NA,NA,11.3926886455489,0,11.3926886455489,0
3675,3675,"ALT600E02",91.6,68.65,"アカガシ","EB",NA,NA,0,NA,NA,NA,2.2,NA,NA,NA,0,0,0,0
3676,3676,"ALT600E02",90.6,66.55,"アブラチャン","DB",NA,NA,0,NA,NA,NA,3.6,NA,NA,NA,0,0,0,0
3677,3676,"ALT600E02",90.6,66.55,"アブラチャン","DB",NA,NA,0,NA,NA,NA,3.6,NA,NA,NA,0,0,0,0
3678,3678,"ALT600E02",92.55,61.45,"ヒサカキ","EB",NA,NA,0,NA,NA,NA,3.3,NA,NA,NA,0,0,0,0
3679,3678,"ALT600E02",92.55,61.45,"ヒサカキ","EB",NA,NA,0,NA,NA,NA,2.2,NA,NA,NA,0,0,0,0
3680,2652,"ALT600E02",97.45,60.3,"イヌガシ","EB",NA,NA,0,NA,NA,NA,2.2,NA,NA,NA,0,0,0,0
3681,2652,"ALT600E02",97.45,60.3,"イヌガシ","EB",NA,NA,0,NA,NA,NA,2.1,NA,NA,NA,0,0,0,0
3682,19,"ALT600E02",96.45,64,"ウラジロガシ","EB",NA,NA,0,NA,NA,NA,2.8,NA,NA,NA,0,0,0,0
3683,2203,"ALT600E02",96.05,69,"アカガシ","EB",NA,NA,0,NA,NA,NA,3.9,NA,NA,NA,0,0,0,0
3684,2203,"ALT600E02",96.05,69,"アカガシ","EB",NA,NA,0,NA,NA,NA,3.3,NA,NA,NA,0,0,0,0
3685,2203,"ALT600E02",96.05,69,"アカガシ","EB",NA,NA,0,NA,NA,NA,2,NA,NA,NA,0,0,0,0
3686,3686,"ALT600E02",98.95,69.3,"イヌガシ","EB",NA,NA,0,NA,NA,NA,2.3,NA,NA,NA,0,0,0,0
3687,32,"ALT600E03",90.15,56.85,"イヌガシ","EB",NA,NA,0,NA,NA,NA,2.9,NA,NA,NA,0,0,0,0
3688,32,"ALT600E03",90.15,56.85,"イヌガシ","EB",NA,NA,0,NA,NA,NA,2.8,NA,NA,NA,0,0,0,0
3689,3689,"ALT600E03",92.25,57.55,"イヌガシ","EB",NA,NA,0,NA,NA,NA,2.1,NA,NA,NA,0,0,0,0
3690,2944,"ALT600E03",94.45,56.85,"イヌガシ","EB",NA,NA,0,NA,NA,NA,4,NA,NA,NA,0,0,0,0
3691,2944,"ALT600E03",94.45,56.85,"イヌガシ","EB",NA,NA,0,NA,NA,NA,3,NA,NA,NA,0,0,0,0
3692,2944,"ALT600E03",94.45,56.85,"イヌガシ","EB",NA,NA,0,NA,NA,NA,2.3,NA,NA,NA,0,0,0,0
3693,2945,"ALT600E03",95.45,56.9,"イヌガシ","EB",NA,NA,0,NA,NA,NA,2.3,NA,NA,NA,0,0,0,0
3694,3694,"ALT600E03",96.85,56,"イヌガシ","EB",NA,NA,0,NA,NA,NA,3,NA,NA,NA,0,0,0,0
3695,3694,"ALT600E03",96.85,56,"イヌガシ","EB",NA,NA,0,NA,NA,NA,2.2,NA,NA,NA,0,0,0,0
3696,2946,"ALT600E03",97.5,57.95,"イヌガシ","EB",NA,NA,0,NA,NA,NA,2.2,NA,NA,NA,0,0,0,0
3697,28,"ALT600E03",98.95,56.5,"ヤブニッケイ","EB",NA,NA,0,NA,NA,NA,2.2,NA,NA,NA,79.3129238022265,75.3824057607765,0,0
3698,28,"ALT600E03",98.95,56.5,"ヤブニッケイ","EB",NA,NA,0,NA,NA,NA,2.7,NA,NA,NA,64.2900277423975,61.4227009902623,0,0
3699,27,"ALT600E03",99.5,56.45,"アカガシ","EB",NA,NA,0,NA,NA,NA,3.2,NA,NA,NA,55.233388656941,53.7055979424735,0,0
3700,3700,"ALT600E03",96.7,50.8,"イヌガシ","EB",NA,NA,0,NA,NA,NA,2.4,NA,NA,NA,0,0,0,0
3701,3700,"ALT600E03",96.7,50.8,"イヌガシ","EB",NA,NA,0,NA,NA,NA,2.2,NA,NA,NA,0,0,0,0
3702,3700,"ALT600E03",96.7,50.8,"イヌガシ","EB",NA,NA,0,NA,NA,NA,2,NA,NA,NA,0,0,0,0
3703,2850,"ALT600E03",93.35,51.85,"イヌガシ","EB",NA,NA,0,NA,NA,NA,2.9,NA,NA,NA,6.79231572537675,3.85131304016208,0,0
3704,3704,"ALT600E03",92.9,51.65,"シキミ","EB",NA,NA,0,NA,NA,NA,4.2,NA,NA,NA,4.06138466053455,4.06138466053455,0,0
3705,3705,"ALT600E03",94.15,53.5,"イヌガシ","EB",NA,NA,0,NA,NA,NA,4.1,NA,NA,NA,9.36504659363479,6.61373347008107,0,0
3706,3705,"ALT600E03",94.15,53.5,"イヌガシ","EB",NA,NA,0,NA,NA,NA,2.8,NA,NA,NA,14.7202810662662,9.684395438333,0,0
3707,3705,"ALT600E03",94.15,53.5,"イヌガシ","EB",NA,NA,0,NA,NA,NA,2.4,NA,NA,NA,17.5352120070083,11.2984613447218,0,0
3708,3708,"ALT600E03",92.45,54.35,"アカガシ","EB",NA,NA,0,NA,NA,NA,4,NA,NA,NA,6.2909832767409,6.2909832767409,0,0
3709,3709,"ALT600E03",90.65,52.85,"イヌガシ","EB",NA,NA,0,NA,NA,NA,2.3,NA,NA,NA,0,0,0,0
3710,2849,"ALT600E03",91.45,54.5,"イヌガシ","EB",NA,NA,0,NA,NA,NA,2.4,NA,NA,NA,9.01249133147994,6.11373680965891,0,0
1051,1051,"ALT600A01",7.15,90.5,"シキミ","EB",0,0,0,7.4,7.9,8.3,8.8,0.911956427758088,1.30765518525703,2.1577792402237,0,0,0,0
1052,1052,"ALT600A01",6.5,91.55,"ヒメシャラ","DB",0,0,0,13.4,13.9,14.4,15.2,0.663372215238763,0.732682663595608,1.78813175431169,0,0,0,0
1053,1053,"ALT600A01",5.5,91.75,"ケヤキ","DB",0,0,0,40,40.4,40.6,40.7,0.091308622813753,0.199006617063362,0.147966149628899,0,0,0,0
1055,1055,"ALT600A01",5.1,94.65,"タンナサワフタギ","DB",0,0,0,5.9,5.9,6,7.2,1.04804565847545,0,3.98257350220671,0,0,0,0
1040,1040,"ALT600A01",9.6,83.15,"イヌガシ","EB",0,0,0,7.3,8.5,8.8,8.9,1.04303646623026,3.04383630683851,0.919702264836469,0,0,0,0
1041,1041,"ALT600A01",4.8,81.85,"アカガシ","EB",0,0,0,9.9,12.1,13,13.4,1.59326289377011,4.01341390924302,2.04098508708341,0,0,0,0
1042,1042,"ALT600A01",3.85,80.75,"イヌガシ","EB",0,0,0,9.2,10.9,12,12.9,1.77907277532964,3.39118610360207,3.36929044265057,0,0,0,0
1043,1043,"ALT600A01",0.7,82.65,"アカガシ","EB",0,0,0,13.3,15.8,16.7,17.2,1.35339657153526,3.44491809610426,1.69798887572972,0,0,0,0
1044,1044,"ALT600A01",0.5,85,"イヌガシ","EB",0,0,0,6,7.4,8.5,9.3,2.30660489963766,4.19441061964138,4.57068799898172,0.674602915775473,0.674602915775473,0,0
1046,1046,"ALT600A01",3.25,88.5,"カジカエデ","DB",0,0,0,25.3,25.8,26.5,28.1,0.552448318980134,0.391401923881946,1.70790168824257,0,0,0,0
1047,1047,"ALT600A01",5.55,86.75,"ケヤキ","DB",0,0,0,67.6,69.5,70.2,71.7,0.309909287140297,0.554375390436562,0.623279900696566,0,0,0,0
1049,1049,"ALT600A01",6.45,85.4,"イヌガシ","EB",0,0,0,11.3,12.6,13.1,13.5,0.936247156453099,2.17788176478275,1.37985742973903,0,0,0,0
1050,1050,"ALT600A01",7.55,85.6,"オオモミジ","DB",0,0,0,12.5,13.3,14,14.9,0.924381940227147,1.24070781838905,2.27194355447411,0,0,0,0
2686,2686,"ALT600A01",0.4,80.9,"イヌガシ","EB",NA,0,0,NA,4.9,6.3,6.2,NA,NA,4.7062817386893,0,0,0,0
2688,2688,"ALT600A02",0.15,78.1,"イヌガシ","EB",NA,0,0,NA,5.3,5.8,7,NA,NA,5.56406656994475,0.626294577622372,0.626294577622372,0,0
2689,2689,"ALT600A02",1,79.3,"イヌガシ","EB",NA,0,0,NA,5,5.8,6,NA,NA,3.64643113587909,0,0,0,0
2794,2794,"ALT600A01",8.3,87.9,"イヌガシ","EB",NA,NA,0,NA,NA,5.3,5.5,NA,NA,NA,0,0,0,0
2795,2795,"ALT600A01",4.45,86.8,"アカガシ","EB",NA,NA,0,NA,NA,5.2,5.7,NA,NA,NA,0,0,0,0
1080,1080,"ALT600A01",9.85,84.35,"イヌガシ","EB",0,0,0,5,6.4,7.3,7.7,2.27253903381862,4.93720155863052,3.69844676988024,0,0,0,0
1029,1029,"ALT600A02",6.65,70.4,"アカガシ","EB",0,0,0,11,14.1,14.7,15,1.63239435949389,4.96559049171504,1.23750807436175,0.315352998736582,0.315352998736582,0,0
1030,1030,"ALT600A02",3.8,72.95,"イヌシデ","DB",0,0,0,38.2,39.3,39.8,40.2,0.26858673690761,0.567780065253718,0.452849534995199,0.314282071789266,0.314282071789266,0,0
1032,1032,"ALT600A02",4.25,74.5,"アカガシ","EB",0,0,0,8.4,9.7,10.3,10.7,1.27374755588733,2.87788359320138,1.96235711917047,0.289719626168225,0.289719626168225,0,0
1034,1034,"ALT600A02",4,75.95,"イヌガヤ","EC",0,0,0,6.8,6.8,6.7,6.8,0,0,0,0.425944445855512,0.425944445855512,0,0
1035,1035,"ALT600A02",1.8,72.15,"イヌガシ","EB",0,0,0,6.2,8.6,9.6,10.1,2.56834806208509,6.54425822416832,3.21546441175504,1.56314528474257,1.56314528474257,0,0
1037,1037,"ALT600A02",1.2,74.1,"イヌガシ","EB",0,0,0,6.4,8.2,9.1,9.5,2.0789147802151,4.95672327809162,2.94315288672576,0.856679686912265,0.856679686912265,0,0
1038,1038,"ALT600A02",2.45,77.8,"イヌガシ","EB",0,0,0,5.6,6.7,7.5,8,1.87723654704596,3.58681857311634,3.54668030565831,0,0,0,0
1039,1039,"ALT600A02",4.15,78.85,"アカガシ","EB",0,0,0,32,38,41.8,43.8,1.65209428727723,3.43700513853319,2.84095315312029,0.189626238894364,0.189626238894364,0,0
2361,2361,"ALT600A02",4.75,71.05,"イヌガシ","EB",NA,0,0,NA,5.3,5.6,6.2,NA,NA,3.13684942985939,0,0,0,0
2576,2576,"ALT600A02",1.25,76.95,"イヌガシ","EB",NA,0,0,NA,4.9,5.7,6.2,NA,NA,4.7062817386893,0,0,0,0
2796,2796,"ALT600A02",1.8,74.05,"イヌガシ","EB",NA,NA,0,NA,NA,4.8,4.9,NA,NA,NA,3.22013085147155,3.22013085147155,0,0
1018,1018,"ALT600A02",8.8,69.45,"ヤブニッケイ","EB",0,0,0,11.9,13.9,14.8,15.8,1.49195547323914,3.10700880038325,2.5624219979255,0,0,0,0
1019,1019,"ALT600A02",9.4,67.65,"オオモミジ","DB",0,0,0,51.2,54.8,56.9,58.6,0.710500865986867,1.35901323817015,1.34089005257994,1.34526294830284,1.34526294830284,0,0
1020,1020,"ALT600A02",9.05,68.05,"イヌガシ","EB",0,0,0,16.3,22,24.9,26.5,2.55778750094453,5.99754691091198,3.72204559267721,5.25383730267072,0,4.16047116130411,0
1021,1020,"ALT600A02",9.05,68.05,"イヌガシ","EB",0,0,0,13.8,15,15.3,15.4,0.577362722402234,1.66763217878102,0.526346166347467,10.3967981687591,0,7.15925232302331,0
1022,1022,"ALT600A02",5.35,63.45,"イヌガシ","EB",0,0,0,16.3,18.7,19.9,20.4,1.18089364756555,2.74716832095648,1.74022753979259,0,0,0,0
1023,1023,"ALT600A02",5.25,61.55,"イヌガシ","EB",0,0,0,15.4,19.2,20.7,21.4,1.73170217162222,4.41085539228305,2.1696128598814,0,0,0,0
1025,1025,"ALT600A02",1.5,64.95,"アカガシ","EB",0,0,0,26.2,31.2,34.1,35.7,1.62837514746601,3.49317368096771,2.69465187940314,1.90391276438279,0,1.90391276438279,0
1026,1026,"ALT600A02",1.45,65.65,"ケヤキ","DB",0,0,0,44.7,46.2,47,47.7,0.341883664604065,0.660125929363402,0.639031996132049,1.15289300000697,1.15289300000697,0,0
1027,1027,"ALT600A02",3.8,68.9,"ウラジロガシ","EB",0,0,0,11,14,14.9,15.7,1.87244968187311,4.82324113633776,2.29206765478008,0.29298797885348,0.29298797885348,0,0
2797,2797,"ALT600A02",7.75,64.15,"イヌガシ","EB",NA,NA,0,NA,NA,5,5.3,NA,NA,NA,0,0,0,0
1008,1008,"ALT600A03",9.7,53.8,"アカガシ","EB",0,0,0,6.9,7.1,7.8,8.5,1.09760395733188,0.571467448881119,3.59942758898002,1.47450980392157,1.47450980392157,0,0
1009,1010,"ALT600A03",8.95,53.8,"アカガシ","EB",0,0,0,7.4,8.8,9.3,9.4,1.25910362666228,3.46543442548074,1.31915935583595,4.25970400071943,4.25970400071943,0,0
1011,1011,"ALT600A03",8.3,53.75,"イヌガシ","EB",0,0,0,6.4,7.8,9.8,10.7,2.70497763738018,3.9565148665984,6.32240015544629,2.34741692193882,1.70802690369439,0,0
1012,1012,"ALT600A03",5.95,53.35,"イヌガシ","EB",0,0,0,6.2,7.2,8.4,9.1,2.01960590248294,2.99063467941928,4.68386775001589,0,0,0,0
1014,1014,"ALT600A03",5.9,51.15,"イヌガシ","EB",0,0,0,8.4,8.7,10.7,12,1.87723654704596,0.7018263962254,6.43167248254925,0,0,0,0
1016,1016,"ALT600A03",5.85,55.45,"アカガシ","EB",0,0,0,18.6,22.9,26.8,29.7,2.46308139520789,4.15950659682076,5.2002027049692,1.05978892657044,1.05978892657044,0,0
1017,1017,"ALT600A03",6.3,55.25,"イヌガシ","EB",0,0,0,10.4,12.4,14.1,15.5,2.10018009356776,3.51781332927328,4.4628710262842,3.89106852960883,3.89106852960883,0,0
2798,2798,"ALT600A03",4.1,57.65,"イヌガシ","EB",NA,NA,0,NA,NA,5.5,5.9,NA,NA,NA,0,0,0,0
2799,2798,"ALT600A03",4.1,57.65,"イヌガシ","EB",NA,NA,0,NA,NA,5,5.5,NA,NA,NA,0,0,0,0
2800,1014,"ALT600A03",5.9,51.15,"イヌガシ","EB",NA,NA,0,NA,NA,7.5,7.8,NA,NA,NA,0,0,0,0
861,861,"ALT600A01",17.9,92.95,"イヌガシ","EB",0,0,0,29.7,32.6,34.8,35.7,0.968440226194419,1.86330485128016,1.81676800825863,0,0,0,0
866,866,"ALT600A01",11.35,92.1,"イヌガヤ","EC",0,0,0,14.3,15,15.4,16,0.59120623670484,0.95581327672697,1.29077042275142,0,0,0,0
867,867,"ALT600A01",13.3,91.8,"オオモミジ","DB",0,0,0,34.5,35.5,36.2,37.1,0.382408660926712,0.571467448881119,0.881685462640386,0,0,0,0
868,868,"ALT600A01",14.4,90.55,"アカガシ","EB",0,0,0,14.2,15.7,16,16.9,0.916166617483225,2.00837495494095,1.47305819149531,0,0,0,0
870,870,"ALT600A01",18.65,87.85,"イヌガシ","EB",0,0,0,14.7,15,15.6,16,0.446006465553109,0.404054146350389,1.29077042275142,0,0,0,0
871,871,"ALT600A01",16.55,87.55,"イヌガシ","EB",0,0,0,29.9,31.5,32.5,33.5,0.598352412812527,1.04258130869893,1.23115785998867,0,0,0,0
873,873,"ALT600A01",13.35,84.35,"イヌガシ","EB",0,0,0,10.4,12.4,14.3,15.7,2.16765740108913,3.51781332927328,4.71928479486542,0,0,0,0
874,874,"ALT600A02",15.6,70.2,"アカガシ","EB",0,0,0,15,15.7,15.7,16.5,0.501632525285921,0.912210225041045,0.993993371045451,0.532940721182762,0.532940721182762,0,0
875,875,"ALT600A02",16.55,70.1,"イヌガシ","EB",0,0,0,7.4,7.7,8.1,8.4,0.66711424020602,0.794806572990282,1.74022753979259,2.05630826731869,2.05630826731869,0,0
876,876,"ALT600A02",16.2,72.65,"イヌガシ","EB",0,0,0,12.4,13.1,13.6,14.4,0.787009126162968,1.09831515192229,1.89231952749698,0,0,0,0
877,877,"ALT600A02",17.95,73.7,"イヌガシ","EB",0,0,0,16,17.1,17.9,18.4,0.735589170395572,1.32979482537666,1.46544402212651,0,0,0,0
878,878,"ALT600A02",17.55,76.7,"イヌガシ","EB",0,0,0,10.6,11.4,12.4,13,1.0741860860185,1.45518708564857,2.62672004122174,0,0,0,0
879,879,"ALT600A02",10.5,77.9,"イヌガシ","EB",0,0,0,20.2,21.9,23.3,23.9,0.885241339633189,1.61608064830592,1.7478364423002,4.02007353996808,0.262047940427772,3.00732861148273,0
880,880,"ALT600A02",10.75,77.45,"ヒメシャラ","DB",0,0,0,36.5,36.9,36.9,37,0.0716086950304141,0.217985809160713,0.0541272319548613,1.84806823540408,1.84806823540408,0,0
882,882,"ALT600A02",15.4,74.7,"アカガシ","EB",0,0,0,75,78.2,79.7,81.8,0.456784895117847,0.835630680299098,0.900151921148718,0,0,0,0
884,884,"ALT600A02",14.3,73.75,"ヒメシャラ","DB",0,0,0,25.5,25.4,25.5,25.6,0.0205994701112438,-0.0785855627977932,0.156863549220522,0,0,0,0
885,885,"ALT600A02",10.55,71.2,"イヌガシ","EB",0,0,0,15.2,16.6,17.7,18.5,1.03408054858973,1.76214535020534,2.16736073443563,0,0,0,0
887,887,"ALT600A02",13.25,70.7,"ヤブニッケイ","EB",0,0,0,5.5,6,6.1,6.4,0.797631042774743,1.74022753979259,1.29077042275142,0,0,0,0
2165,885,"ALT600A02",10.55,71.2,"イヌガシ","EB",0,0,0,4.8,4.9,4.9,4.9,0.108522564224925,0.412385744054716,0,0,0,0,0
2579,2579,"ALT600A02",13.15,78.65,"イヌガシ","EB",NA,0,0,NA,5,5.8,6.2,NA,NA,4.30222759233891,0.775422538420023,0.775422538420023,0,0
888,888,"ALT600A02",19.7,61.95,"アカガシ","EB",0,0,0,60.2,64.6,66.7,68.6,0.687474644300337,1.41084116947561,1.20156247886567,0,0,0,0
889,889,"ALT600A02",17.8,62.6,"イヌガシ","EB",0,0,0,9.9,11.4,12.1,13.1,1.47409196350822,2.82157196519811,2.77997749613312,0.990508086980444,0.990508086980444,0,0
890,890,"ALT600A02",18.6,62.8,"イヌガシ","EB",0,0,0,8.7,9.5,10,10.7,1.08905639898591,1.75937545891914,2.37903885722731,1.48468069531587,1.48468069531587,0,0
891,891,"ALT600A02",19.8,68.15,"イヌガシ","EB",0,0,0,15.7,16.7,16.9,17.5,0.571264045132663,1.23496014136894,0.935843230135182,0,0,0,0
892,892,"ALT600A02",17.3,67.95,"イヌガシ","EB",0,0,0,7,7.1,7.3,7.6,0.432832095984063,0.283692699839128,1.36106926490031,0,0,0,0
893,892,"ALT600A02",17.3,67.95,"イヌガシ","EB",0,0,0,6.6,6.7,6.7,6.8,0.157120858682532,0.30075754729081,0.296301715702814,0,0,0,0
894,894,"ALT600A02",14.3,68.6,"イヌガシ","EB",0,0,0,9.8,10,10.1,10.3,0.261902681889809,0.404054146350389,0.591176044830889,0,0,0,0
895,895,"ALT600A02",15,66.95,"イヌガシ","EB",0,0,0,6.1,6,6.2,6.1,0,-0.330586039024209,0.33058603902421,0,0,0,0
896,896,"ALT600A02",10.3,66.3,"イヌガシ","EB",0,0,0,8,10.6,10.7,11.1,1.72370298230764,5.62824918876371,0.921822144005342,0,0,0,0
897,897,"ALT600A02",14.85,65.25,"イヌガシ","EB",0,0,0,6.4,7,7.2,8,1.174439743759,1.79224317379374,2.67062785249045,12.5203042132207,12.5203042132207,0,0
898,898,"ALT600A02",15.4,66,"アカガシ","EB",0,0,0,36.5,NA,NA,80.7,4.17592797203925,NA,NA,0.184974284425987,0.184974284425987,0,0
901,901,"ALT600A02",15.95,60.5,"イヌガシ","EB",0,0,0,15.9,18.8,20.2,22,1.70907023227437,3.35075521219435,3.14371167044825,0,0,0,0
902,902,"ALT600A02",10.95,60,"イヌガシ","EB",0,0,0,13.7,16,16.5,17.1,1.16675068776071,3.10385778811404,1.32979482537666,0,0,0,0
903,902,"ALT600A02",10.95,60,"イヌガシ","EB",0,0,0,7.4,7.7,7.8,8,0.410323902472167,0.794806572990282,0.764424256403954,0,0,0,0
2166,2166,"ALT600A02",13.3,61.25,"イヌガシ","EB",0,0,0,5.3,6,6.3,6.7,1.2336879254676,2.48105297339958,2.20696114337731,0,0,0,0
2273,2273,"ALT600A02",14.7,65.6,"イヌガシ","EB",NA,0,0,NA,4.9,4.9,5.1,NA,NA,0.80010669227398,23.7460902100092,23.7460902100092,0,0
2274,2274,"ALT600A02",12.1,63.15,"イヌガシ","EB",NA,0,0,NA,5.6,5.7,6.2,NA,NA,2.03565388619885,1.44739002037811,1.44739002037811,0,0
2275,2275,"ALT600A02",12.3,63.95,"イヌガシ","EB",NA,0,0,NA,6.6,6.7,7.4,NA,NA,2.28820702355489,1.01602761839544,1.01602761839544,0,0
2307,902,"ALT600A02",10.95,60,"イヌガシ","EB",NA,0,0,NA,5.8,6.8,8,NA,NA,6.43167248254925,0,0,0,0
2343,2343,"ALT600A02",10.15,63.25,"ヤブニッケイ","EB",NA,0,0,NA,6.8,7.4,8.7,NA,NA,4.92800826956954,0,0,0,0
907,907,"ALT600A03",16.9,59.65,"イヌガシ","EB",0,0,0,5.5,6,6.7,7.5,1.63239435949389,1.74022753979259,4.4628710262842,0,0,0,0
908,908,"ALT600A03",11.45,56.35,"イヌガシ","EB",0,0,0,10.7,12.2,13.1,14.1,1.45226871534875,2.62384420542701,2.89477691289824,0,0,0,0
909,909,"ALT600A03",10.75,51.75,"イロハモミジ","DB",0,0,0,49,49.5,50,51.1,0.22086420578438,0.203047429280358,0.636236552700282,0,0,0,0
2167,2167,"ALT600A03",14.6,57.8,"イヌガシ","EB",0,0,0,5.1,6.7,8.1,9.4,3.21825868181936,5.45733973333281,6.77204325758076,0,0,0,0
2690,2690,"ALT600A03",14.25,56.05,"イヌガシ","EB",NA,0,0,NA,4.9,5.8,7.1,NA,NA,7.41719157861377,0.566276857501314,0.566276857501314,0,0
858,858,"ALT600B01",28.1,98.45,"イタヤカエデ","DB",0,0,0,16.4,20.6,23.2,25.7,2.36426135300538,4.56019481930766,4.42399832211277,0,0,0,0
853,854,"ALT600B01",24.6,86.1,"ミズキ","DB",0,0,0,21.6,23,20.5,21.8,0.0485087110785476,1.2560180247806,-1.07168492268213,7.1924429112996,0,7.1924429112996,0
854,854,"ALT600B01",24.9,86.55,"オオモミジ","DB",0,0,0,75.1,76.1,75.3,84.8,0.639342021198781,0.264554121951023,2.16494555860435,0.475332715318788,0,0.475332715318788,0
839,839,"ALT600B02",20.25,72.9,"イヌガシ","EB",0,0,0,16.3,18.2,19.3,20,1.07666929337513,2.20512972540066,1.88621358942483,0,0,0,0
841,841,"ALT600B02",23.05,72.3,"シキミ","EB",0,0,0,6.9,7.1,7.2,8.2,0.908488119299966,0.571467448881119,2.88078740445875,1.78639208823437,1.78639208823437,0,0
842,842,"ALT600B02",25.3,73.4,"シキミ","EB",0,0,0,5.4,6,6.7,7.6,1.79868049327398,2.10721031315652,4.72777556128461,0.542763157894729,0.542763157894729,0,0
843,843,"ALT600B02",28.15,71.65,"イヌガシ","EB",0,0,0,16.3,19.3,21.1,22,1.57830181866105,3.37879976196247,2.61874714894952,0,0,0,0
844,844,"ALT600B02",27.2,72.6,"アカガシ","EB",0,0,0,6.8,8,8.6,9,1.47527350081136,3.2503785899555,2.35566071312767,0,0,0,0
2585,2585,"ALT600B02",23.3,75.6,"イヌガシ","EB",NA,0,0,NA,6.3,7,7.8,NA,NA,4.27148200596118,0,0,0,0
2815,2815,"ALT600B02",23.95,68.8,"イヌガシ","EB",NA,NA,0,NA,NA,5.8,6.5,NA,NA,NA,0,0,0,0
833,833,"ALT600B02",20.4,63.85,"イヌガシ","EB",0,0,0,13.9,16.5,17.6,18.7,1.56123517749418,3.42943081539778,2.50326285908012,0,0,0,0
834,834,"ALT600B02",24,63.2,"イヌガシ","EB",0,0,0,9.7,11.3,12.4,14.1,1.9686784835515,3.05353680417916,4.42744143331655,1.53427713849532,1.53427713849532,0,0
835,835,"ALT600B02",29.05,64.2,"イヌガシ","EB",0,0,0,18.8,21.1,22.2,24.5,1.39376972481462,2.30832341292235,2.98800154137321,0,0,0,0
837,837,"ALT600B02",29.55,66.55,"アカガシ","EB",0,0,0,9.4,11.1,11.1,35,6.91914932743924,3.3247083808466,22.9680590634225,0,0,0,0
838,838,"ALT600B02",21.25,67.15,"アカガシ","EB",0,0,0,24.2,25.7,26.6,28,0.76764145796086,1.20276717477067,1.7142703654806,0,0,0,0
2586,2586,"ALT600B02",22.5,68.45,"イヌガシ","EB",NA,0,0,NA,5.5,5.9,6.3,NA,NA,2.71603082318124,0,0,0,0
824,825,"ALT600B03",27.55,58.6,"イヌガシ","EB",0,0,0,10.5,12.4,13.2,14.1,1.55157652747708,3.32642430895027,2.56956649546263,0,0,0,0
825,825,"ALT600B03",27.55,58.6,"イヌガシ","EB",0,0,0,18.2,20.3,21.4,22,0.998004522502981,2.18398583929984,1.60843134621148,0,0,0,0
826,826,"ALT600B03",26.65,57.8,"アカガシ","EB",0,0,0,26.4,29.1,31.2,32.9,1.15846656641608,1.94748328050353,2.45468967187759,0,0,0,0
827,828,"ALT600B03",21.85,57.7,"イヌガシ","EB",0,0,0,9.6,10.4,10.8,10.9,0.668419425059513,1.60085415347073,0.939139661755422,0,0,0,0
828,828,"ALT600B03",21.85,57.7,"イヌガシ","EB",0,0,0,17,20.3,22.4,24.5,1.92347249207613,3.54815083983051,3.76104463005879,0,0,0,0
2587,2587,"ALT600B03",24.1,60,"アカガシ","EB",NA,0,0,NA,4.9,5.3,5.9,NA,NA,3.71434291590186,0,0,0,0
631,632,"ALT600B01",37.3,98.6,"ケヤキ","DB",0,0,0,14.2,15.2,15.7,16.7,0.853509235871023,1.36106926490031,1.88226583140957,0,0,0,0
632,632,"ALT600B01",37.3,98.6,"ケヤキ","DB",0,0,0,37.2,47.8,53,56,2.15285752345289,5.01433756436619,3.16652102475478,0,0,0,0
637,637,"ALT600B01",39.5,80.4,"ケヤキ","DB",0,0,0,54.2,60.2,60.2,62.6,0.758338787686591,2.0998288773835,0.781858515825551,0,0,0,0
640,640,"ALT600B01",31.45,87.75,"アカガシ","EB",0,0,0,26.3,31.2,33.7,35.9,1.63772819110797,3.41698311263435,2.80638401357593,0,0,0,0
641,641,"ALT600B02",36.45,72.95,"イヌシデ","DB",0,0,0,46,48,48.9,49.4,0.375310672130431,0.851192288375918,0.574988265719716,0,0,0,0
642,642,"ALT600B02",36.85,76.25,"シラキ","DB",0,0,0,14.1,14.3,14.4,14.4,0.110807416830697,0.28169479763478,0.139373386321864,0,0,0,0
643,643,"ALT600B02",34.05,76.75,"アカガシ","EB",0,0,0,5.9,7.5,7.9,7.9,1.53637057137527,4.79901339261182,1.03919477861422,0,0,0,0
648,648,"ALT600B02",30.15,71.65,"アカガシ","EB",0,0,0,5.4,8.4,10.1,11.2,3.83955170910958,8.83665504558079,5.75364144903562,1.46812544741433,0,1.46812544741433,0
650,650,"ALT600B02",34.9,70.6,"イヌガシ","EB",0,0,0,5,5.3,5.6,5.7,0.689622433717917,1.16537816247952,1.45518708564857,0,0,0,0
2232,2231,"ALT600B02",37.55,70.9,"ヤブニッケイ","EB",NA,0,0,NA,7.6,9.8,11.5,NA,NA,8.28397576153838,0.61595669206758,0.36297447925411,0,0
2593,2593,"ALT600B02",29.75,72.85,"アブラチャン","DB",NA,0,0,NA,5,5.1,5.2,NA,NA,0.784414263065627,0,0,0,0
2693,2593,"ALT600B02",29.75,72.85,"アブラチャン","DB",NA,0,0,NA,4.9,5.4,6,NA,NA,4.05048528222948,0,0,0,0
654,654,"ALT600B02",37.5,69.1,"イヌガシ","EB",0,0,0,7.7,10.8,13,14.9,3.47442570574619,6.76651610541072,6.43630157642479,0,0,0,0
655,655,"ALT600B02",35.4,69.5,"イヌガシ","EB",0,0,0,7.3,10.4,13.1,14.6,3.64814305557866,7.07862915985963,6.78431445133927,0,0,0,0
656,656,"ALT600B02",34.3,68.1,"ヒサカキ","EB",0,0,0,5.6,7.1,8.2,9,2.49714726102693,4.74656372612332,4.74259586577899,1.32940598066876,1.32940598066876,0,0
657,658,"ALT600B02",32.6,66.6,"イヌガシ","EB",0,0,0,10.2,10.7,10.9,11.1,0.445038884358227,0.957120423552703,0.734027337008559,0,0,0,0
658,658,"ALT600B02",32.6,66.6,"イヌガシ","EB",0,0,0,27.5,30.9,32.5,33.4,1.02299944900068,2.33140358462348,1.5559943215791,0,0,0,0
659,659,"ALT600B02",31.15,67.8,"ブナ","DB",0,0,0,45.1,45.7,46.1,46.3,0.138209024123978,0.264321027830529,0.260873263840584,0,0,0,0
660,660,"ALT600B02",33.3,64,"ブナ","DB",0,0,0,66.6,68.7,70.3,70.5,0.299516485641471,0.620892433639206,0.517270211798388,0,0,0,0
661,661,"ALT600B02",30.3,63.95,"アオハダ","DB",0,0,0,21.1,19.4,21.8,22.1,0.243708252850981,-1.67999948825477,2.6060908490885,0,0,0,0
2278,2278,"ALT600B02",34.95,68.15,"アカガシ","EB",NA,0,0,NA,6.1,7.2,7.8,NA,NA,4.91669925032561,1.76991920503238,1.76991920503238,0,0
620,621,"ALT600C01",44.9,89.6,"アブラチャン","DB",0,0,0,5.4,6.1,6.7,6.3,0.811319367511885,2.43779635218074,0.64521724436443,0,0,0,0
611,609,"ALT600C02",42.65,79.25,"イヌガシ","EB",0,0,0,6.4,8.4,9.6,9.8,2.24254944900474,5.43867430967283,3.08301359654517,0,0,0,0
613,613,"ALT600C02",42.05,76.65,"オオモミジ","DB",0,0,0,10.5,12.5,15.4,16.7,2.44228138031175,3.48706774289555,5.79360150228908,0.24999588948158,0.24999588948158,0,0
2854,2854,"ALT600A01",1.1,84.5,"イヌガシ","EB",NA,NA,0,NA,NA,NA,4.9,NA,NA,NA,2.43008772117537,2.43008772117537,0,0
2855,2855,"ALT600A02",8.15,75.3,"イヌガシ","EB",NA,NA,0,NA,NA,NA,5.4,NA,NA,NA,0,0,0,0
2856,2856,"ALT600A02",5.85,75.1,"イヌガシ","EB",NA,NA,0,NA,NA,NA,4.8,NA,NA,NA,0.542651963827786,0.542651963827786,0,0
2857,1018,"ALT600A02",8.8,69.45,"ヤブニッケイ","EB",NA,NA,0,NA,NA,NA,4.9,NA,NA,NA,0,0,0,0
2858,2858,"ALT600A02",6.85,62.05,"シキミ","EB",NA,NA,0,NA,NA,NA,6.2,NA,NA,NA,1.02383682184427,1.02383682184427,0,0
2860,1014,"ALT600A03",5.9,51.15,"イヌガシ","EB",NA,NA,0,NA,NA,NA,5.2,NA,NA,NA,0,0,0,0
2871,2871,"ALT600A02",11.2,78.6,"イヌガシ","EB",NA,NA,0,NA,NA,NA,6.2,NA,NA,NA,5.73505960778034,5.73505960778034,0,0
2872,2872,"ALT600A02",13.2,67.95,"ヤブニッケイ","EB",NA,NA,0,NA,NA,NA,5.2,NA,NA,NA,0,0,0,0
2873,2873,"ALT600A02",13.85,66.6,"イヌガシ","EB",NA,NA,0,NA,NA,NA,4.8,NA,NA,NA,0,0,0,0
2879,2879,"ALT600B02",24.05,67.55,"シキミ","EB",NA,NA,0,NA,NA,NA,5.2,NA,NA,NA,0,0,0,0
2889,2889,"ALT600B02",36.05,74.1,"イヌガシ","EB",NA,NA,0,NA,NA,NA,6.2,NA,NA,NA,0,0,0,0
2954,2954,"ALT600A01",3.35,87.25,"イヌガシ","EB",NA,NA,0,NA,NA,NA,2.1,NA,NA,NA,0,0,0,0
2955,2795,"ALT600A01",4.45,86.8,"アカガシ","EB",NA,NA,0,NA,NA,NA,2.9,NA,NA,NA,0,0,0,0
2956,1049,"ALT600A01",6.45,85.4,"イヌガシ","EB",NA,NA,0,NA,NA,NA,3,NA,NA,NA,0,0,0,0
2957,1049,"ALT600A01",6.45,85.4,"イヌガシ","EB",NA,NA,0,NA,NA,NA,2.5,NA,NA,NA,0,0,0,0
2958,2958,"ALT600A01",5.15,83.55,"イヌガシ","EB",NA,NA,0,NA,NA,NA,3.1,NA,NA,NA,0,0,0,0
2959,2959,"ALT600A01",8.4,84.3,"イヌガシ","EB",NA,NA,0,NA,NA,NA,2.4,NA,NA,NA,0,0,0,0
2960,2960,"ALT600A01",2.65,81.4,"イヌガシ","EB",NA,NA,0,NA,NA,NA,4.3,NA,NA,NA,0,0,0,0
2961,2961,"ALT600A01",4,84.6,"イヌガシ","EB",NA,NA,0,NA,NA,NA,3.1,NA,NA,NA,0,0,0,0
2962,2962,"ALT600A02",3.6,79,"イヌガシ","EB",NA,NA,0,NA,NA,NA,3.2,NA,NA,NA,25.0562177964312,25.0562177964312,0,0
2963,2963,"ALT600A02",3.8,79.75,"イヌガシ","EB",NA,NA,0,NA,NA,NA,2.6,NA,NA,NA,19.030831957939,19.030831957939,0,0
2964,2964,"ALT600A02",7.05,79.25,"シキミ","EB",NA,NA,0,NA,NA,NA,4.3,NA,NA,NA,0,0,0,0
2965,2965,"ALT600A02",3.85,76.8,"イヌガシ","EB",NA,NA,0,NA,NA,NA,2.5,NA,NA,NA,3.15130738821742,0,0,3.15130738821742
2966,2966,"ALT600A02",5.2,76.65,"イヌガシ","EB",NA,NA,0,NA,NA,NA,2.1,NA,NA,NA,0,0,0,0
2967,2967,"ALT600A02",5.15,75.5,"イヌガシ","EB",NA,NA,0,NA,NA,NA,2.1,NA,NA,NA,2.83507964775333,2.83507964775333,0,0
2968,2968,"ALT600A02",6.3,77.1,"イヌガシ","EB",NA,NA,0,NA,NA,NA,4,NA,NA,NA,0,0,0,0
2970,2970,"ALT600A02",7,74.4,"イヌガシ","EB",NA,NA,0,NA,NA,NA,4.5,NA,NA,NA,0,0,0,0
2971,2971,"ALT600A02",5.7,70.35,"イヌガシ","EB",NA,NA,0,NA,NA,NA,4.5,NA,NA,NA,3.50392220818424,3.50392220818424,0,0
2972,2972,"ALT600A02",5.6,72.55,"イヌガシ","EB",NA,NA,0,NA,NA,NA,4,NA,NA,NA,0,0,0,0
2973,2973,"ALT600A02",4.5,72.65,"イヌガシ","EB",NA,NA,0,NA,NA,NA,3.9,NA,NA,NA,13.5346630793868,0,13.5346630793868,0
2974,2974,"ALT600A02",3.3,72.7,"イヌガシ","EB",NA,NA,0,NA,NA,NA,4.2,NA,NA,NA,17.1218919419984,0,17.1218919419984,0
2975,2975,"ALT600A02",2.55,71.55,"イヌガシ","EB",NA,NA,0,NA,NA,NA,4.4,NA,NA,NA,3.05659847738623,3.05659847738623,0,0
2976,2976,"ALT600A02",1.1,71.5,"イヌガシ","EB",NA,NA,0,NA,NA,NA,3.7,NA,NA,NA,3.94843243251355,3.94843243251355,0,0
2977,2977,"ALT600A02",0.85,70.8,"イヌガシ","EB",NA,NA,0,NA,NA,NA,3,NA,NA,NA,1.65925955852423,1.65925955852423,0,0
2978,2978,"ALT600A02",0.15,71.9,"イヌガシ","EB",NA,NA,0,NA,NA,NA,3.5,NA,NA,NA,0,0,0,0
2979,2979,"ALT600A02",2.1,72.15,"イヌガシ","EB",NA,NA,0,NA,NA,NA,2.2,NA,NA,NA,17.9696969696969,17.9696969696969,0,0
2980,2980,"ALT600A02",3.45,73.9,"イヌガシ","EB",NA,NA,0,NA,NA,NA,3.1,NA,NA,NA,3.45161290322582,3.45161290322582,0,0
2981,2981,"ALT600A02",2,75.35,"イヌガシ","EB",NA,NA,0,NA,NA,NA,2.9,NA,NA,NA,0,0,0,0
2982,2982,"ALT600A02",0.85,78,"イヌガシ","EB",NA,NA,0,NA,NA,NA,3.1,NA,NA,NA,3.19338546342312,3.19338546342312,0,0
2983,2983,"ALT600A02",0.8,69.6,"イヌガシ","EB",NA,NA,0,NA,NA,NA,2.3,NA,NA,NA,1.04347826086957,1.04347826086957,0,0
2984,2984,"ALT600A02",0,69,"イヌガシ","EB",NA,NA,0,NA,NA,NA,2.4,NA,NA,NA,2.71528815458015,2.71528815458015,0,0
2985,2985,"ALT600A02",0.5,68.6,"イヌガシ","EB",NA,NA,0,NA,NA,NA,2.7,NA,NA,NA,1.3882112167876,1.3882112167876,0,0
2986,2986,"ALT600A02",1.3,67.8,"イヌガシ","EB",NA,NA,0,NA,NA,NA,3.9,NA,NA,NA,0,0,0,0
2987,2987,"ALT600A02",1.65,66.4,"イヌガシ","EB",NA,NA,0,NA,NA,NA,3.2,NA,NA,NA,19.2039194245748,0,19.2039194245748,0
2988,2988,"ALT600A02",2.95,68.3,"イヌガシ","EB",NA,NA,0,NA,NA,NA,4.5,NA,NA,NA,0,0,0,0
2989,2989,"ALT600A02",3.45,69.6,"イヌガシ","EB",NA,NA,0,NA,NA,NA,3.6,NA,NA,NA,5.57242337249955,5.57242337249955,0,0
2990,2990,"ALT600A02",7.85,65.4,"ヤブニッケイ","EB",NA,NA,0,NA,NA,NA,3.9,NA,NA,NA,0,0,0,0
2991,2797,"ALT600A02",7.75,64.15,"イヌガシ","EB",NA,NA,0,NA,NA,NA,2.2,NA,NA,NA,0,0,0,0
2992,2992,"ALT600A02",6.45,63.65,"イヌガシ","EB",NA,NA,0,NA,NA,NA,2.8,NA,NA,NA,0,0,0,0
2993,2993,"ALT600A02",7.5,61.3,"イヌガシ","EB",NA,NA,0,NA,NA,NA,3.6,NA,NA,NA,2.49097512475162,1.7352860419618,0,0
2994,2993,"ALT600A02",7.5,61.3,"イヌガシ","EB",NA,NA,0,NA,NA,NA,2.7,NA,NA,NA,3.65716198090875,2.31371472261574,0,0
2995,1023,"ALT600A02",5.25,61.55,"イヌガシ","EB",NA,NA,0,NA,NA,NA,4.5,NA,NA,NA,0,0,0,0
2996,1023,"ALT600A02",5.25,61.55,"イヌガシ","EB",NA,NA,0,NA,NA,NA,3.3,NA,NA,NA,0,0,0,0
2997,1022,"ALT600A02",5.35,63.45,"イヌガシ","EB",NA,NA,0,NA,NA,NA,2.2,NA,NA,NA,0,0,0,0
2998,2998,"ALT600A02",4.15,61.2,"イヌガシ","EB",NA,NA,0,NA,NA,NA,2.8,NA,NA,NA,0,0,0,0
2999,2999,"ALT600A02",3,63,"ヤブニッケイ","EB",NA,NA,0,NA,NA,NA,4.7,NA,NA,NA,0,0,0,0
3000,2999,"ALT600A02",3,63,"ヤブニッケイ","EB",NA,NA,0,NA,NA,NA,3.6,NA,NA,NA,0,0,0,0
3001,3001,"ALT600A03",2.95,59.7,"イヌガシ","EB",NA,NA,0,NA,NA,NA,4,NA,NA,NA,0,0,0,0
3002,3001,"ALT600A03",2.95,59.7,"イヌガシ","EB",NA,NA,0,NA,NA,NA,3.6,NA,NA,NA,0,0,0,0
3003,3001,"ALT600A03",2.95,59.7,"イヌガシ","EB",NA,NA,0,NA,NA,NA,2.7,NA,NA,NA,0,0,0,0
3004,3001,"ALT600A03",2.95,59.7,"イヌガシ","EB",NA,NA,0,NA,NA,NA,2.3,NA,NA,NA,0,0,0,0
3005,2798,"ALT600A03",4.1,57.65,"イヌガシ","EB",NA,NA,0,NA,NA,NA,2.9,NA,NA,NA,0,0,0,0
3006,2798,"ALT600A03",4.1,57.65,"イヌガシ","EB",NA,NA,0,NA,NA,NA,2.4,NA,NA,NA,0,0,0,0
3007,3007,"ALT600A03",7.2,56.85,"イヌガシ","EB",NA,NA,0,NA,NA,NA,2.3,NA,NA,NA,1.03005240524921,1.03005240524921,0,0
3008,3008,"ALT600A03",6.7,59.95,"イヌガシ","EB",NA,NA,0,NA,NA,NA,3.2,NA,NA,NA,2.61647032675758,1.22813913296784,0,0
3009,3008,"ALT600A03",6.7,59.95,"イヌガシ","EB",NA,NA,0,NA,NA,NA,2.3,NA,NA,NA,4.30893427370192,2.37734304755968,0,0
3010,3010,"ALT600A03",7.25,59.75,"イヌガシ","EB",NA,NA,0,NA,NA,NA,2.6,NA,NA,NA,3.61459009034014,3.61459009034014,0,0
3011,3011,"ALT600A03",8.15,57.05,"イヌガシ","EB",NA,NA,0,NA,NA,NA,2.3,NA,NA,NA,1.03005240524921,1.03005240524921,0,0
3012,3012,"ALT600A03",10,57.1,"イヌガシ","EB",NA,NA,0,NA,NA,NA,2.1,NA,NA,NA,0,0,0,0
3013,3012,"ALT600A03",10,57.1,"イヌガシ","EB",NA,NA,0,NA,NA,NA,2.1,NA,NA,NA,0,0,0,0
3014,3014,"ALT600A03",8.35,55.45,"イヌガシ","EB",NA,NA,0,NA,NA,NA,4.7,NA,NA,NA,0,0,0,0
3015,3015,"ALT600A03",8.85,53.2,"イヌガシ","EB",NA,NA,0,NA,NA,NA,3,NA,NA,NA,11.7936865164113,11.7936865164113,0,0
3016,1011,"ALT600A03",8.3,53.75,"イヌガシ","EB",NA,NA,0,NA,NA,NA,2.7,NA,NA,NA,13.1396425906168,10.4353269652377,0,0
3017,1011,"ALT600A03",8.3,53.75,"イヌガシ","EB",NA,NA,0,NA,NA,NA,2.1,NA,NA,NA,17.2611543859549,13.4168489553056,0,0
3019,3019,"ALT600A03",3,52.75,"ヤブニッケイ","EB",NA,NA,0,NA,NA,NA,3.3,NA,NA,NA,0,0,0,0
3020,3020,"ALT600A03",0.85,56.8,"シキミ","EB",NA,NA,0,NA,NA,NA,2.8,NA,NA,NA,0,0,0,0
3069,871,"ALT600A01",16.55,87.55,"イヌガシ","EB",NA,NA,0,NA,NA,NA,4.3,NA,NA,NA,0,0,0,0
3070,3070,"ALT600A01",19.55,82.75,"アカガシ","EB",NA,NA,0,NA,NA,NA,3.7,NA,NA,NA,0,0,0,0
3071,3071,"ALT600A01",16.95,80.35,"イヌガシ","EB",NA,NA,0,NA,NA,NA,4.4,NA,NA,NA,0,0,0,0
3072,3072,"ALT600A02",10.55,79.85,"シロダモ","EB",NA,NA,0,NA,NA,NA,2,NA,NA,NA,0,0,0,0
3073,3073,"ALT600A02",13.85,78.85,"イヌガシ","EB",NA,NA,0,NA,NA,NA,3.5,NA,NA,NA,3.37684642698867,3.37684642698867,0,0
3074,3074,"ALT600A02",14.5,78.6,"イヌガシ","EB",NA,NA,0,NA,NA,NA,2.3,NA,NA,NA,2.18509004796703,2.18509004796703,0,0
3075,3075,"ALT600A02",15.5,77.7,"イヌガシ","EB",NA,NA,0,NA,NA,NA,3.7,NA,NA,NA,0,0,0,0
3076,3076,"ALT600A02",15.75,78.9,"イヌガシ","EB",NA,NA,0,NA,NA,NA,2.9,NA,NA,NA,0,0,0,0
3077,3077,"ALT600A02",10.65,75.15,"イヌガシ","EB",NA,NA,0,NA,NA,NA,3.1,NA,NA,NA,0,0,0,0
3078,3078,"ALT600A02",12.75,74.75,"イヌガシ","EB",NA,NA,0,NA,NA,NA,3.2,NA,NA,NA,0,0,0,0
3079,3079,"ALT600A02",13.2,76.1,"イヌガシ","EB",NA,NA,0,NA,NA,NA,3.3,NA,NA,NA,0,0,0,0
3080,879,"ALT600A02",10.5,77.9,"イヌガシ","EB",NA,NA,0,NA,NA,NA,4.3,NA,NA,NA,24.5199192234053,10.797084702483,8.69201026707724,0
3081,879,"ALT600A02",10.5,77.9,"イヌガシ","EB",NA,NA,0,NA,NA,NA,4.3,NA,NA,NA,24.5199192234053,10.797084702483,8.69201026707724,0
3082,879,"ALT600A02",10.5,77.9,"イヌガシ","EB",NA,NA,0,NA,NA,NA,2.7,NA,NA,NA,40.2013953408097,17.1953571187693,13.842831166086,0
3083,3083,"ALT600A02",12.5,66.9,"イヌガシ","EB",NA,NA,0,NA,NA,NA,2,NA,NA,NA,0,0,0,0
3084,896,"ALT600A02",10.3,66.3,"イヌガシ","EB",NA,NA,0,NA,NA,NA,4,NA,NA,NA,0,0,0,0
3085,3085,"ALT600A03",11.3,57.35,"イヌガシ","EB",NA,NA,0,NA,NA,NA,2.5,NA,NA,NA,0,0,0,0
3086,3086,"ALT600A03",12.8,56.65,"イヌガシ","EB",NA,NA,0,NA,NA,NA,4.2,NA,NA,NA,1.44366443474008,1.44366443474008,0,0
3087,3087,"ALT600A03",13.2,56.75,"イヌガシ","EB",NA,NA,0,NA,NA,NA,2.5,NA,NA,NA,4.0745985006104,4.0745985006104,0,0
3088,3088,"ALT600A03",12.95,57.9,"イヌガシ","EB",NA,NA,0,NA,NA,NA,3,NA,NA,NA,0,0,0,0
3089,3089,"ALT600A03",13,59.35,"イヌガシ","EB",NA,NA,0,NA,NA,NA,2.5,NA,NA,NA,0,0,0,0
3090,3090,"ALT600A03",19.4,59.45,"イヌガシ","EB",NA,NA,0,NA,NA,NA,3.8,NA,NA,NA,0,0,0,0
3091,3091,"ALT600A03",16.1,54.8,"イヌガシ","EB",NA,NA,0,NA,NA,NA,2.7,NA,NA,NA,0,0,0,0
3092,3091,"ALT600A03",16.1,54.8,"イヌガシ","EB",NA,NA,0,NA,NA,NA,2.1,NA,NA,NA,0,0,0,0
3097,3097,"ALT600A03",12.7,53.2,"イヌガシ","EB",NA,NA,0,NA,NA,NA,2.2,NA,NA,NA,0,0,0,0
3100,3100,"ALT600A03",12.85,54.95,"アカガシ","EB",NA,NA,0,NA,NA,NA,3.3,NA,NA,NA,3.11815609350016,3.11815609350016,0,0
3101,3101,"ALT600A03",12.7,55.2,"イヌガシ","EB",NA,NA,0,NA,NA,NA,3,NA,NA,NA,3.77296887313519,3.77296887313519,0,0
3102,3102,"ALT600A03",13.6,55.8,"イヌガシ","EB",NA,NA,0,NA,NA,NA,2.8,NA,NA,NA,3.64107351870424,3.64107351870424,0,0
3103,3103,"ALT600A03",10,55.2,"イヌガシ","EB",NA,NA,0,NA,NA,NA,2.9,NA,NA,NA,0,0,0,0
3156,3156,"ALT600B02",21.1,79.45,"イヌガシ","EB",NA,NA,0,NA,NA,NA,3.7,NA,NA,NA,0.99044036205642,0.99044036205642,0,0
3157,3157,"ALT600B02",21.9,79.1,"イヌガシ","EB",NA,NA,0,NA,NA,NA,3.2,NA,NA,NA,1.32413364810082,1.32413364810082,0,0
3158,3158,"ALT600B02",25.4,77.5,"ブナ","DB",NA,NA,0,NA,NA,NA,4.3,NA,NA,NA,5.41800191661856,0,5.41800191661856,0
3159,3159,"ALT600B02",25.55,77.6,"アブラチャン","DB",NA,NA,0,NA,NA,NA,4.2,NA,NA,NA,5.67907343754406,0,5.67907343754406,0
3160,3160,"ALT600B02",28.15,76.6,"アブラチャン","DB",NA,NA,0,NA,NA,NA,3.4,NA,NA,NA,0,0,0,0
3161,3160,"ALT600B02",28.15,76.6,"イヌガシ","EB",NA,NA,0,NA,NA,NA,2.7,NA,NA,NA,0,0,0,0
3162,2593,"ALT600B02",29.75,72.85,"アブラチャン","DB",NA,NA,0,NA,NA,NA,3.8,NA,NA,NA,0,0,0,0
3163,2593,"ALT600B02",29.75,72.85,"アブラチャン","DB",NA,NA,0,NA,NA,NA,3,NA,NA,NA,0,0,0,0
3164,2593,"ALT600B02",29.75,72.85,"アブラチャン","DB",NA,NA,0,NA,NA,NA,2.4,NA,NA,NA,0,0,0,0
3165,2593,"ALT600B02",29.75,72.85,"アブラチャン","DB",NA,NA,0,NA,NA,NA,2.3,NA,NA,NA,0,0,0,0
3166,3166,"ALT600B02",25.3,72.6,"イヌガシ","EB",NA,NA,0,NA,NA,NA,3.3,NA,NA,NA,2.87878787878784,2.87878787878784,0,0
3167,3167,"ALT600B02",24.55,70.05,"イヌガシ","EB",NA,NA,0,NA,NA,NA,3.1,NA,NA,NA,0,0,0,0
3168,3168,"ALT600B02",23.45,72.15,"イヌガシ","EB",NA,NA,0,NA,NA,NA,2.8,NA,NA,NA,7.64364968975775,7.64364968975775,0,0
3169,3169,"ALT600B02",23.4,73.1,"イヌガシ","EB",NA,NA,0,NA,NA,NA,2.1,NA,NA,NA,5.87328920839156,5.87328920839156,0,0
3170,3170,"ALT600B02",22.4,72.65,"イヌガシ","EB",NA,NA,0,NA,NA,NA,4.2,NA,NA,NA,2.64463846863069,2.64463846863069,0,0
3171,3171,"ALT600B02",21.95,70.5,"イヌガシ","EB",NA,NA,0,NA,NA,NA,4.1,NA,NA,NA,0,0,0,0
3172,3172,"ALT600B02",20.6,71.45,"イヌガシ","EB",NA,NA,0,NA,NA,NA,3.2,NA,NA,NA,0,0,0,0
3173,3173,"ALT600B02",20.55,75.1,"イヌガシ","EB",NA,NA,0,NA,NA,NA,2.8,NA,NA,NA,0,0,0,0
3174,3174,"ALT600B02",23.9,63.35,"イヌガシ","EB",NA,NA,0,NA,NA,NA,3.9,NA,NA,NA,20.0545455558353,20.0545455558353,0,0
3175,3175,"ALT600B02",21.9,61.75,"イヌガシ","EB",NA,NA,0,NA,NA,NA,4,NA,NA,NA,0,0,0,0
3176,3176,"ALT600B02",21.35,60.45,"イヌガシ","EB",NA,NA,0,NA,NA,NA,2.2,NA,NA,NA,0,0,0,0
3180,825,"ALT600B03",27.55,58.6,"イヌガシ","EB",NA,NA,0,NA,NA,NA,3.7,NA,NA,NA,0,0,0,0
3181,825,"ALT600B03",27.55,58.6,"イヌガシ","EB",NA,NA,0,NA,NA,NA,3.3,NA,NA,NA,0,0,0,0
3182,825,"ALT600B03",27.55,58.6,"イヌガシ","EB",NA,NA,0,NA,NA,NA,2.7,NA,NA,NA,0,0,0,0
3222,3222,"ALT600B02",32.05,75.55,"イヌガシ","EB",NA,NA,0,NA,NA,NA,2.7,NA,NA,NA,0,0,0,0
3223,3223,"ALT600B02",38.75,75.3,"イヌガシ","EB",NA,NA,0,NA,NA,NA,2.2,NA,NA,NA,0,0,0,0
3224,3224,"ALT600B02",35.1,73.35,"アオハダ","DB",NA,NA,0,NA,NA,NA,4,NA,NA,NA,0,0,0,0
3225,3225,"ALT600B02",37.3,71.65,"イヌガシ","EB",NA,NA,0,NA,NA,NA,3.3,NA,NA,NA,5.28962808609983,5.28962808609983,0,0
3226,3226,"ALT600B02",38.1,72.75,"イヌガシ","EB",NA,NA,0,NA,NA,NA,2.3,NA,NA,NA,0,0,0,0
3227,2231,"ALT600B02",37.55,70.9,"ヤブニッケイ","EB",NA,NA,0,NA,NA,NA,2.3,NA,NA,NA,8.13942771660731,6.32455532033676,0,0
3228,3228,"ALT600B02",30.75,71.6,"アブラチャン","DB",NA,NA,0,NA,NA,NA,3.5,NA,NA,NA,8.35200254529039,5.31491071063934,0,0
3229,3228,"ALT600B02",30.75,71.6,"アブラチャン","DB",NA,NA,0,NA,NA,NA,3.3,NA,NA,NA,8.95884570543373,5.63702651128415,0,0
3230,3228,"ALT600B02",30.75,71.6,"アブラチャン","DB",NA,NA,0,NA,NA,NA,3.1,NA,NA,NA,9.64399120882138,6.00070564104441,0,0
3231,3231,"ALT600B02",34.3,74.9,"シロダモ","EB",NA,NA,0,NA,NA,NA,3.6,NA,NA,NA,0,0,0,0
3232,658,"ALT600B02",32.6,66.6,"イヌガシ","EB",NA,NA,0,NA,NA,NA,3.3,NA,NA,NA,0,0,0,0
3240,3240,"ALT600B02",31.3,62.1,"イヌガシ","EB",NA,NA,0,NA,NA,NA,3.3,NA,NA,NA,0,0,0,0
3296,621,"ALT600C01",44.9,89.6,"アブラチャン","DB",NA,NA,0,NA,NA,NA,2.3,NA,NA,NA,0,0,0,0
3297,621,"ALT600C01",44.9,89.6,"アブラチャン","DB",NA,NA,0,NA,NA,NA,2.4,NA,NA,NA,0,0,0,0
3298,3298,"ALT600C02",40.95,76.5,"イヌガシ","EB",NA,NA,0,NA,NA,NA,2.2,NA,NA,NA,0,0,0,0
3299,3298,"ALT600C02",40.95,76.5,"イヌガシ","EB",NA,NA,0,NA,NA,NA,2.2,NA,NA,NA,0,0,0,0
3300,3300,"ALT600C02",42.4,76.05,"イヌガシ","EB",NA,NA,0,NA,NA,NA,2.9,NA,NA,NA,8.29029175000211,0,8.29029175000211,0
2824,2824,"ALT600C02",50.25,68.55,"イヌガシ","EB",NA,NA,0,NA,NA,6.4,6.5,NA,NA,NA,0.712139066140344,0.712139066140344,0,0
398,399,"ALT600C01",54.15,97.25,"アブラチャン","DB",0,0,0,7.1,8.4,8.7,9.3,1.4206295584839,3.36273843603997,2.03565388619885,0,0,0,0
400,399,"ALT600C01",54.15,97.25,"アブラチャン","DB",0,0,0,6.7,10.1,11.4,11.8,2.97890528986684,8.20855794900587,3.11128215248811,0,0,0,0
401,399,"ALT600C01",54.15,97.25,"アブラチャン","DB",0,0,0,7.9,10.2,11.8,12.4,2.37280901651587,5.11049921634499,3.90617504641532,0,0,0,0
402,399,"ALT600C01",54.15,97.25,"アブラチャン","DB",0,0,0,10.2,11,11.6,12,0.855362786830394,1.51015105016291,1.74022753979259,0,0,0,0
2302,399,"ALT600C01",54.15,97.25,"アブラチャン","DB",NA,0,0,NA,7,8.1,8.4,NA,NA,3.64643113587909,0,0,0,0
2607,399,"ALT600C01",54.15,97.25,"アブラチャン","DB",NA,0,0,NA,4.8,4.8,5.2,NA,NA,1.60085415347073,0,0,0,0
2827,399,"ALT600C01",54.15,97.25,"アブラチャン","DB",NA,NA,0,NA,NA,4.9,5.9,NA,NA,NA,0,0,0,0
407,407,"ALT600C01",58.2,84.9,"アブラチャン","DB",0,0,0,7.5,9.6,10,10.2,1.61834052498927,4.93720155863052,1.2124924363287,0,0,0,0
408,408,"ALT600C01",55.5,88.05,"アブラチャン","DB",0,0,0,6.6,10,10.5,10.8,2.59198150051471,8.31030887923332,1.53922082272257,0,0,0,0
2240,2240,"ALT600C01",52.8,83.05,"ウリノキ","DB",NA,0,0,NA,6.6,7.5,8.3,NA,NA,4.58371731540345,0,0,0,0
2287,2287,"ALT600C02",56.55,79.8,"イタヤカエデ","DB",NA,0,0,NA,7.4,8.8,9.5,NA,NA,4.99623596792742,0.952321440227273,0.952321440227273,0,0
2360,2240,"ALT600C01",52.8,83.05,"ウリノキ","DB",NA,0,0,NA,5.7,6.4,6.5,NA,NA,2.62672004122174,0,0,0,0
2828,408,"ALT600C01",55.5,88.05,"アブラチャン","DB",NA,NA,0,NA,NA,5.1,6.2,NA,NA,NA,0,0,0,0
2829,407,"ALT600C01",58.2,84.9,"アブラチャン","DB",NA,NA,0,NA,NA,5.7,7.1,NA,NA,NA,0,0,0,0
2830,408,"ALT600C01",55.5,88.05,"アブラチャン","DB",NA,NA,0,NA,NA,6.1,7.4,NA,NA,NA,0,0,0,0
2831,407,"ALT600C01",58.2,84.9,"アブラチャン","DB",NA,NA,0,NA,NA,6.1,6.8,NA,NA,NA,0,0,0,0
415,415,"ALT600C02",57.85,75.05,"イヌガシ","EB",0,0,0,5.6,6.7,6.7,6.7,0.9438996245043,3.58681857311634,0,5.45298355176072,2.65618109971152,0,0
416,416,"ALT600C02",57.95,74.1,"イヌガシ","EB",0,0,0,6,8.8,10.3,10.8,3.09361402580063,7.65984504512212,4.09588825292026,2.98545496588491,2.74312907579685,0,0
417,417,"ALT600C02",52.1,75.75,"ミズキ","DB",0,0,0,8.8,12.6,15.8,18.5,3.91062637157957,7.17890184946543,7.68147836253694,0,0,0,0
420,420,"ALT600C02",50.85,72.05,"ヤブニッケイ","EB",0,0,0,6,8,8.3,8.6,1.89475123174425,5.75364144903562,1.44641323159252,1.21751025991792,0,0.834473324213407,0
422,422,"ALT600C02",52.8,69.8,"イヌガシ","EB",0,0,0,7.7,12,15.8,19.4,4.86343545899813,8.87372641856724,9.60732832562564,0.323890082650556,0.323890082650556,0,0
424,424,"ALT600C02",54.6,69.8,"アオハダ","DB",0,0,0,10.1,11.3,12.3,12.7,1.20561352430175,2.24534603742162,2.33598535492501,0,0,0,0
425,424,"ALT600C02",54.6,69.8,"アオハダ","DB",0,0,0,5.9,7.5,8.8,9.9,2.72411792752037,4.79901339261182,5.55263473196559,0,0,0,0
427,427,"ALT600C02",58.65,73.3,"シラキ","DB",0,0,0,16.8,18.1,18.6,18.6,0.53569839110496,1.49066103725134,0.544992848947511,5.78738244498805,0,5.78738244498805,0
428,428,"ALT600C02",58.9,72.95,"ケヤキ","DB",0,0,0,40.4,42,45,46.3,0.717432505921494,0.776796666325279,1.9494468561764,0.933998306969789,0,0.933998306969789,0
2348,2348,"ALT600C02",54.3,74.05,"イヌガシ","EB",NA,0,0,NA,5.9,5.9,5.9,NA,NA,0,0.860495436766625,0.860495436766625,0,0
2609,416,"ALT600C02",57.95,74.1,"イヌガシ","EB",NA,0,0,NA,5.4,6.2,6.2,NA,NA,2.76300676961634,5.97716350312694,5.55504743652193,0,0
2610,415,"ALT600C02",57.85,75.05,"イヌガシ","EB",NA,0,0,NA,4.8,5,5,NA,NA,0.816439890405104,7.66292622672071,3.66396745813149,0,0
2611,419,"ALT600C02",51.25,72.8,"アブラチャン","DB",NA,0,0,NA,5.1,5.7,6.1,NA,NA,3.58096462897971,6.5429122468659,2.19864995178399,4.34426229508191,0
2612,419,"ALT600C02",51.25,73,"アブラチャン","DB",NA,0,0,NA,5.1,5.2,5.3,NA,NA,0.769325616555923,5.75471698113199,0,5.75471698113199,0
2832,2832,"ALT600C02",52.65,74.65,"イヌガシ","EB",NA,NA,0,NA,NA,5.3,5.7,NA,NA,NA,0,0,0,0
429,429,"ALT600C02",58.65,65.85,"シキミ","EB",0,0,0,12.1,12.6,13,13.4,0.53710133870616,0.80982722709474,1.23115785998867,0,0,0,0
431,431,"ALT600C02",54.8,66.95,"イヌガシ","EB",0,0,0,5,6.7,7.8,8,2.47370331181966,5.8533922792564,3.54668030565831,1.96783088235294,1.96783088235294,0,0
432,432,"ALT600C02",53.2,66.95,"シキミ","EB",0,0,0,6.5,7.5,8.5,8.6,1.47347382293616,2.86201687281346,2.73718365434395,0,0,0,0
433,433,"ALT600C02",51.4,66.15,"シキミ","EB",0,0,0,6.6,7.8,8.8,9.1,1.69055139205487,3.34108169326332,3.08301359654517,0,0,0,0
435,435,"ALT600C02",55.1,63.6,"オオモミジ","DB",0,0,0,8.4,8.5,8.7,9.2,0.478798832661719,0.236689152940056,1.58274641117448,0,0,0,0
436,436,"ALT600C02",55.35,62.35,"アカガシ","EB",0,0,0,8.1,9.1,10.9,11.8,1.98018668312224,2.32820703688823,5.19650235897629,0.971508818247568,0.971508818247568,0,0
438,438,"ALT600C02",56.55,64.4,"オオモミジ","DB",0,0,0,21.7,23.3,24.3,24.9,0.723976541706569,1.42282200050482,1.32828885798014,0,0,0,0
439,439,"ALT600C02",53.4,60.4,"アオハダ","DB",0,0,0,7.9,8,8,7.9,0,0.251575644137199,-0.251575644137201,2.15452155139159,0.870976797371068,0.779295029226745,0
440,440,"ALT600C02",56.35,60.9,"アカガシ","EB",0,0,0,16.6,18.9,20.5,21.2,1.28736045429194,2.59518453406198,2.2967851922474,0,0,0,0
2238,2238,"ALT600C02",53.6,65.4,"イヌガシ","EB",NA,0,0,NA,7.1,8.3,8.8,NA,NA,4.29313874873782,0,0,0,0
2286,2286,"ALT600C02",55.65,66.95,"イヌガシ","EB",NA,0,0,NA,6,6.7,7,NA,NA,3.08301359654517,11.2605042016812,10.773109243698,0,0
2613,2613,"ALT600C02",51.6,63.35,"アカガシ","EB",NA,0,0,NA,5.6,7.4,8.3,NA,NA,7.86977834122898,1.8857673979214,1.8857673979214,0,0
441,441,"ALT600C03",58.45,59.75,"イロハモミジ","DB",0,0,0,17.3,17.8,18.3,19,0.493328829803722,0.569839115886125,1.30481043736802,0,0,0,0
445,445,"ALT600C03",55.6,59.2,"アカガシ","EB",0,0,0,11.4,11.7,11.6,11.8,0.18150618984826,0.51950972806521,0.170213793358177,0,0,0,0
447,447,"ALT600C03",51.5,57.35,"イヌガシ","EB",0,0,0,12.2,13.1,13.6,13.8,0.64859284433657,1.4235255693579,1.04112723912106,0,0,0,0
448,448,"ALT600C03",51.75,55.55,"アカガシ","EB",0,0,0,12.3,14.5,16,17.8,1.94525892062983,3.29098774096314,4.10099615743021,3.80519004324764,0,3.80519004324764,0
449,449,"ALT600C03",52.05,55.5,"ブナ","DB",0,0,0,18.9,19.3,19.7,20.6,0.45331133542073,0.418863476904868,1.30371959769391,2.84106987770426,2.84106987770426,0,0
450,450,"ALT600C03",54.2,54.95,"イヌシデ","DB",0,0,0,25.2,26,26.3,26.7,0.304313530993822,0.625050870082091,0.531340547694434,0,0,0,0
454,454,"ALT600C03",53.25,51.95,"イヌガシ","EB",0,0,0,9.4,10.8,11.7,20.7,4.15486321576508,2.77672889708432,13.011751322823,0,0,0,0
455,455,"ALT600C03",57.4,54.9,"イヌシデ","DB",0,0,0,44.1,45,44.9,45,0.10633003851326,0.404054146350389,0,0,0,0,0
456,456,"ALT600C03",57.2,53.75,"イヌガシ","EB",0,0,0,6,7.4,7.7,7.9,1.44791205392064,4.19441061964138,1.30765518525703,13.7328016792862,2.87882380319423,10.853977876092,0
457,457,"ALT600C03",57.85,53.6,"ブナ","DB",0,0,0,54.5,55.9,56.8,57.2,0.254490509034494,0.5072735698371,0.459790364493976,0.295774008093952,0.295774008093952,0,0
458,458,"ALT600C03",57.65,50.35,"オオモミジ","DB",0,0,0,12.8,12.9,12.9,13.2,0.161956098246071,0.155642808841099,0.459790364493971,3.85780885780887,3.85780885780887,0,0
459,459,"ALT600C03",58.3,50.35,"イヌガシ","EB",0,0,0,20.1,22.3,23.1,23.5,0.822529505710964,2.07733726802086,1.0482748536808,1.49263502454992,0,0.86415711947627,0
460,460,"ALT600D03",60.75,51.4,"イヌガシ","EB",0,0,0,5.2,6.6,7.1,7.3,1.78534590824718,4.76822046889996,2.01609398243931,0.65753424657534,0.65753424657534,0,0
2614,2614,"ALT600C03",53.5,56.25,"イヌガシ","EB",NA,0,0,NA,5.2,5.6,6,NA,NA,2.86201687281346,0,0,0,0
2833,2833,"ALT600C03",53.1,59.3,"アカガシ","EB",NA,NA,0,NA,NA,5.7,6.6,NA,NA,NA,0,0,0,0
2834,2834,"ALT600C03",54.25,57.7,"イヌガシ","EB",NA,NA,0,NA,NA,5.6,5.9,NA,NA,NA,0,0,0,0
461,461,"ALT600C03",59,46.2,"アカガシ","EB",0,0,0,7.9,11.6,13.9,15.3,3.47889509960744,7.68284677278686,5.53695460572142,0,0,0,0
462,462,"ALT600C03",58.85,43.55,"イヌガシ","EB",0,0,0,15.5,19.1,19.5,19.5,1.20828653497105,4.17696622254767,0.414522610342339,0,0,0,0
463,463,"ALT600C03",54.15,47.75,"アカガシ","EB",0,0,0,16.8,22,25.2,28.3,2.74464693810515,5.39327133898205,5.03638702581752,0,0,0,0
464,464,"ALT600C03",53.55,46.8,"イヌガシ","EB",0,0,0,9.4,9.9,10,9.8,0.219329981055621,1.03650135729172,-0.203047429280359,0,0,0,0
466,466,"ALT600C03",50,49.05,"オオモミジ","DB",0,0,0,10.2,11.5,12.3,12.8,1.19503921387024,2.39918630157958,2.14196271112734,2.66977785393537,2.66977785393537,0,0
467,467,"ALT600C03",50.8,40.7,"イヌガシ","EB",0,0,0,17.3,20.8,22.1,22.9,1.47594952134979,3.68492970407078,1.92367847705843,0,0,0,0
468,468,"ALT600C03",53.9,40.45,"ウラジロガシ","EB",0,0,0,8.6,13.7,15.9,17.7,3.79896019115959,9.31267259149234,5.12337613491409,0,0,0,0
2201,2201,"ALT600C03",55.65,44,"アカガシ","EB",0,0,0,5.3,7.3,7.6,8.1,2.23240653221219,6.40335055192538,2.07979427048095,0.764248821782562,0.764248821782562,0,0
2615,2615,"ALT600C04",55.4,39.35,"イロハモミジ","DB",NA,0,0,NA,5.1,5.4,6,NA,NA,3.2503785899555,5.6647055429993,5.6647055429993,0,0
470,470,"ALT600C04",59.05,37.35,"イヌガシ","EB",0,0,0,17.4,20.3,21.1,21.6,1.13801636036651,3.08301359654517,1.24144857284755,0,0,0,0
472,472,"ALT600C04",56.75,35.4,"アカガシ","EB",0,0,0,7,9.5,9.8,10.1,1.92960670943105,6.10763299102364,1.22487250481437,0,0,0,0
473,473,"ALT600C04",55.4,34.75,"イヌガシ","EB",0,0,0,7.6,9.2,9.4,9.7,1.28409283272132,3.82110473525418,1.05844802908685,0,0,0,0
474,474,"ALT600C04",51.85,37.3,"シキミ","EB",0,0,0,5.2,6.2,6.2,6.2,0.925740349808759,3.51781332927328,0,1.05974154665943,1.05974154665943,0,0
476,476,"ALT600C04",52.45,32.65,"イヌガシ","EB",0,0,0,7.3,8,8.1,8.3,0.675690350780036,1.83134387050981,0.736279462454328,0,0,0,0
477,477,"ALT600C04",53.05,31.2,"アカガシ","EB",0,0,0,78,81.6,83.6,84.3,0.408805464832726,0.902408705609389,0.651052060754971,0.302432948611672,0.188438991058042,0,0
2288,477,"ALT600C04",53.05,31.2,"アカガシ","EB",NA,0,0,NA,7.7,8,8.1,NA,NA,1.0128746563751,21.5969867337359,20.4106051754925,0,0
2290,471,"ALT600C04",58.05,35.55,"ヤブニッケイ","EB",NA,0,0,NA,5.8,6.4,6.8,NA,NA,3.18129389259375,0,0,0,0
2291,470,"ALT600C04",59.05,37.35,"イヌガシ","EB",NA,0,0,NA,6.5,6.6,6.6,NA,NA,0.305349442615768,0,0,0,0
2616,476,"ALT600C04",52.45,32.65,"イヌガシ","EB",NA,0,0,NA,5.1,5.4,5.8,NA,NA,2.57234755644187,0,0,0,0
2617,2617,"ALT600C04",51.1,37.5,"イヌガシ","EB",NA,0,0,NA,4.9,5,5.1,NA,NA,0.80010669227398,1.56618473870006,1.56618473870006,0,0
478,478,"ALT600C04",57.2,29.6,"オオモミジ","DB",0,0,0,36.8,37.4,37.6,38.1,0.182718089251422,0.323457184912019,0.370871554243382,0,0,0,0
479,479,"ALT600C04",56.5,27.9,"イヌガシ","EB",0,0,0,7.8,9,9.5,9.9,1.25479486023683,2.86201687281347,1.9062035960865,0,0,0,0
480,479,"ALT600C04",56.5,27.9,"イヌガシ","EB",0,0,0,5.7,6.5,6.8,7.3,1.30214828059916,2.62672004122174,2.32144342505508,0,0,0,0
481,479,"ALT600C04",56.5,27.9,"イヌガシ","EB",0,0,0,6.3,7.1,7.4,7.8,1.12407421209505,2.39090301299565,1.88057899296553,0,0,0,0
482,482,"ALT600C04",57.75,26.6,"アカガシ","EB",0,0,0,20.3,20.4,20.4,20.6,0.0772115249883886,0.0982802960485788,0.195123498907297,0,0,0,0
483,483,"ALT600C04",59.4,26.15,"イヌガシ","EB",0,1,0,7.6,9.3,NA,10.6,1.7510829148723,4.0373230573385,2.61679201917622,1.16247638743819,1.16247638743819,0,0
485,485,"ALT600C04",51.3,29.7,"イヌガシ","EB",0,0,0,8.4,10.1,11,11.8,1.78877802959132,3.68607435995892,3.11128215248811,0,0,0,0
486,486,"ALT600C04",50.2,29.6,"イヌガシ","EB",0,0,0,5.8,6.3,6.5,6.7,0.759208467602877,1.65383431690227,1.23115785998867,0.710982004824204,0.710982004824204,0,0
488,488,"ALT600C04",52.8,23.85,"ヒイラギ","EB",0,0,0,11.3,11.4,11.4,11.5,0.0923384718468922,0.176212593643098,0.174673599375093,0,0,0,0
491,491,"ALT600C04",53.5,22.4,"イヌガシ","EB",0,0,0,16.3,16.4,16.6,16.7,0.127597955842066,0.122324540348721,0.362547691851134,0,0,0,0
492,492,"ALT600C04",55.4,20.35,"アカガシ","EB",0,0,0,24.6,27.8,29.5,30,1.04447862486231,2.44579155516549,1.52322721931128,0,0,0,0
493,493,"ALT600C04",59.75,22,"イロハモミジ","DB",0,0,0,16.6,16.7,16.9,17.3,0.217388453374924,0.120120481204235,0.705955641620478,0,0,0,0
2618,2618,"ALT600C04",59.65,26.5,"イヌガシ","EB",NA,0,0,NA,4.7,5,5.3,NA,NA,2.40288623684126,4.64990554975276,4.64990554975276,0,0
2619,2619,"ALT600D04",61.75,24.25,"イヌガシ","EB",NA,0,0,NA,4.7,5.2,5.4,NA,NA,2.77672889708432,0,0,0,0
2695,2695,"ALT600C04",52.1,26.95,"イヌガシ","EB",NA,0,0,NA,5.1,5.5,6.3,NA,NA,4.22618187334414,0,0,0,0
494,494,"ALT600C05",53.45,19.45,"イヌガシ","EB",0,0,0,18,18.4,18.7,18.9,0.256790337733852,0.439578134375503,0.536225149013135,2.80658602529946,0.306576071255087,2.14836266474533,0
495,495,"ALT600C05",53.15,18.6,"ヒメシャラ","DB",0,0,0,33.4,35.2,36.1,36.6,0.481538633814031,1.04980365242794,0.780043156065384,2.59649587251897,0.816634675812184,1.77986119670679,0
496,496,"ALT600C05",53.25,18.3,"オオモミジ","DB",0,0,0,18.1,19.8,20.4,20.6,0.680942829072396,1.79539998857419,0.792182761900918,5.61841564864865,0,5.61841564864865,0
497,497,"ALT600C05",54.9,16.25,"アカガシ","EB",0,0,0,5.7,5.8,5.9,5.9,0.18150618984826,0.34783485423738,0.341888667186005,0.938196859709903,0,0,0.938196859709903
498,498,"ALT600C05",54.05,15.85,"イヌガヤ","EC",0,0,0,5.1,5.2,5.1,5.2,0.102200451879483,0.388361717142035,0,1.20778967035879,1.20778967035879,0,0
499,499,"ALT600C05",57.15,14.05,"オオモミジ","DB",0,0,0,5.6,5.6,5.6,5.6,0,0,0,1.86094458652008,1.86094458652008,0,0
500,500,"ALT600C05",56.35,13.7,"シキミ","EB",0,0,0,8.6,8.8,8.8,9.1,0.297432685596539,0.459790364493976,0.670453840772869,1.21755692428374,0.512820512820513,0.704736411463224,0
501,501,"ALT600C05",57.4,12.2,"オオモミジ","DB",0,0,0,8.5,8.5,8.5,8.6,0.061558104016796,0,0.233920795263825,6.51461969574338,6.51461969574338,0,0
502,502,"ALT600C05",57,12.3,"イヌガシ","EB",0,0,0,19.1,21.6,22.8,23.1,1.00075938144823,2.4600995927507,1.34278605675257,4.39727369987165,0.16482675552134,4.23244694435031,0
503,503,"ALT600C05",56.15,11.95,"イタヤカエデ","DB",0,0,0,52,62.6,67.4,70.7,1.61685186484789,3.71043119049251,2.43360589592949,0.355438290619284,0.355438290619284,0,0
504,504,"ALT600C05",52.75,13.1,"オオモミジ","DB",0,0,0,38.5,38.9,39,38.9,0.0544000491087478,0.206720186613241,0,1.64138364538694,1.64138364538694,0,0
505,505,"ALT600C05",52.6,12.55,"アカガシ","EB",0,0,0,30.7,33.6,35,36.4,0.896348000260756,1.80526824752014,1.60085415347073,1.87459104126613,0,1.87459104126613,0
2620,2620,"ALT600C05",53,16.55,"イヌガシ","EB",NA,0,0,NA,5.4,5.8,5.9,NA,NA,1.7710679468289,0,0,0,0
507,507,"ALT600C05",50.35,9.55,"イタヤカエデ","DB",0,0,0,22.9,28.8,31,32.4,1.82642901177942,4.58476953163413,2.35566071312767,0.539291857441195,0.539291857441195,0,0
508,508,"ALT600C05",50.75,8.95,"イヌガシ","EB",0,0,0,12,12.3,12.5,12.6,0.256790337733853,0.493852251807433,0.48195103158121,3.56592983287647,0,3.56592983287647,0
509,509,"ALT600C05",51.15,8,"イヌガシ","EB",0,0,0,18.1,22.4,25.1,27.1,2.12432520849408,4.26298041178428,3.80945538049322,1.31114818282746,1.31114818282746,0,0
510,510,"ALT600C05",50.75,7.6,"イヌガシ","EB",0,0,0,17.4,19.1,19.9,20.1,0.759208467602879,1.86436257664202,1.02062960024892,2.38340718534272,2.38340718534272,0,0
511,511,"ALT600C05",54.05,8.8,"イヌガヤ","EC",0,0,0,9.7,9.3,9.4,8.9,-0.453024256690752,-0.842229707002535,-0.879262468422324,0,0,0,0
512,512,"ALT600C05",54.75,7.55,"イヌガシ","EB",0,0,0,13.1,14.1,14.5,14.4,0.497978823025522,1.47125134354033,0.42106818395665,0,0,0,0
513,514,"ALT600C05",58.8,9.05,"イヌガヤ","EC",0,0,0,13.8,15,15.5,16.2,0.843908684606207,1.66763217878102,1.53922082272256,0,0,0,0
516,516,"ALT600C05",51.1,1.3,"カジカエデ","DB",0,0,0,22.9,25.9,27.2,27.8,1.02052163229683,2.46212116290596,1.41586103982199,0,0,0,0
2176,2176,"ALT600C05",52.75,5,"カジカエデ","DB",0,0,0,6.1,7.6,7.7,7.6,1.15715513743695,4.3971895222604,0,0,0,0,0
392,392,"ALT600D01",64.3,97.7,"イタヤカエデ","DB",0,0,0,62.7,68,70.6,71.5,0.691242116110984,1.62292515074463,1.00379489047711,0,0,0,0
393,393,"ALT600D01",67.25,99.75,"イタヤカエデ","DB",0,0,0,28.6,29.6,30.2,31.1,0.441058428207272,0.687352870084156,0.988669157103475,0,0,0,0
395,395,"ALT600D01",68.8,96.2,"アブラチャン","DB",0,0,0,5.2,6.1,6.6,6.7,1.3339415832081,3.19260291183767,1.8763751043531,0,0,0,0
2697,2697,"ALT600D01",69.35,97.9,"アブラチャン","DB",NA,0,0,NA,5.6,6.2,6.7,NA,NA,3.58681857311634,0,0,0,0
2698,2697,"ALT600D01",69.35,97.9,"アブラチャン","DB",NA,0,0,NA,4.8,5.2,5.8,NA,NA,3.78483999277057,0,0,0,0
389,389,"ALT600D01",62.25,87.15,"アブラチャン","DB",0,0,0,7.2,8.2,8.5,8.7,0.996010524413307,2.60106256496396,1.18377742780661,0,0,0,0
390,390,"ALT600D01",69.2,88.45,"アブラチャン","DB",0,0,0,9,11.3,11.8,12.2,1.60111249685785,4.55156296764151,1.53266452041832,0,0,0,0
2245,2245,"ALT600D01",66.7,84.2,"ケヤキ","DB",NA,0,0,NA,7.7,8.6,9.2,NA,NA,3.55966310390713,0,0,0,0
2292,389,"ALT600D01",62.25,87.15,"アブラチャン","DB",NA,0,0,NA,6.6,7.3,7.7,NA,NA,3.08301359654517,0,0,0,0
2621,390,"ALT600D01",69.2,88.45,"アブラチャン","DB",NA,0,0,NA,6.4,7.8,8.3,NA,NA,5.19915048873852,0,0,0,0
380,379,"ALT600D02",67.2,70.75,"イタヤカエデ","DB",0,0,0,12.4,14.4,15,15.2,1.0715734486381,2.99063467941928,1.08134442540552,0,0,0,0
381,381,"ALT600D02",67.6,69.7,"イタヤカエデ","DB",0,0,0,6.1,6.4,6.4,6.3,0.16979401167485,0.960184383727213,-0.314967139362786,0,0,0,0
383,382,"ALT600D02",66.35,76.75,"イヌガシ","EB",0,1,0,7.5,14.5,NA,18.4,4.72340865301408,13.1849125776853,4.76404030376822,0,0,0,0
2622,2622,"ALT600D02",68.1,68.25,"ヤブニッケイ","EB",NA,0,0,NA,5.1,6.7,7.8,NA,NA,8.49766387930532,0,0,0,0
2835,2835,"ALT600D02",70.6,75.6,"アブラチャン","DB",NA,NA,0,NA,NA,5.3,5.7,NA,NA,NA,0,0,0,0
374,374,"ALT600D02",62.5,66.6,"イヌシデ","DB",0,0,0,53.7,55.6,57,57.6,0.368997716773824,0.695403994834354,0.706787328906177,0,0,0,0
375,375,"ALT600D02",60.5,69.9,"オオモミジ","DB",0,0,0,6.9,7.2,7.2,7.3,0.296594402900692,0.851192288375918,0.275866442646715,0,0,0,0
376,376,"ALT600D02",65.85,66.35,"アカガシ","EB",0,0,0,5.7,7.7,8.9,9.4,2.63286060229186,6.01508308038267,3.9897872083264,0,0,0,0
379,379,"ALT600D02",67.2,70.75,"イタヤカエデ","DB",0,0,0,27.9,30.7,31.9,32.2,0.754419809068647,1.91271931531663,0.954075959144223,0,0,0,0
2623,2623,"ALT600D02",61.55,63.1,"イヌガシ","EB",NA,0,0,NA,5,5.2,5.2,NA,NA,0.784414263065627,0,0,0,0
2624,2624,"ALT600D02",65.55,64,"アカガシ","EB",NA,0,0,NA,4.7,5.1,5,NA,NA,1.23750807436175,2.4584746411089,2.4584746411089,0,0
2696,2696,"ALT600D02",60.95,68.7,"アカガシ","EB",NA,0,0,NA,5.2,5.3,5.4,NA,NA,0.754806559656942,0,0,0,0
2837,2837,"ALT600D02",65.7,64.7,"ヤブニッケイ","EB",NA,NA,0,NA,NA,5.5,6.5,NA,NA,NA,1.5687818951132,1.07450814733781,0,0
366,366,"ALT600D03",69.75,52.55,"イヌガシ","EB",0,0,0,6.2,7.5,7.8,8,1.341538155941,3.80707456982438,1.29077042275142,0,0,0,0
367,366,"ALT600D03",69.75,52.55,"イヌガシ","EB",0,0,0,5.4,6.1,6.3,6.4,0.894205456817881,2.43779635218074,0.960184383727213,0,0,0,0
368,368,"ALT600D03",65.8,51.8,"アカガシ","EB",0,0,0,52.5,54.7,55.4,57.8,0.506187400425019,0.821010796607149,1.10250132500792,0.328059800159139,0.207358552930776,0,0
369,369,"ALT600D03",60.85,53.85,"イヌシデ","DB",0,0,0,42.7,43.1,43.4,43.4,0.0855816887988427,0.186481537502465,0.138728879933139,0.178187403993856,0.178187403993856,0,0
370,370,"ALT600D03",60.9,59.5,"アカガシ","EB",0,0,0,12.4,13.6,14.6,15.1,1.03683300636783,1.8474664026203,2.09249902157745,0,0,0,0
371,371,"ALT600D03",67.1,58.2,"イヌガシ","EB",0,0,0,17.5,20.6,22.1,22.9,1.41545278753013,3.26180389732134,2.11691669529317,0,0,0,0
372,372,"ALT600D03",67.25,59.65,"イタヤカエデ","DB",0,0,0,37.1,39.2,40.3,41.7,0.615179785217717,1.10119554366055,1.23648764016678,0,0,0,0
2177,368,"ALT600D03",65.8,51.8,"アカガシ","EB",0,0,0,5.9,6.4,6.4,6.7,0.669237765711824,1.62691278907905,0.916190720625884,16.473479905879,15.4322064596403,0,0
2242,366,"ALT600D03",69.75,52.55,"イヌガシ","EB",NA,0,0,NA,5.6,6,6.3,NA,NA,2.35566071312767,0,0,0,0
2243,2243,"ALT600D03",64.7,50.7,"ウラジロガシ","EB",NA,0,0,NA,5.2,5.4,5.7,NA,NA,1.83615098506246,0,0,0,0
2364,2364,"ALT600D03",60.45,55.5,"イヌガシ","EB",NA,0,0,NA,5.3,5.7,5.9,NA,NA,2.14491060707196,1.12394552974751,1.12394552974751,0,0
2625,2625,"ALT600D03",64.2,53,"イヌガシ","EB",NA,0,0,NA,5.1,5.3,5.3,NA,NA,0.769325616555923,0,0,0,0
2626,2626,"ALT600C03",59.7,55.05,"イヌガシ","EB",NA,0,0,NA,5.3,5.7,5.8,NA,NA,1.80302193988595,1.16303638200092,1.16303638200092,0,0
2627,2627,"ALT600D03",61.3,54.45,"イヌガシ","EB",NA,0,0,NA,5,5.6,5.8,NA,NA,2.96840010236546,9.97701149425289,0,9.97701149425289,0
350,350,"ALT600D03",69.45,43.15,"アカガシ","EB",0,0,0,12.2,12.7,12.9,13.1,0.374611991936289,0.803320834506693,0.620204734851204,0,0,0,0
351,351,"ALT600D03",66.5,43.9,"イヌツゲ","EB",0,0,0,12.5,12.6,12.5,12.7,0.083543942927843,0.159363392983538,0.158103590142265,5.85480024410846,0,5.85480024410846,0
352,352,"ALT600D03",66.4,44.55,"イヌシデ","DB",0,0,0,46.9,48.3,48.8,48.9,0.219788005413645,0.588277704125864,0.246916716445987,0.532308496957733,0.532308496957733,0,0
354,354,"ALT600D03",64.8,44,"イヌガシ","EB",0,0,0,6.4,9.3,8.6,9,1.79435045773996,7.47432819587168,-0.655796456459819,0.764524077692383,0.764524077692383,0,0
355,355,"ALT600D03",65.95,41.3,"アカガシ","EB",0,0,0,7.2,10.2,11.2,11.4,2.41859120725495,6.96613388536431,2.22451270220449,4.68940078981783,3.89590699495515,0.793493794862685,0
356,356,"ALT600D03",66,40.5,"アカガシ","EB",0,0,0,21,28.5,32.6,35.6,2.77801684281348,6.10763299102364,4.4488310116676,0.399501383241045,0.399501383241045,0,0
359,359,"ALT600D03",63.75,40.95,"ウラジロガシ","EB",0,0,0,10.9,13.4,14.1,15.1,1.71543133992516,4.12983835443535,2.38880073728026,0,0,0,0
360,360,"ALT600D03",61.7,41.75,"アカガシ","EB",0,0,0,8.2,12.5,14.5,15.6,3.38493031571202,8.43188980076096,4.43084539894472,0,0,0,0
361,361,"ALT600D03",61.05,46.1,"アカガシ","EB",0,0,0,10.9,13.7,14.6,14.9,1.64525486166482,4.57266087197962,1.67930760234669,1.35324761986509,0,1.35324761986509,0
362,362,"ALT600D03",61.85,45.85,"オオモミジ","DB",0,0,0,10.7,14.4,15.4,16.9,2.40563094979562,5.93968930228189,3.20170830694145,1.05190470952085,1.05190470952085,0,0
363,363,"ALT600D03",63.45,47.25,"イヌシデ","DB",0,0,0,29.5,30.8,31.6,31.6,0.361930827616275,0.862488532675092,0.512848612266753,0.148982873234525,0.148982873234525,0,0
364,364,"ALT600D03",60.6,49.05,"イヌガシ","EB",0,0,0,5.2,5.4,5.5,5.6,0.390041958703799,0.754806559656942,0.727352883417496,2.98922499626963,2.15888471952807,0,0
2241,2241,"ALT600D03",67.5,49.2,"イヌガシ","EB",NA,0,0,NA,6.1,6.7,7.2,NA,NA,3.31584509685488,0,0,0,0
2365,2365,"ALT600D03",66.15,45.5,"イヌガシ","EB",NA,0,0,NA,5.6,6.2,6.6,NA,NA,3.28606102582553,7.54225596046942,0,7.54225596046942,0
2628,2628,"ALT600D03",69.65,45.85,"イヌガシ","EB",NA,0,0,NA,5.2,5.6,6.1,NA,NA,3.19260291183767,1.06645612900267,1.06645612900267,0,0
2839,2839,"ALT600D03",60.35,49.4,"イヌガシ","EB",NA,NA,0,NA,NA,5,5.2,NA,NA,NA,3.3980079017424,3.3980079017424,0,0
339,339,"ALT600D04",60.6,32.3,"イヌシデ","DB",0,0,0,52.3,52.6,52.6,52.8,0.0500779981123078,0.114394973455743,0.0759014193710307,0.627720205271839,0.627720205271839,0,0
341,341,"ALT600D04",61.35,36.1,"アカガシ","EB",0,0,0,5,5.3,5.3,5.3,0.306678463810399,1.16537816247952,0,0,0,0,0
342,342,"ALT600D04",62.5,36.85,"アカガシ","EB",0,0,0,11.6,17.9,21.6,23.8,3.78252885560584,8.67591229468781,5.69769735661439,0,0,0,0
344,344,"ALT600D04",63.95,37.65,"ヒサカキ","EB",0,0,0,16.2,17.6,18,18.6,0.727107044635881,1.65775319611536,1.10525357350099,0,0,0,0
345,345,"ALT600D04",62.55,38.4,"アカガシ","EB",0,0,0,6.5,9.3,9.4,9.4,1.94161848618088,7.16424446515238,0.213905782334959,0,0,0,0
349,349,"ALT600D04",67.75,36.25,"ヤブニッケイ","EB",0,0,0,8.1,8.6,8.9,9.4,0.783398039987185,1.19796283162138,1.77894972032993,0,0,0,0
2247,2247,"ALT600D04",60.5,32.8,"イヌガシ","EB",NA,0,0,NA,5.9,6.4,6.8,NA,NA,2.83940522540774,18.140742500282,0,15.2278410813178,0
2366,2366,"ALT600D04",66.75,37.3,"イヌガシ","EB",NA,0,0,NA,5.9,6.5,7.1,NA,NA,3.70284866271192,0,0,0,0
2367,2367,"ALT600D04",66.15,31.95,"イヌガシ","EB",NA,0,0,NA,5.7,6.3,6.8,NA,NA,3.52912874683113,0,0,0,0
328,328,"ALT600D04",67.95,21.6,"ヒメシャラ","DB",0,0,0,33.6,34.8,35.5,36,0.363120376247113,0.7018263962254,0.678031033513628,0,0,0,0
329,329,"ALT600D04",67.1,22.8,"イヌツゲ","EB",0,0,0,9.9,10.1,10.2,10.2,0.157120858682532,0.400013334133389,0.197045928860233,0,0,0,0
330,330,"ALT600D04",62.9,21.8,"イヌガシ","EB",0,0,0,8.8,10.5,11.1,11.6,1.4539651401482,3.53247071358634,1.99259681897683,0,0,0,0
332,332,"ALT600D04",60.1,20,"イヌガシ","EB",0,0,0,6.3,6.9,7.2,7.4,0.847001930592827,1.81943556411454,1.39917177213821,0,0,0,0
333,333,"ALT600D04",60.45,29.7,"イヌガシ","EB",0,0,0,20.7,22.9,23.7,24.1,0.80041126434361,2.02006420577741,1.02149859872831,0,0,0,0
334,333,"ALT600D04",60.45,29.7,"イヌガシ","EB",0,0,0,6.5,6.9,7.1,7.1,0.464697932345675,1.19438469403245,0.571467448881119,0,0,0,0
335,335,"ALT600D04",64.6,26.3,"アカガシ","EB",0,0,0,73.1,79,81.4,82.6,0.643059546164208,1.55238971422577,0.891236561198218,0,0,0,0
336,336,"ALT600D04",66.45,28.9,"ヒサカキ","EB",0,0,0,5.3,7,8,8.5,2.48610180493787,5.56406656994475,3.88312028881915,0,0,0,0
337,337,"ALT600D04",68.6,28.45,"ヤブニッケイ","EB",0,0,0,7.1,7.4,7.8,8,0.628140829645085,0.82770432325709,1.55923082939423,0,0,0,0
338,338,"ALT600D04",69.5,29.75,"イヌシデ","DB",0,0,0,28,28.9,29.4,29.5,0.274661858792475,0.632741698863649,0.410973364547755,0,0,0,0
2629,2629,"ALT600D04",65.25,22.65,"ウラジロガシ","EB",NA,0,0,NA,5.1,5.1,5.4,NA,NA,1.14316827679898,0.729116649887869,0.729116649887869,0,0
311,311,"ALT600D05",69.15,11.25,"ヒメシャラ","DB",0,0,0,22.3,23.3,23.4,23.4,0.253417599460961,0.877333642111634,0.0856532358400146,0,0,0,0
312,312,"ALT600D05",67.25,12.85,"ヒメシャラ","DB",0,0,0,23.8,24.3,24.3,24.4,0.131039745377511,0.415815393381474,0.0821356390530656,0,0,0,0
313,313,"ALT600D05",64.2,10.45,"ブナ","DB",0,0,0,38.6,42.2,44.2,44.6,0.760429381869648,1.78335889142362,1.10627275968104,0,0,0,0
314,314,"ALT600D05",61.95,11.45,"イヌガシ","EB",0,0,0,12.3,12.7,12.8,12.8,0.209715308143156,0.640054621723475,0.156863549220522,0,0,0,0
315,315,"ALT600D05",62.55,14.1,"オオモミジ","DB",0,0,0,6.3,6.4,6.4,6.5,0.164487071074234,0.314967139362787,0.310083730719305,5.31129008708737,0,5.31129008708737,0
316,316,"ALT600D05",63.35,13.95,"ヒメシャラ","DB",0,0,0,27.2,27.8,28,28.1,0.171329489672361,0.436380947892798,0.214671112862173,0.731950287271297,0,0.731950287271297,0
317,317,"ALT600D05",63.65,13.6,"オオモミジ","DB",0,0,0,5.3,5.4,5.5,5.8,0.474479457864724,0.373842660243051,1.4291792796429,10.5099066632832,0,10.5099066632832,0
318,319,"ALT600D05",63.55,14.95,"イヌガシ","EB",0,0,0,26.5,30,31.9,32.3,1.04169735387597,2.48105297339958,1.47739697132911,0,0,0,0
319,319,"ALT600D05",63.55,14.95,"イヌガシ","EB",0,0,0,16.8,18.4,19.3,19.5,0.784397785055199,1.81943556411453,1.16127601909523,0,0,0,0
320,320,"ALT600D05",64.8,15.75,"イヌガシ","EB",0,0,0,16.1,17.2,17.6,17.6,0.46884015817731,1.3218022365798,0.459790364493976,0,0,0,0
322,322,"ALT600D05",61.1,18.8,"ヒメシャラ","DB",0,0,0,35.6,37.4,38.3,38.8,0.453024256690751,0.98650133125003,0.734990844174829,0,0,0,0
323,323,"ALT600D05",67.9,19.6,"シキミ","EB",0,0,0,10.1,11,11.7,12.2,0.994213304694721,1.70719697902314,2.07081357881681,0,0,0,0
327,327,"ALT600D05",67.8,14.15,"ヒメシャラ","DB",0,0,0,19.7,20.7,21.2,21.6,0.48460357340093,0.99030129054761,0.851192288375922,0,0,0,0
2630,2630,"ALT600D05",68.7,13.15,"イタヤカエデ","DB",NA,0,0,NA,4.8,5.2,5.6,NA,NA,3.08301359654517,0,0,0,0
307,307,"ALT600D05",64.6,5.25,"ケヤキ","DB",0,0,0,19.4,24.7,26.7,28.1,1.9499816330022,4.83060355129298,2.57932665411537,0,0,0,0
201,201,"ALT600D01",78.65,97.15,"イタヤカエデ","DB",0,0,0,16.3,19.8,21.2,22,1.57830181866105,3.89033659775546,2.10721031315653,0,0,0,0
202,202,"ALT600D01",78.1,94.85,"オオモミジ","DB",0,0,0,9.2,9.4,9.6,10,0.438850573363427,0.430124104419274,1.23750807436175,0,0,0,0
203,203,"ALT600D01",76.25,95.7,"オオモミジ","DB",0,0,0,10.7,12.9,14.4,15.4,1.91644088395644,3.73967139799532,3.54280396103914,0,0,0,0
205,205,"ALT600D01",75.6,99.25,"オオモミジ","DB",0,0,0,13.1,13.3,13.8,14.4,0.497978823025522,0.303036100412045,1.58928342708494,0,0,0,0
206,206,"ALT600D01",73.75,94.2,"イヌガシ","EB",0,0,0,15.4,18,19.4,20,1.37560402176004,3.12008496953162,2.10721031315653,0,0,0,0
207,207,"ALT600D01",75,90,"オオモミジ","DB",0,0,0,16.6,17.3,17.3,17.5,0.277885187194583,0.826076122824712,0.2298875885147,0,0,0,0
208,208,"ALT600D01",76.3,91.25,"アカガシ","EB",0,0,0,13.1,16.7,18,19.2,2.01209499382437,4.85592978431207,2.79003119222053,0,0,0,0
2631,2631,"ALT600D01",71.55,94.05,"アブラチャン","DB",NA,0,0,NA,5,5,5.2,NA,NA,0.784414263065627,0,0,0,0
2632,2631,"ALT600D01",71.55,94.05,"アブラチャン","DB",NA,0,0,NA,4.8,4.9,5,NA,NA,0.816439890405104,0,0,0,0
211,211,"ALT600D01",79.1,86.9,"アブラチャン","DB",0,0,0,5.3,5.8,5.9,6,0.652908677210415,1.80302193988595,0.678031033513628,0,0,0,0
216,216,"ALT600D01",79.35,81.4,"イヌガシ","EB",0,0,0,33.9,37.3,38.7,39.1,0.751091855815346,1.9115662452673,0.942582806831005,0,0,0,0
223,223,"ALT600D02",71.65,71.8,"シキミ","EB",0,0,0,15.2,15.5,15.7,15.9,0.236966744073448,0.390891921459407,0.509581706019699,0,0,0,0
224,223,"ALT600D02",71.65,71.8,"シキミ","EB",0,0,0,8.4,8.9,9.3,9.5,0.647684698722248,1.15639141777652,1.30481043736802,0,0,0,0
225,225,"ALT600D02",73.8,75.35,"アカガシ","EB",0,0,0,5.7,7.1,7.9,7.9,1.71787676122353,4.3925721841353,2.13535950851412,0,0,0,0
231,227,"ALT600D02",75.45,75.25,"アブラチャン","DB",0,0,0,6.9,8.4,8.8,9.2,1.51411617079885,3.93420588492109,1.81943556411453,0,0,0,0
233,227,"ALT600D02",75.45,75.25,"アブラチャン","DB",0,0,0,5.2,6,6.2,6.4,1.09283876199076,2.86201687281346,1.29077042275142,0,0,0,0
237,237,"ALT600D02",78.35,70.4,"アカガシ","EB",0,0,0,9.6,10.6,11.7,12.6,1.43123008149285,1.98181805288462,3.45685625678822,0,0,0,0
2202,234,"ALT600D02",76.75,73,"アブラチャン","DB",0,0,0,4.9,4.9,5,5.1,0.210554392703679,0,0.80010669227398,0,0,0,0
238,238,"ALT600D02",78.8,69.1,"アカガシ","EB",0,0,0,27.5,32.9,35.1,36.1,1.43214137192795,3.58573306197601,1.85640415135018,0,0,0,0
239,239,"ALT600D02",76.8,68.05,"シキミ","EB",0,0,0,12,12.2,12.4,12.3,0.129961118896693,0.33058603902421,0.163266212783221,0,0,0,0
240,240,"ALT600D02",76.65,65.7,"ミズキ","DB",0,0,0,28,29.9,30.6,30.9,0.518693019623662,1.31307940442874,0.65795407014118,0,0,0,0
241,241,"ALT600D02",71.1,62.55,"アカガシ","EB",0,0,0,6,6.8,6.7,6.7,0.580779248257186,2.50326285908012,-0.296301715702812,1.61194029850752,1.61194029850752,0,0
242,242,"ALT600D02",73.7,60.8,"アカガシ","EB",0,0,0,20.8,25.5,27.9,29.8,1.89239687791624,4.07450930914216,3.11659882693957,0,0,0,0
243,243,"ALT600D02",79.65,62.5,"ヒメシャラ","DB",0,0,0,34,34.8,35.3,35.8,0.271512467318384,0.465137243285344,0.56661013252452,0,0,0,0
2633,2633,"ALT600D02",78.35,66.25,"ヤブニッケイ","EB",NA,0,0,NA,6.1,6.5,6.5,NA,NA,1.27026811444652,0,0,0,0
245,245,"ALT600D03",74,55.95,"アカガシ","EB",0,0,0,6.4,7.4,7.4,7.4,0.764115841286831,2.90364019688996,0,0,0,0,0
247,247,"ALT600D03",72.25,57,"アカガシ","EB",0,0,0,15.3,18.6,20.1,20.6,1.56546445998498,3.90617504641532,2.0425899015276,0,0,0,0
249,249,"ALT600D03",74.35,54.6,"ウラジロガシ","EB",0,0,0,11.7,15.9,18.1,19.9,2.79542573645651,6.13460534844951,4.48801245008522,0,0,0,0
251,251,"ALT600D03",70.85,51.25,"アカガシ","EB",0,0,0,7.3,7.7,7.8,7.8,0.348680976532635,1.06691961410585,0.258068096718156,0,0,0,0
252,252,"ALT600D03",74.6,50.4,"アカガシ","EB",0,0,0,12,12.7,12.9,13,0.421277408808086,1.13390687353091,0.466947279939822,1.3738968777227,0,1.3738968777227,0
2634,2634,"ALT600D03",77.85,54.95,"イヌガシ","EB",NA,0,0,NA,5.7,6.2,6.3,NA,NA,2.00166917113965,0.880681520548611,0.880681520548611,0,0
253,253,"ALT600D03",78.15,46.7,"イヌガシ","EB",0,0,0,26,26.7,27,27,0.19863330517288,0.531340547694434,0.223466011962505,0,0,0,0
254,254,"ALT600D03",73.6,47.9,"アカガシ","EB",0,0,0,11.7,12.6,12.7,12.8,0.472928048009795,1.48215944307444,0.314967139362787,0,0,0,0
255,255,"ALT600D03",74.05,49.7,"ブナ","DB",0,0,0,14.7,15.2,15.7,15.9,0.41300850232366,0.668958681350802,0.900473627479102,0.918431123512269,0.918431123512269,0,0
256,256,"ALT600D03",71.9,46.8,"アカガシ","EB",0,0,0,15.1,16.7,17,17.5,0.776348090045209,2.01427951203661,0.935843230135182,0,0,0,0
257,257,"ALT600D03",71.05,44.65,"アカガシ","EB",0,0,0,16.1,18.1,18.9,19.2,0.926794773912202,2.34185332562726,1.17996681523912,0,0,0,0
258,258,"ALT600D03",74.35,44.25,"イヌガシ","EB",0,0,0,7.2,8,8.3,8.5,0.873605986706638,2.10721031315653,1.2124924363287,5.59018792762085,4.41588149205936,0,0
259,259,"ALT600D03",74.8,43.4,"アカガシ","EB",0,0,0,27,32.4,35,36.1,1.52871578597108,3.64643113587909,2.16268885081103,0.521315342541365,0.521315342541365,0,0
260,260,"ALT600D03",73.85,41.95,"イヌガシ","EB",0,0,0,5.3,5.8,6,6.1,0.739905003269418,1.80302193988595,1.00861707253784,0,0,0,0
261,261,"ALT600D03",71.95,40.5,"イヌガシ","EB",0,0,0,8.4,10.1,10.4,10.6,1.22432786983554,3.68607435995892,0.966371545416155,0,0,0,0
2840,2840,"ALT600D03",78.7,40.65,"イヌガシ","EB",NA,NA,0,NA,NA,5.3,5.3,NA,NA,NA,1.03975048982008,1.03975048982008,0,0
263,263,"ALT600D04",78.85,39.7,"イヌガシ","EB",0,0,0,5.3,5.3,5.4,5.3,0,0,0,1.03975048982008,1.03975048982008,0,0
264,264,"ALT600D04",79.3,37.05,"イヌガシ","EB",0,0,0,6.8,8.1,8.8,9.3,1.64785151566921,3.49882898992664,2.76300676961635,0,0,0,0
265,265,"ALT600D04",76.75,38.65,"アカガシ","EB",0,0,0,60.3,64.5,66.3,67.1,0.56237863286577,1.34666240137174,0.790376403518182,0,0,0,0
266,266,"ALT600D04",76.1,35.7,"イヌガシ","EB",0,0,0,6,7,7.4,7.6,1.24415146349595,3.08301359654517,1.64476196473944,0,0,0,0
267,268,"ALT600D04",74.05,39.85,"イヌガシ","EB",0,0,0,7,7.7,7.9,8,0.702796803286961,1.9062035960865,0.764424256403954,0,0,0,0
268,268,"ALT600D04",74.05,39.85,"イヌガシ","EB",0,0,0,7.5,8.7,9.2,9.2,1.07526559743542,2.96840010236546,1.11760916788913,0,0,0,0
269,269,"ALT600D04",71.1,34.8,"イタヤカエデ","DB",0,0,0,15,16.9,18.2,19.2,1.29926356806066,2.38526841653635,2.55193314209416,2.28336564758164,2.28336564758164,0,0
270,270,"ALT600D04",70.95,34.65,"イヌガシ","EB",0,0,0,6.2,8.2,8.9,9.3,2.13402688477981,5.59169724438323,2.51760491778006,9.73222236471839,0,9.73222236471839,0
271,271,"ALT600D04",73.15,34.3,"アカガシ","EB",0,0,0,6.8,7.1,7.2,7.6,0.585398079527497,0.863443437304176,1.36106926490031,0,0,0,0
273,273,"ALT600D04",79.55,33.4,"ヤブニッケイ","EB",0,0,0,8.8,8.9,8.9,9,0.118278188695045,0.225991105078665,0.223466011962505,2.03684814760271,1.20247661725943,0,0
2636,2636,"ALT600D04",72.15,32.95,"ヤブニッケイ","EB",NA,0,0,NA,4.8,5.8,6.6,NA,NA,6.36907462237069,0.428549564355483,0.428549564355483,0,0
275,275,"ALT600D04",79.15,28.75,"アカガシ","EB",0,0,0,6,6.7,6.8,6.9,0.735589170395573,2.20696114337731,0.588277704125868,0,0,0,0
276,276,"ALT600D04",76.4,27.65,"ウラジロガシ","EB",0,0,0,18.5,19.3,19.4,19.9,0.383942103400881,0.846687276531215,0.612292716392135,0,0,0,0
277,277,"ALT600D04",75.5,24.5,"イヌガシ","EB",0,0,0,13.2,14.9,15.8,16.2,1.07786532971586,2.42288766718177,1.6730005857385,0,0,0,0
278,278,"ALT600D04",72.45,23.95,"アカガシ","EB",0,0,0,20.7,23,24.3,25.2,1.03531733813713,2.10721031315653,1.82699557176456,0,0,0,0
279,279,"ALT600D04",71.05,23.65,"ヒメシャラ","DB",0,0,0,27.3,27.7,27.8,28,0.133251620969946,0.290914220047574,0.215441939638221,0,0,0,0
281,281,"ALT600D04",70.4,22.5,"イヌシデ","DB",0,0,0,36.4,38.3,39.2,39.5,0.430167880338849,1.01762243087811,0.617015514409521,0,0,0,0
282,282,"ALT600D04",73.1,21.85,"アカガシ","EB",0,0,0,10.5,11.2,11.5,11.7,0.569545182317015,1.29077042275142,0.873501270053233,0,0,0,0
284,284,"ALT600D04",77.95,23.4,"ヒメシャラ","DB",0,0,0,19.9,20.2,20.3,20.3,0.104742917459447,0.299257453534246,0.0987656328116515,0,0,0,0
286,286,"ALT600D04",78,20.5,"ウラジロガシ","EB",0,0,0,9.3,10.1,10.5,11.1,0.931214253468832,1.65042047376007,1.8881936894215,0,0,0,0
2249,2249,"ALT600D04",71.4,28.45,"アカガシ","EB",NA,0,0,NA,5.2,5.4,5.6,NA,NA,1.48215944307444,0,0,0,0
2637,277,"ALT600D04",75.5,24.5,"イヌガシ","EB",NA,0,0,NA,4.9,5.1,5.3,NA,NA,1.5694323088299,0,0,0,0
287,287,"ALT600D05",79.55,18.9,"イヌシデ","DB",0,0,0,33.3,37.7,40.2,41.9,1.20909699969313,2.48205394935134,2.11251464948254,0,0,0,0
289,289,"ALT600D05",77.4,16.9,"イヌガシ","EB",0,0,0,7.4,7.8,8.1,8.3,0.604081655749622,1.05287466970844,1.24263562214013,0,0,0,0
290,290,"ALT600D05",76.75,18.8,"イタヤカエデ","DB",0,0,0,11.2,11.8,11.9,12,0.363120376247113,1.0437150634114,0.336142366327624,0,0,0,0
291,291,"ALT600D05",74.35,18.6,"アカガシ","EB",0,0,0,6.6,7.8,8.4,8.6,1.39311870645833,3.34108169326332,1.95276939127832,0,0,0,0
292,292,"ALT600D05",73.55,17.7,"イタヤカエデ","DB",0,0,0,11,12,12.4,12.8,0.797631042774743,1.74022753979259,1.29077042275142,0.96230278790115,0,0.96230278790115,0
293,293,"ALT600D05",72.6,17.95,"オオモミジ","DB",0,0,0,10.6,11.3,11.6,12.1,0.696586586761442,1.27897449200547,1.36805453768801,1.07686420852213,0,1.07686420852213,0
294,294,"ALT600D05",72.35,14,"イヌシデ","DB",0,0,0,27.4,32.6,35,36.5,1.50931182733906,3.47538549957275,2.25999944431568,0,0,0,0
297,297,"ALT600D05",79.2,14.65,"イヌガシ","EB",0,0,0,12.1,12.4,12.5,12.6,0.213112428182826,0.489820400165918,0.320006826928822,0,0,0,0
298,298,"ALT600D05",77.35,6.6,"イヌガシ","EB",0,0,0,42.3,46.3,48.2,48.4,0.709014356159757,1.80709750079912,0.887157052607951,0,0,0,0
302,303,"ALT600D05",72.4,7.5,"アブラチャン","DB",0,0,0,6.4,7,7.1,7.1,0.546298914113912,1.79224317379374,0.283692699839128,0,0,0,0
306,305,"ALT600D05",78.5,1.55,"カマツカ","DB",0,0,0,5.9,6.9,7.5,7.8,1.46932306728354,3.1313812138308,2.45204644184665,0,0,0,0
2638,2638,"ALT600D05",73.15,3.45,"タンナサワフタギ","DB",NA,0,0,NA,5,5.3,5.7,NA,NA,2.62056524812808,0,0,0,0
2639,2639,"ALT600D05",70.85,0.85,"カマツカ","DB",NA,0,0,NA,5.4,6,6.5,NA,NA,3.70806446662725,0,0,0,0
2699,2699,"ALT600D05",73.65,11.5,"イヌガヤ","EC",NA,0,0,NA,5.3,6.1,6.5,NA,NA,4.0819071268703,0,0,0,0
196,196,"ALT600E01",88.85,92.35,"イタヤカエデ","DB",0,0,0,24.3,25.7,26.1,26.5,0.456149382345651,1.12029283109343,0.61307482182005,0,0,0,0
197,197,"ALT600E01",87.35,93.4,"イタヤカエデ","DB",0,0,0,10.4,12,12.9,13.4,1.3339415832081,2.86201687281346,2.20696114337731,0.436781409102009,0,0.436781409102009,0
198,198,"ALT600E01",85.15,93.45,"イタヤカエデ","DB",0,0,0,15.2,18.5,20.3,21.5,1.8250395120073,3.92950608464097,3.00564406098676,0,0,0,0
200,200,"ALT600E01",85.15,97.35,"イタヤカエデ","DB",0,0,0,4.8,6,7.1,8.5,3.00763287148645,4.4628710262842,6.96613388536432,0,0,0,0
2350,2350,"ALT600E01",87.45,94.3,"イタヤカエデ","DB",NA,0,0,NA,5.2,5.3,5.3,NA,NA,0.380963899413888,2.79204235736407,0,2.79204235736407,0
2640,2640,"ALT600E01",88.4,93.25,"イタヤカエデ","DB",NA,0,0,NA,5.5,6.3,6.6,NA,NA,3.64643113587909,0,0,0,0
193,193,"ALT600E01",80.95,80.6,"オオモミジ","DB",0,0,0,11.2,13.3,14.1,14.6,1.39530394954338,3.43700513853319,1.86514986973165,0,0,0,0
194,194,"ALT600E01",84.7,86.25,"イヌガシ","EB",0,0,0,13.5,14.3,14.9,15.3,0.658753383968453,1.15139703642956,1.35186582265057,0,0,0,0
182,182,"ALT600E02",89.3,71.4,"シキミ","EB",0,0,0,9,10.4,11.3,11.8,1.42565765334421,2.89162457622215,2.52587450648584,0,0,0,0
183,183,"ALT600E02",86.95,73.2,"アカガシ","EB",0,0,0,9.5,12.1,12.4,12.6,1.48634218605756,4.838273079924,0.80982722709474,1.01770801665221,1.01770801665221,0,0
184,184,"ALT600E02",85.95,73.85,"アカガシ","EB",0,0,0,7.3,9.2,9.4,9.7,1.49606072292101,4.62658271801298,1.05844802908685,2.36552451661522,2.36552451661522,0,0
185,185,"ALT600E02",84.9,71.95,"ケヤキ","DB",0,0,0,50.4,52.6,53.3,55.1,0.469255479376558,0.854498893326826,0.928671928304093,0.298364768249284,0.298364768249284,0,0
186,186,"ALT600E02",85,71.35,"アカガシ","EB",0,0,0,6.3,7.6,7.7,7.8,1.12407421209505,3.75197227789597,0.519509728065215,12.0770025289703,0,11.6133130775963,0
2842,2842,"ALT600E02",86.05,73.35,"ヤブニッケイ","EB",NA,NA,0,NA,NA,6.3,8.1,NA,NA,NA,4.54053774535585,4.05342963482146,0,0
165,167,"ALT600E02",88.15,64.1,"アカガシ","EB",0,0,0,11.8,12.1,12.2,12.4,0.261036532312484,0.502118422621525,0.489820400165918,0,0,0,0
167,167,"ALT600E02",88.15,64.1,"アカガシ","EB",0,0,0,23.2,23.3,23.4,23.4,0.0451775983757444,0.086021637987814,0.0856532358400146,0,0,0,0
168,168,"ALT600E02",82.5,60.9,"アカガシ","EB",0,0,0,5.5,5.5,5.5,5.5,0,0,0,8.64259424461954,7.22436062733191,0,0
169,169,"ALT600E02",81.65,61.5,"イヌガシ","EB",0,0,0,8.1,9.4,9.8,9.9,1.05616155506395,2.9769125519513,1.03650135729172,1.86339183990294,1.34330903677851,0,0
170,170,"ALT600E02",82.8,65.75,"イヌガシ","EB",0,0,0,30.9,34.9,37.3,39,1.22529190645235,2.43461290609363,2.2214963384253,0.627218934911235,0.370808678500982,0,0
171,170,"ALT600E02",82.8,65.75,"イヌガシ","EB",0,0,0,7.1,8.4,9,9.4,1.4769205538352,3.36273843603997,2.24955966853381,7.44680851063821,6.38297872340418,0,0
172,172,"ALT600E02",83.4,65.5,"イヌガシ","EB",0,0,0,5.3,6.2,6.5,6.5,1.0741860860185,3.13684942985939,0.94505769701091,11.455621301775,11.455621301775,0,0
173,173,"ALT600E02",84.4,66.4,"シキミ","EB",0,0,0,7.9,8.4,8.9,9.7,1.08033224229664,1.22737892752584,2.87788359320138,0,0,0,0
174,174,"ALT600E02",82.75,66.95,"オオモミジ","DB",0,0,0,9.2,9.4,9.5,10,0.438850573363427,0.430124104419274,1.23750807436175,0,0,0,0
175,175,"ALT600E02",84.75,69.1,"アカガシ","EB",0,0,0,11.1,12.5,12.8,13,0.831601311280254,2.37567071979934,0.784414263065627,0,0,0,0
176,176,"ALT600E02",85.85,68.65,"イロハモミジ","DB",0,0,0,6.9,6.9,7,7.2,0.223997970625242,0,0.851192288375918,2.4293696293783,2.4293696293783,0,0
177,177,"ALT600E02",86.05,68.4,"イヌガシ","EB",0,0,0,5.4,5.6,5.6,5.6,0.19140865353092,0.727352883417496,0,4.01589673427842,0,4.01589673427842,0
178,178,"ALT600E02",88.05,66.2,"アカガシ","EB",0,0,0,6.3,6.5,6.5,6.5,0.164487071074234,0.625050870082091,0,1.44050642702932,1.44050642702932,0,0
179,179,"ALT600E02",89.5,67.9,"シラキ","DB",0,0,0,7.5,7.6,7.6,7.6,0.06971171973695,0.26490453500041,0,12.0428332075214,0,12.0428332075214,0
180,180,"ALT600E02",89,68.65,"イヌシデ","DB",0,0,0,79.4,81.6,83.5,82.5,0.201578553092343,0.546617874339421,0.219380627411479,0.102199308880285,0,0.102199308880285,0
2179,168,"ALT600E02",82.5,60.9,"アカガシ","EB",0,0,0,4.9,5,5,5.1,0.210554392703679,0.404054146350389,0.396052545923595,9.48579262512138,7.95632499863472,0,0
2841,2841,"ALT600E02",82.95,60.75,"アカガシ","EB",NA,NA,0,NA,NA,5,5.3,NA,NA,NA,7.78061055102723,7.78061055102723,0,0
152,152,"ALT600E03",87.15,51,"イヌガシ","EB",0,0,0,7.5,10.2,11.3,12.2,2.56069963787866,6.14969399495921,3.58096462897971,0,0,0,0
153,153,"ALT600E03",86.35,52.5,"ウラジロガシ","EB",0,0,0,10.2,12.7,13.8,14.4,1.81494992785121,4.3842854634864,2.51252426234819,0,0,0,0
154,154,"ALT600E03",83.3,50.6,"イヌガシ","EB",0,0,0,7.5,9.5,9.9,10.3,1.6696888141754,4.72777556128461,1.6170419325819,0,0,0,0
156,156,"ALT600E03",80.55,54.95,"ヒメシャラ","DB",0,0,0,61.3,62.7,63.4,65.1,0.316551085643989,0.451632093934186,0.751262031512966,0,0,0,0
157,157,"ALT600E03",80.55,56.4,"アカガシ","EB",0,0,0,6.6,8.4,8.8,9.8,2.08059335075867,4.82324113633777,3.08301359654517,0,0,0,0
159,158,"ALT600E03",80.45,57.5,"イヌガシ","EB",0,0,0,6.6,7.9,8.2,8.7,1.4539651401482,3.59586220881192,1.92920532375124,7.01149425287353,7.01149425287353,0,0
161,161,"ALT600E03",84.15,55.25,"イヌガシ","EB",0,0,0,5.3,7.4,8,8.5,2.48610180493787,6.67546359304096,2.77172326572293,0,0,0,0
162,162,"ALT600E03",87.85,57.85,"オオモミジ","DB",0,0,0,7.9,8.1,8.4,8.9,0.627307985605886,0.500026044108344,1.88374430119402,0.931954131675087,0.931954131675087,0,0
164,164,"ALT600E03",89.5,55.15,"アカガシ","EB",0,0,0,69.9,72.9,73.1,73.8,0.285753065087695,0.840459795496957,0.245401851836284,0,0,0,0
2298,158,"ALT600E03",80.45,57.8,"イヌガシ","EB",NA,0,0,NA,6.3,6.9,7.5,NA,NA,3.48706774289555,13.4666666666672,13.4666666666672,0,0
2369,2369,"ALT600E03",80.45,57.7,"イヌガシ","EB",NA,0,0,NA,6.3,6.8,7.2,NA,NA,2.67062785249046,16.4583333333338,16.4583333333338,0,0
2643,2643,"ALT600E03",83.1,59.85,"イヌガシ","EB",NA,0,0,NA,5.8,6.4,7,NA,NA,3.76104463005879,1.51985792033107,1.51985792033107,0,0
2644,2644,"ALT600E03",84.2,56.7,"イヌガシ","EB",NA,0,0,NA,5.7,6.1,6.2,NA,NA,1.68166234421083,0,0,0,0
2646,2646,"ALT600E03",88.15,57.1,"ヤブニッケイ","EB",NA,0,0,NA,5.3,6.3,6.7,NA,NA,4.68801411677689,1.64446617888135,0,1.64446617888135,0
2845,154,"ALT600E03",83.3,50.6,"イヌガシ","EB",NA,NA,0,NA,NA,5.1,5.6,NA,NA,NA,0,0,0,0
2846,2846,"ALT600E03",88.35,51.2,"イヌガシ","EB",NA,NA,0,NA,NA,5.1,5.5,NA,NA,NA,0,0,0,0
145,145,"ALT600E03",89.8,40,"アカガシ","EB",0,0,0,20.3,22.5,24.3,26.1,1.32270751726793,2.05788846325265,2.96840010236547,0.753514295212373,0.753514295212373,0,0
148,148,"ALT600E03",83.7,43.95,"イヌガシ","EB",0,0,0,5.5,6,6.3,6.4,0.797631042774743,1.74022753979259,1.29077042275142,0,0,0,0
149,149,"ALT600E03",80.7,48.55,"イヌガシ","EB",0,0,0,6.8,7.8,8,8.2,0.985323905727086,2.7440224302697,1.00020841149323,0,0,0,0
150,150,"ALT600E03",84.6,48.3,"アカガシ","EB",0,0,0,41.5,43.5,44.2,44.3,0.343638156918091,0.941350217159715,0.364474779129029,0,0,0,0
151,150,"ALT600E03",84.6,48.3,"アカガシ","EB",0,0,0,5.7,6,6.1,6.2,0.442542722160744,1.02586588775101,0.655796456459819,0,0,0,0
2295,149,"ALT600E03",80.7,48.55,"イヌガシ","EB",NA,0,0,NA,6.2,6.6,6.7,NA,NA,1.55116468691749,0,0,0,0
2296,2296,"ALT600E03",88.1,40.65,"イヌガシ","EB",NA,0,0,NA,5.2,5.5,6.1,NA,NA,3.19260291183767,0,0,0,0
2300,2300,"ALT600E03",82.05,43.4,"イヌガシ","EB",NA,0,0,NA,5.3,5.5,5.6,NA,NA,1.10119554366055,0,0,0,0
2647,2647,"ALT600E03",90.15,41.3,"イヌガシ","EB",NA,0,0,NA,4.7,5,5.3,NA,NA,2.40288623684126,3.24599000590644,3.24599000590644,0,0
126,126,"ALT600E04",88.8,32.4,"ヒメシャラ","DB",0,0,0,28.7,29.3,29.5,29.5,0.144700739895783,0.413807865148925,0.136054946455048,0.633169077553703,0.633169077553703,0,0
127,127,"ALT600E04",88.45,31.9,"イヌガシ","EB",0,0,0,5.4,5.6,5.9,6.2,0.72710704463588,0.727352883417496,2.03565388619885,9.17011214258415,0,7.79591666300381,0
128,128,"ALT600E04",85.35,33.9,"イヌガシ","EB",0,0,0,10,11,11.3,11.5,0.735589170395572,1.9062035960865,0.889035251416676,0,0,0,0
130,130,"ALT600E04",81.45,36.1,"イヌガシ","EB",0,0,0,10.7,12.5,13.4,14.1,1.45226871534875,3.1096980568079,2.40892306151734,0,0,0,0
132,132,"ALT600E04",85.3,36.8,"ウラジロガシ","EB",0,0,0,39.2,41.5,43.4,45.1,0.737923682695873,1.14033360880471,1.6637763854396,0.0885190756969306,0.0885190756969306,0,0
134,134,"ALT600E04",82.15,37.4,"イヌガシ","EB",0,0,0,5.9,6.7,7.1,7.4,1.19225078578132,2.54310350970493,1.98744947626408,0,0,0,0
135,134,"ALT600E04",82.15,37.4,"イヌガシ","EB",0,0,0,5.2,5.7,5.7,5.8,0.574733115605221,1.83615098506246,0.34783485423738,0,0,0,0
136,136,"ALT600E04",82.3,39.25,"イヌガシ","EB",0,0,0,5.2,5.8,6.3,6.7,1.3339415832081,2.18398583929984,2.88499217689093,9.06562260994956,9.06562260994956,0,0
137,137,"ALT600E04",82.9,39.65,"アカガシ","EB",0,0,0,32.2,38.3,41.3,43.8,1.61930192016862,3.46966887272475,2.683678423916,0.212128499698002,0.212128499698002,0,0
138,138,"ALT600E04",87.85,37.35,"イヌガシ","EB",0,0,0,8.1,8.4,8.6,8.6,0.315253376742469,0.7273528834175,0.470609948203881,4.73790523326785,4.73790523326785,0,0
139,139,"ALT600E04",88.05,37.4,"ウラジロガシ","EB",0,0,0,6.7,7.1,7.6,8.4,1.19012726027551,1.15974515300699,3.36273843603997,4.96620565550581,4.96620565550581,0,0
142,142,"ALT600E04",90,33.65,"ヤブニッケイ","EB",0,0,0,9.7,10.3,10.4,10.6,0.466990082150971,1.20036019452506,0.574202117648627,0,0,0,0
2649,2649,"ALT600E04",80,33.35,"アカガシ","EB",NA,0,0,NA,4.8,4.8,4.9,NA,NA,0.412385744054716,5.58918744215547,5.58918744215547,0,0
2843,127,"ALT600E04",88.45,31.9,"イヌガシ","EB",NA,NA,0,NA,NA,4.9,5.2,NA,NA,NA,11.2486844471269,0,9.29513140588916,0
110,110,"ALT600E04",86.9,22.85,"イヌガシ","EB",0,0,0,6.4,6.4,6.5,6.4,0,0,0,0,0,0,0
111,111,"ALT600E04",80.7,22.7,"アカガシ","EB",0,0,0,8.8,9.5,9.9,10.1,0.725177380858172,1.53080154244668,1.22487250481437,3.35670384330834,3.35670384330834,0,0
112,112,"ALT600E04",82.45,23.1,"アカガシ","EB",0,0,0,6.1,6.3,6.4,6.5,0.334281082749084,0.64521724436443,0.625050870082091,0,0,0,0
113,113,"ALT600E04",81.25,22.2,"イヌガシ","EB",0,0,0,24,24.9,25.2,25.2,0.256790337733853,0.736279462454324,0.239523820934312,0.94099168407641,0.94099168407641,0,0
115,115,"ALT600E04",86.3,25.6,"ヒメシャラ","DB",0,0,0,34.4,34.9,35.4,35.6,0.180468807782275,0.288605296580577,0.397176172992069,0,0,0,0
117,117,"ALT600E04",83.55,26.5,"イヌガシ","EB",0,0,0,12.3,14.3,15.2,15.5,1.21705663972015,3.0132054977498,1.61160973318679,0,0,0,0
118,118,"ALT600E04",85.95,27.25,"イヌガシ","EB",0,0,0,8.7,11.2,12.3,12.9,2.07318045108994,5.05181505281022,2.82627066133155,3.17080679458725,0,3.17080679458725,0
119,119,"ALT600E04",85.6,28.1,"ヒメシャラ","DB",0,0,0,33.2,35.7,36.9,37.6,0.655021970912662,1.45201625726301,1.03706723220511,0.373227392688479,0.373227392688479,0,0
120,120,"ALT600E04",84.75,29.2,"ヒメシャラ","DB",0,0,0,40,41.1,41.5,41.8,0.231667817983022,0.542573347765054,0.337764360570432,0.27322873834241,0.27322873834241,0,0
121,121,"ALT600E04",87.35,29.8,"イヌガシ","EB",0,0,0,10.6,12.7,13.6,14,1.4642280447223,3.61495984693048,1.94910672301426,0,0,0,0
122,122,"ALT600E04",87.7,28.5,"イヌガシ","EB",0,0,0,7.9,9.1,9.4,9.5,0.970679153334312,2.82823308099657,0.860347701673817,1.61897969358548,1.61897969358548,0,0
123,123,"ALT600E04",88.05,28.3,"イヌガシ","EB",0,0,0,5.2,5.9,6.2,6.2,0.925740349808759,2.52587450648584,0.99193882278744,3.8010644470887,3.8010644470887,0,0
124,124,"ALT600E04",89.65,29.35,"ウラジロガシ","EB",0,0,0,43,45.1,46.5,47.7,0.545954116845964,0.953642616301407,1.12098302771326,0.65862014353866,0.348897381916815,0,0
125,124,"ALT600E04",89.65,29.35,"ウラジロガシ","EB",0,0,0,5,5.4,5.5,5.6,0.5964667647737,1.53922082272257,0.727352883417496,14.4393077374879,11.8011335001018,0,0
2183,2183,"ALT600E04",81.25,21.4,"ヒサカキ","EB",0,0,0,6.4,7.1,7.7,8.1,1.23982142796193,2.07593587363287,2.63538555262247,3.88888888888889,3.88888888888889,0,0
2293,2293,"ALT600E04",81,29.65,"イヌガシ","EB",NA,0,0,NA,6.4,6.9,7.4,NA,NA,2.90364019688996,1.12866529596621,0.488071479336738,0,0
92,91,"ALT600E05",89.3,12.5,"アブラチャン","DB",0,0,0,6.7,7.3,7.3,7.3,0.451404325039079,1.7153364351485,0,12.8767123287666,0,12.8767123287666,0
97,97,"ALT600E05",80.85,15.95,"アカガシ","EB",0,0,0,20.4,25.1,27.1,28.4,1.74133812798416,4.14665890575135,2.47042598058844,0,0,0,0
99,99,"ALT600E05",81.15,19,"シキミ","EB",0,0,0,9.8,10.3,10.4,10.5,0.363120376247113,0.995230191181276,0.384627238557752,0,0,0,0
100,100,"ALT600E04",80.25,20.05,"ヒメシャラ","DB",0,0,0,37.3,39.9,41,41.9,0.612065790938538,1.34765994492096,0.978190060645485,0,0,0,0
101,101,"ALT600E05",83.65,19.25,"アカガシ","EB",0,0,0,35.1,37.7,38.9,40.2,0.714030869227133,1.4291792796429,1.28413802342021,0.269937426665338,0.269937426665338,0,0
102,102,"ALT600E05",84.35,19.45,"イヌガシ","EB",0,0,0,7.4,7.8,7.8,7.9,0.344119785593956,1.05287466970844,0.254780515548599,6.98974008954099,6.98974008954099,0,0
103,103,"ALT600E05",84,16.3,"イヌガシ","EB",0,0,0,10.3,11.6,12,12.4,0.976592512502111,2.37722405753458,1.33382748997345,0,0,0,0
106,106,"ALT600E05",86.7,19.8,"イヌシデ","DB",0,0,0,23.2,25.7,25.8,25.8,0.559064280291093,2.0467742645782,0.0776700005279522,0,0,0,0
107,107,"ALT600E04",87.7,21.25,"イヌガシ","EB",0,0,0,21.6,26.1,27.5,28,1.36584839728992,3.78483999277057,1.40538391693112,0.303045763365665,0.303045763365665,0,0
87,87,"ALT600E05",84.4,7.25,"ヒメシャラ","DB",0,0,0,39,39.9,40.4,40.5,0.19863330517288,0.456293555323425,0.298513004333516,0.220576131687243,0,0,0.220576131687243
88,88,"ALT600E05",83.65,7.25,"イヌガヤ","EC",0,0,0,6.5,6.6,6.6,6.7,0.1595018394491,0.305349442615768,0.30075754729081,8.05970149253731,0,8.05970149253731,0
90,90,"ALT600E05",82.45,7.35,"カジカエデ","DB",0,0,0,7.5,8.6,8.9,9.3,1.13216515587866,2.73718365434395,1.56504393799497,0,0,0,0
1,1,"ALT600E01",98.05,99.4,"ミツバウツギ","DB",0,0,0,7.4,7.6,7.6,7.7,0.209159624471127,0.533364941643225,0.261441631347058,0,0,0,0
2,2,"ALT600E01",97.1,97.85,"イタヤカエデ","DB",0,0,0,23.6,27.8,29.7,30.7,1.38429443453467,3.27578617330054,1.9845326779312,0,0,0,0
4,4,"ALT600E01",93.7,93.8,"イタヤカエデ","DB",0,0,0,15.9,18.2,18.7,19.5,1.0741860860185,2.70204969713128,1.37985742973903,0.505912804504979,0,0.505912804504979,0
5,5,"ALT600E01",93.75,92.95,"イタヤカエデ","DB",0,0,0,6.7,7.5,8.1,8.4,1.19012726027551,2.25590988290689,2.26657370614007,2.726379590604,0,2.726379590604,0
6,6,"ALT600E01",97.3,93.8,"イタヤカエデ","DB",0,0,0,6.6,7.3,7.3,7.4,0.602159743040759,2.01609398243931,0.272113041115574,0,0,0,0
7,7,"ALT600E01",99.55,94.8,"キハダ","DB",0,0,0,49.3,55.1,56.2,60.1,1.04255663417115,2.22451270220449,1.73720250764586,0,0,0,0
8,8,"ALT600E01",98.4,89.8,"イタヤカエデ","DB",0,0,0,18.5,23,24.7,25.6,1.70958747053283,4.35446967689741,2.14196271112734,0,0,0,0
10,10,"ALT600E01",94.35,89.15,"イタヤカエデ","DB",0,0,0,11.5,13,13.4,13.9,0.99758844614443,2.45204644184665,1.33878965350219,0.997853663936549,0,0,0.997853663936549
11,11,"ALT600E01",93.6,88.6,"イヌガヤ","EC",0,0,0,8.3,10.7,11.9,12.9,2.32090419244776,5.07976453330616,3.73967139799532,1.15855601471775,0,1.15855601471775,0
16,16,"ALT600E01",98.25,84.7,"イロハモミジ","DB",0,0,0,17.4,19.8,20.6,21.8,1.18652507144505,2.58423462960012,1.92456064189108,0,0,0,0
2650,2650,"ALT600E01",91.3,84.4,"カジカエデ","DB",NA,0,0,NA,6,6.6,7,NA,NA,3.08301359654517,0,0,0,0
17,17,"ALT600E02",92.5,79,"ケヤキ","DB",0,0,0,30.1,32,32.9,33.7,0.594592976860453,1.22421462089793,1.03523869117179,0,0,0,0
2185,2185,"ALT600E02",90.6,69.05,"シキミ","EB",0,0,0,7.1,8.6,9.3,9.9,1.74968406891197,3.83334838424385,2.81545107762164,0,0,0,0
2851,2851,"ALT600E02",90.4,78.95,"イタヤカエデ","DB",NA,NA,0,NA,NA,5.1,5.5,NA,NA,NA,0,0,0,0
19,19,"ALT600E02",96.45,64,"ウラジロガシ","EB",0,0,0,6,7.6,9.1,11,3.19018843984377,4.72777556128461,7.3949405101217,0,0,0,0
20,20,"ALT600E02",91,64.15,"アワブキ","DB",0,0,0,14.5,14.7,14.9,15.1,0.213400496812368,0.273976887163239,0.536945000723761,1.04327719025142,0,0.470209437859794,0
23,23,"ALT600E02",94.25,60.9,"ウラジロガシ","EB",0,0,0,9.3,10.8,11.5,12.8,1.68121458298085,2.99063467941928,3.39798073590795,0,0,0,0
24,24,"ALT600E03",94.2,59.85,"カゴノキ","EB",0,0,0,9.8,10,10,10.5,0.363120376247113,0.404054146350389,0.975803283388641,0,0,0,0
2203,2203,"ALT600E02",96.05,69,"アカガシ","EB",0,0,0,7,7.1,7.1,7.4,0.292472900814794,0.283692699839128,0.82770432325709,0,0,0,0
2651,2651,"ALT600E02",96.1,61.7,"アカガシ","EB",NA,0,0,NA,4.8,5.3,5.9,NA,NA,4.12672865995657,0,0,0,0
2652,2652,"ALT600E02",97.45,60.3,"イヌガシ","EB",NA,0,0,NA,5.2,5.8,7.1,NA,NA,6.22872316919776,0,0,0,0
27,27,"ALT600E03",99.5,56.45,"アカガシ","EB",0,0,0,70.6,77.5,79.2,80,0.657876264077291,1.8649558372021,0.634973966291605,0.478692092106854,0.406263495272839,0,0
28,28,"ALT600E03",98.95,56.5,"ヤブニッケイ","EB",0,0,0,6.6,7.5,7.6,8,1.01248364551293,2.5566674301977,1.29077042275142,20.62554062436,19.5446481629612,0,0
31,31,"ALT600E03",93.15,58.25,"イヌシデ","DB",0,0,0,38.2,39.3,39.6,39.9,0.229162148859411,0.567780065253718,0.303036100412045,0,0,0,0
32,32,"ALT600E03",90.15,56.85,"イヌガシ","EB",0,0,0,5.8,6.7,6.9,7.1,1.06440456049945,2.88499217689093,1.15974515300699,0,0,0,0
35,35,"ALT600E03",94.5,53.8,"シキミ","EB",0,0,0,5.9,8.7,10.5,12.5,3.95145417577148,7.76741349497728,7.24811237295435,1.61396260617082,1.61396260617082,0,0
37,37,"ALT600E03",97.45,52.4,"シキミ","EB",0,0,0,5.3,7.4,8.8,10.4,3.54788939783816,6.67546359304096,6.80651611874406,4.46686187276338,4.46686187276338,0,0
38,38,"ALT600E03",98.4,52.6,"アカガシ","EB",0,0,0,37.7,42.5,44.1,45.1,0.94327448449825,2.39687962952812,1.18756341156523,0.2375287142925,0.2375287142925,0,0
2653,32,"ALT600E03",90.15,56.85,"イヌガシ","EB",NA,0,0,NA,5.5,5.6,5.7,NA,NA,0.714361652041585,0,0,0,0
2847,2847,"ALT600E03",92.1,54.05,"ウラジロガシ","EB",NA,NA,0,NA,NA,5.1,5.6,NA,NA,NA,4.93144149543949,4.38933675369633,0,0
2848,2847,"ALT600E03",92.1,54.05,"ウラジロガシ","EB",NA,NA,0,NA,NA,5.3,6,NA,NA,NA,4.5183513248057,4.01238689917875,0,0
2849,2849,"ALT600E03",91.45,54.5,"イヌガシ","EB",NA,NA,0,NA,NA,4.8,5.5,NA,NA,NA,3.21977361762601,2.66781242603298,0,0
2850,2850,"ALT600E03",93.35,51.85,"イヌガシ","EB",NA,NA,0,NA,NA,4.9,5.5,NA,NA,NA,2.62143918998139,1.07072868323184,0,0
39,39,"ALT600E03",93.65,47.65,"ウラジロガシ","EB",0,0,0,12,12.8,13.3,14.3,0.922909934094007,1.29077042275142,2.2162873268058,0,0,0,0
40,40,"ALT600E03",92.15,48.3,"アカガシ","EB",0,0,0,63,67.5,70,71.7,0.680821164284431,1.37985742973903,1.20726299454181,0.512684208106386,0.382510483391874,0,0
42,42,"ALT600E03",91.25,45.5,"イヌガシ","EB",0,0,0,6.3,6.7,6.9,7.1,0.629185003419909,1.23115785998867,1.15974515300699,0,0,0,0
45,45,"ALT600E03",91.1,41.55,"イヌガシ","EB",0,0,0,14.9,16,16.7,16.9,0.662907415671654,1.42455018576736,1.09449799378493,0.319246032232456,0.319246032232456,0,0
46,46,"ALT600E03",94.6,40.85,"アカガシ","EB",0,0,0,5.9,7.1,8.1,8.7,2.04405618288876,3.70284866271192,4.06456483226536,0,0,0,0
47,47,"ALT600E03",97.05,44.35,"イヌガシ","EB",0,0,0,6,7,7.1,7.3,1.03218357329626,3.08301359654517,0.839283981980644,0,0,0,0
49,49,"ALT600E03",99.5,42.85,"シキミ","EB",0,0,0,7.1,7.3,7.4,7.7,0.426976551644045,0.555591282141513,1.06691961410585,16.6947378525893,16.2688201425893,0,0
50,49,"ALT600E03",99.5,42.85,"シキミ","EB",0,0,0,5.1,5.8,6.3,6.6,1.35699531211631,2.57234755644187,2.58423462960012,19.7256461588542,19.2287421638542,0,0
51,51,"ALT600E03",99.2,42.25,"シキミ","EB",0,0,0,5.7,5.8,5.9,6,0.269964707302897,0.34783485423738,0.678031033513628,24.1666305205269,24.1666305205269,0,0
52,52,"ALT600E03",99.35,42.2,"アカガシ","EB",0,0,0,15.2,17,17.5,17.7,0.801416903829225,2.23835832407971,0.807025910471345,4.07432525661981,4.07432525661981,0,0
2654,2654,"ALT600E03",99.7,42.75,"イヌガシ","EB",NA,0,0,NA,5.2,5.7,6.1,NA,NA,3.19260291183767,17.938702497857,16.3258010058899,0,0
2655,2655,"ALT600E03",99.45,49.4,"イヌガシ","EB",NA,0,0,NA,4.9,4.9,5,NA,NA,0.404054146350389,0.941357448663283,0.941357448663283,0,0
2852,40,"ALT600E03",92.15,48.3,"アカガシ","EB",NA,NA,0,NA,NA,5.2,5.9,NA,NA,NA,22.2445341348003,20.6625924293714,0,0
2853,2853,"ALT600E03",91.5,48.55,"イヌガシ","EB",NA,NA,0,NA,NA,5.4,6.1,NA,NA,NA,21.4681259232581,19.25540241801,0,0
53,53,"ALT600E04",97.05,39.6,"イヌシデ","DB",0,0,0,39.7,39.9,39.9,40.1,0.0527639295756771,0.10050272405346,0.100000208334117,0,0,0,0
55,55,"ALT600E04",94.35,38.85,"イヌシデ","DB",0,0,0,35.7,35.9,36.2,36.1,0.0586430344907463,0.111732134172796,0.111111396892044,0.132488982082337,0.132488982082337,0,0
56,56,"ALT600E04",95.9,38.6,"シキミ","EB",0,0,0,8.5,8.6,8.7,8.8,0.182555568357316,0.233920795263825,0.459790364493976,0,0,0,0
57,57,"ALT600E04",95.3,36.2,"イヌシデ","DB",0,0,0,45.4,48,41.2,41.3,-0.498155816212186,1.11377811721177,-3.00677021881808,0,0,0,0
58,58,"ALT600E04",94.55,35.35,"イヌガシ","EB",0,0,0,7.4,9.2,9.7,10,1.58476364623117,4.35446967689741,1.66763217878102,0,0,0,0
59,59,"ALT600E04",92.1,36.1,"イヌガヤ","EC",0,0,0,15.9,15.9,15.9,15.9,0,0,0,0,0,0,0
67,67,"ALT600E04",99.4,34.15,"アカガシ","EB",0,0,0,21.2,25.6,28.2,29.7,1.7744519164773,3.771823396151,2.97109388646274,0,0,0,0
2657,2657,"ALT600E04",97.3,35.05,"イヌガシ","EB",NA,0,0,NA,5.1,5.5,5.7,NA,NA,2.22451270220449,2.53682565868398,2.53682565868398,0,0
2658,2658,"ALT600E04",96.7,35.35,"イヌガシ","EB",NA,0,0,NA,5.2,5.3,5.2,NA,NA,0,2.92408889365359,1.63404967586524,0,0
2700,2700,"ALT600E04",90.55,39.85,"アカガシ","EB",NA,0,0,NA,4.9,6.2,5.2,NA,NA,1.18846840941602,8.9181168296239,8.9181168296239,0,0
69,69,"ALT600E04",96.15,27.8,"イヌガシ","EB",0,0,0,8.1,8.5,8.5,8.5,0.253695272725672,0.964042036357554,0,0,0,0,0
70,70,"ALT600E04",94.35,27.8,"イヌガシ","EB",0,0,0,8.6,9.1,9.3,9.3,0.411853667893412,1.13024420526685,0.434799732728121,0,0,0,0
71,71,"ALT600E04",92.5,24.55,"イヌガシ","EB",0,0,0,13.7,15,15.7,15.8,0.750600564204432,1.81308736536262,1.03919477861422,0,0,0,0
72,72,"ALT600E04",90.75,21.6,"ウラジロガシ","EB",0,0,0,29.4,32,31.6,36.1,1.08051679470631,1.69482456910181,2.41113925078217,0,0,0,0
73,73,"ALT600E04",96.3,24.45,"アカガシ","EB",0,0,0,44,49,52.1,54.3,1.10702417379805,2.15261328384731,2.05407857658526,0,0,0,0
74,74,"ALT600E04",94.15,20.8,"イヌシデ","DB",0,0,0,26,28.7,29.4,29.4,0.646832296437652,1.97601169488187,0.48195103158121,0,0,0,0
75,75,"ALT600E04",98.5,21.5,"イヌシデ","DB",0,0,0,43.3,46.7,43.7,44,0.08440525742009,1.51183059332815,-1.19109061513181,0,0,0,0
76,76,"ALT600E05",96.2,16.5,"シキミ","EB",0,0,0,10.4,10.6,10.6,10.6,0.100253657740497,0.380963899413888,0,0,0,0,0
77,77,"ALT600E05",94.4,16.1,"エゴノキ","DB",0,0,0,21.1,24.9,26.2,26.9,1.27817497960933,3.31189525977282,1.54516966274263,0,0,0,0
78,78,"ALT600E05",94.65,17.95,"イヌガヤ","EC",0,0,0,10.1,10,9.9,9.7,-0.212681780725667,-0.199006617063362,-0.609184149694171,0,0,0,0
79,79,"ALT600E05",90.9,18.1,"イヌガヤ","EC",0,0,0,7.7,7.9,7.8,7.7,0,0.512848612266753,-0.512848612266753,0,0,0,0
83,83,"ALT600E05",98.9,4.2,"ケヤキ","DB",0,0,0,17.1,24.2,27.7,30.5,3.04551694791975,6.94548339308053,4.62748100901451,0,0,0,0
86,86,"ALT600E05",92.85,2.2,"イヌガヤ","EC",0,0,0,17.5,18.4,17.7,17.7,0.0598092560542895,1.00299567370943,-0.775720500703128,0,0,0,0
2294,81,"ALT600E05",97.25,8.8,"アブラチャン","DB",NA,0,0,NA,5.4,5.5,5.3,NA,NA,-0.373842660243053,0,0,0,0
2901,399,"ALT600C01",54.15,97.25,"アブラチャン","DB",NA,NA,0,NA,NA,NA,5.5,NA,NA,NA,0,0,0,0
2902,399,"ALT600C01",54.15,97.25,"アブラチャン","DB",NA,NA,0,NA,NA,NA,5,NA,NA,NA,0,0,0,0
2903,399,"ALT600C01",54.15,97.25,"アブラチャン","DB",NA,NA,0,NA,NA,NA,7.4,NA,NA,NA,0,0,0,0
2904,408,"ALT600C01",55.5,88.05,"アブラチャン","DB",NA,NA,0,NA,NA,NA,6.3,NA,NA,NA,0,0,0,0
2905,2905,"ALT600C01",55.15,87.1,"アブラチャン","DB",NA,NA,0,NA,NA,NA,5.2,NA,NA,NA,0,0,0,0
2906,407,"ALT600C01",58.2,84.9,"アブラチャン","DB",NA,NA,0,NA,NA,NA,5.7,NA,NA,NA,0,0,0,0
2907,407,"ALT600C01",58.2,84.9,"アブラチャン","DB",NA,NA,0,NA,NA,NA,5.7,NA,NA,NA,0,0,0,0
2908,415,"ALT600C02",57.85,75.05,"イヌガシ","EB",NA,NA,0,NA,NA,NA,5.1,NA,NA,NA,7.49214634295794,3.59212495895244,0,0
2909,2909,"ALT600C02",51.6,70.55,"イヌガシ","EB",NA,NA,0,NA,NA,NA,4.8,NA,NA,NA,0.598777082338897,0.598777082338897,0,0
2910,2832,"ALT600C02",52.65,74.65,"イヌガシ","EB",NA,NA,0,NA,NA,NA,5.6,NA,NA,NA,0,0,0,0
2911,2911,"ALT600C02",59.05,69.7,"イヌガシ","EB",NA,NA,0,NA,NA,NA,5.1,NA,NA,NA,0,0,0,0
2912,2614,"ALT600C03",53.5,56.25,"イヌガシ","EB",NA,NA,0,NA,NA,NA,5,NA,NA,NA,0,0,0,0
2913,2913,"ALT600C04",54.75,37.1,"アカガシ","EB",NA,NA,0,NA,NA,NA,4.8,NA,NA,NA,0,0,0,0
2914,471,"ALT600C04",58.05,35.55,"ヤブニッケイ","EB",NA,NA,0,NA,NA,NA,5.2,NA,NA,NA,0,0,0,0
2915,2915,"ALT600C04",52.95,31.7,"イヌガシ","EB",NA,NA,0,NA,NA,NA,4.9,NA,NA,NA,36.9818997689148,36.9818997689148,0,0
2916,2916,"ALT600C04",53,28.15,"ヤブニッケイ","EB",NA,NA,0,NA,NA,NA,4.9,NA,NA,NA,0,0,0,0
2917,2917,"ALT600C05",56.65,16.9,"イヌガヤ","EC",NA,NA,0,NA,NA,NA,4.8,NA,NA,NA,0,0,0,0
2918,511,"ALT600C05",54.05,8.8,"イヌガヤ","EC",NA,NA,0,NA,NA,NA,5.8,NA,NA,NA,0,0,0,0
2919,2697,"ALT600D01",69.35,97.9,"アブラチャン","DB",NA,NA,0,NA,NA,NA,5.3,NA,NA,NA,0,0,0,0
2920,2920,"ALT600D01",68.75,81,"アブラチャン","DB",NA,NA,0,NA,NA,NA,5.4,NA,NA,NA,0,0,0,0
2921,2921,"ALT600D02",63.05,73.85,"イヌガシ","EB",NA,NA,0,NA,NA,NA,5.5,NA,NA,NA,0,0,0,0
2922,2922,"ALT600D03",65.9,56.95,"イヌガシ","EB",NA,NA,0,NA,NA,NA,5,NA,NA,NA,0,0,0,0
2923,330,"ALT600D04",62.9,21.8,"イヌガシ","EB",NA,NA,0,NA,NA,NA,5.5,NA,NA,NA,0,0,0,0
2924,2924,"ALT600D02",73.35,72.4,"イヌガシ","EB",NA,NA,0,NA,NA,NA,5.3,NA,NA,NA,0,0,0,0
2925,2633,"ALT600D02",78.35,66.25,"ヤブニッケイ","EB",NA,NA,0,NA,NA,NA,5.9,NA,NA,NA,0,0,0,0
2926,2633,"ALT600D02",78.35,66.25,"ヤブニッケイ","EB",NA,NA,0,NA,NA,NA,5.5,NA,NA,NA,0,0,0,0
2927,2633,"ALT600D02",78.35,66.25,"ヤブニッケイ","EB",NA,NA,0,NA,NA,NA,5.6,NA,NA,NA,0,0,0,0
2928,2928,"ALT600D03",78.8,54.85,"イヌガシ","EB",NA,NA,0,NA,NA,NA,5.3,NA,NA,NA,1.24436630653522,1.24436630653522,0,0
2929,2929,"ALT600D03",71.95,51.95,"ヒサカキ","EB",NA,NA,0,NA,NA,NA,5.5,NA,NA,NA,0,0,0,0
2930,289,"ALT600D05",77.4,16.9,"イヌガシ","EB",NA,NA,0,NA,NA,NA,4.9,NA,NA,NA,0,0,0,0
2931,2931,"ALT600E02",89.25,76.1,"イヌガシ","EB",NA,NA,0,NA,NA,NA,5.7,NA,NA,NA,1.02756532650945,0,1.02756532650945,0
2932,189,"ALT600E02",80.85,73.25,"アブラチャン","DB",NA,NA,0,NA,NA,NA,4.9,NA,NA,NA,0,0,0,0
2933,2933,"ALT600E02",84.35,62.4,"イヌガシ","EB",NA,NA,0,NA,NA,NA,4.8,NA,NA,NA,0,0,0,0
2934,2934,"ALT600E02",81.7,60.9,"ヤブニッケイ","EB",NA,NA,0,NA,NA,NA,5.7,NA,NA,NA,7.40967499914977,7.40967499914977,0,0
2935,2935,"ALT600E02",83.4,63.75,"ヒサカキ","EB",NA,NA,0,NA,NA,NA,5.3,NA,NA,NA,0,0,0,0
2936,2936,"ALT600E04",84.2,28.95,"イヌガシ","EB",NA,NA,0,NA,NA,NA,4.9,NA,NA,NA,14.7955664982791,0,14.1199698545221,0
2937,2937,"ALT600E04",80.7,25.55,"イヌガシ","EB",NA,NA,0,NA,NA,NA,4.9,NA,NA,NA,0,0,0,0
2938,2938,"ALT600E05",84.65,3.35,"オオモミジ","DB",NA,NA,0,NA,NA,NA,5,NA,NA,NA,0,0,0,0
2939,2939,"ALT600E01",95.3,84.9,"アブラチャン","DB",NA,NA,0,NA,NA,NA,5.4,NA,NA,NA,0,0,0,0
2940,20,"ALT600E02",91,64.15,"アワブキ","DB",NA,NA,0,NA,NA,NA,6.4,NA,NA,NA,3.96957327923677,0,2.61749155093778,0
2941,20,"ALT600E02",91,64.15,"アワブキ","DB",NA,NA,0,NA,NA,NA,5.2,NA,NA,NA,5.14164412654921,0,3.22152806269266,0
2942,32,"ALT600E03",90.15,56.85,"イヌガシ","EB",NA,NA,0,NA,NA,NA,5.8,NA,NA,NA,0,0,0,0
2943,32,"ALT600E03",90.15,56.85,"イヌガシ","EB",NA,NA,0,NA,NA,NA,5.1,NA,NA,NA,0,0,0,0
2944,2944,"ALT600E03",94.45,56.85,"イヌガシ","EB",NA,NA,0,NA,NA,NA,5.9,NA,NA,NA,0,0,0,0
2945,2945,"ALT600E03",95.45,56.9,"イヌガシ","EB",NA,NA,0,NA,NA,NA,5.7,NA,NA,NA,0,0,0,0
2946,2946,"ALT600E03",97.5,57.95,"イヌガシ","EB",NA,NA,0,NA,NA,NA,5,NA,NA,NA,0,0,0,0
2947,2947,"ALT600E03",99.5,57.15,"イヌガシ","EB",NA,NA,0,NA,NA,NA,6.4,NA,NA,NA,20.9386600813473,20.9386600813473,0,0
2948,2948,"ALT600E03",99.65,53.95,"イヌガシ","EB",NA,NA,0,NA,NA,NA,5.2,NA,NA,NA,0,0,0,0
2949,2949,"ALT600E03",98,51.35,"ヤブニッケイ","EB",NA,NA,0,NA,NA,NA,4.8,NA,NA,NA,0,0,0,0
2950,42,"ALT600E03",91.25,45.5,"イヌガシ","EB",NA,NA,0,NA,NA,NA,5.3,NA,NA,NA,0,0,0,0
2951,2951,"ALT600E03",97.65,40.7,"イヌガシ","EB",NA,NA,0,NA,NA,NA,5,NA,NA,NA,0,0,0,0
2952,2952,"ALT600E04",90.15,39.85,"イヌガシ","EB",NA,NA,0,NA,NA,NA,4.9,NA,NA,NA,16.6412159087294,16.6412159087294,0,0
2953,79,"ALT600E05",90.9,18.1,"イヌガヤ","EC",NA,NA,0,NA,NA,NA,5.2,NA,NA,NA,0,0,0,0
3374,399,"ALT600C01",54.15,97.25,"アブラチャン","DB",NA,NA,0,NA,NA,NA,3.5,NA,NA,NA,0,0,0,0
3375,399,"ALT600C01",54.15,97.25,"アブラチャン","DB",NA,NA,0,NA,NA,NA,4,NA,NA,NA,0,0,0,0
3376,399,"ALT600C01",54.15,97.25,"アブラチャン","DB",NA,NA,0,NA,NA,NA,3.3,NA,NA,NA,0,0,0,0
3377,399,"ALT600C01",54.15,97.25,"アブラチャン","DB",NA,NA,0,NA,NA,NA,2.6,NA,NA,NA,0,0,0,0
3378,399,"ALT600C01",54.15,97.25,"アブラチャン","DB",NA,NA,0,NA,NA,NA,3.2,NA,NA,NA,0,0,0,0
3379,399,"ALT600C01",54.15,97.25,"アブラチャン","DB",NA,NA,0,NA,NA,NA,2,NA,NA,NA,0,0,0,0
3380,408,"ALT600C01",55.5,88.05,"アブラチャン","DB",NA,NA,0,NA,NA,NA,3.4,NA,NA,NA,0,0,0,0
3381,408,"ALT600C01",55.5,88.05,"アブラチャン","DB",NA,NA,0,NA,NA,NA,2.2,NA,NA,NA,0,0,0,0
3382,2905,"ALT600C01",55.15,87.1,"アブラチャン","DB",NA,NA,0,NA,NA,NA,4.4,NA,NA,NA,0,0,0,0
3383,2905,"ALT600C01",55.15,87.1,"アブラチャン","DB",NA,NA,0,NA,NA,NA,3.7,NA,NA,NA,0,0,0,0
3384,407,"ALT600C01",58.2,84.9,"アブラチャン","DB",NA,NA,0,NA,NA,NA,3.6,NA,NA,NA,0,0,0,0
3385,3385,"ALT600C01",57.4,80,"イヌガシ","EB",NA,NA,0,NA,NA,NA,4.6,NA,NA,NA,3.18663420835543,0,2.3650800765138,0
3386,3385,"ALT600C01",57.4,80,"イヌガシ","EB",NA,NA,0,NA,NA,NA,3.3,NA,NA,NA,4.89311303868214,0,3.29677828847378,0
3387,3387,"ALT600C02",57.4,78.25,"シキミ","EB",NA,NA,0,NA,NA,NA,3.5,NA,NA,NA,0,0,0,0
3388,415,"ALT600C02",57.85,75.05,"イヌガシ","EB",NA,NA,0,NA,NA,NA,2.6,NA,NA,NA,15.7027176777064,7.04609126563747,0,0
3389,415,"ALT600C02",57.85,75.05,"イヌガシ","EB",NA,NA,0,NA,NA,NA,2.7,NA,NA,NA,15.0823633990809,6.78512492246571,0,0
3390,415,"ALT600C02",57.85,75.05,"イヌガシ","EB",NA,NA,0,NA,NA,NA,2.5,NA,NA,NA,16.3727002986218,7.32793491626297,0,0
3391,3391,"ALT600C02",55.45,70.9,"アカガシ","EB",NA,NA,0,NA,NA,NA,3.2,NA,NA,NA,0,0,0,0
3392,3392,"ALT600C02",53.2,71.2,"イヌガシ","EB",NA,NA,0,NA,NA,NA,2.2,NA,NA,NA,0,0,0,0
3393,420,"ALT600C02",50.85,72.05,"ヤブニッケイ","EB",NA,NA,0,NA,NA,NA,2.8,NA,NA,NA,6.1764705882353,3.61344537815126,0,0
3394,3394,"ALT600C02",53.1,73.55,"シロダモ","EB",NA,NA,0,NA,NA,NA,2.7,NA,NA,NA,1.64431127421321,1.64431127421321,0,0
3395,3395,"ALT600C02",53.65,74.05,"ヤブニッケイ","EB",NA,NA,0,NA,NA,NA,3.3,NA,NA,NA,3.85132004984945,3.85132004984945,0,0
3396,2832,"ALT600C02",52.65,74.65,"イヌガシ","EB",NA,NA,0,NA,NA,NA,4.4,NA,NA,NA,0,0,0,0
3397,3397,"ALT600C02",52,69.7,"イヌガシ","EB",NA,NA,0,NA,NA,NA,2.7,NA,NA,NA,11.8399408389747,11.8399408389747,0,0
3398,2286,"ALT600C02",55.65,66.95,"イヌガシ","EB",NA,NA,0,NA,NA,NA,3.3,NA,NA,NA,46.3101604278099,45.2762923351183,0,0
3399,3399,"ALT600C02",55.6,66.95,"イヌガシ","EB",NA,NA,0,NA,NA,NA,2.9,NA,NA,NA,74.4827586206937,74.4827586206937,0,0
3400,3400,"ALT600C02",55.8,69.75,"イヌガシ","EB",NA,NA,0,NA,NA,NA,3.5,NA,NA,NA,0,0,0,0
3401,3401,"ALT600C02",59.6,64.3,"イヌガシ","EB",NA,NA,0,NA,NA,NA,2.6,NA,NA,NA,0,0,0,0
3402,3402,"ALT600C02",58.2,64.35,"イヌガシ","EB",NA,NA,0,NA,NA,NA,2.6,NA,NA,NA,0,0,0,0
3403,440,"ALT600C02",56.35,60.9,"アカガシ","EB",NA,NA,0,NA,NA,NA,2.3,NA,NA,NA,0,0,0,0
3404,3404,"ALT600C02",55.05,61.9,"イヌガシ","EB",NA,NA,0,NA,NA,NA,3.6,NA,NA,NA,7.39600261633632,6.06061325505338,0,0
3405,3404,"ALT600C02",55.05,61.9,"イヌガシ","EB",NA,NA,0,NA,NA,NA,2.6,NA,NA,NA,10.9517731049596,8.39161835315083,0,0
3406,439,"ALT600C02",53.4,60.4,"アオハダ","DB",NA,NA,0,NA,NA,NA,3.4,NA,NA,NA,7.40262864700596,2.02374020565631,4.20724937491706,0
3407,3407,"ALT600C02",52.85,60.45,"アカガシ","EB",NA,NA,0,NA,NA,NA,3.8,NA,NA,NA,6.43280300828424,0,5.38449436989718,0
3408,3407,"ALT600C02",52.85,60.45,"アカガシ","EB",NA,NA,0,NA,NA,NA,2.2,NA,NA,NA,12.4280887749276,0,9.30049027527694,0
3409,3409,"ALT600C02",52.55,68.95,"イヌガシ","EB",NA,NA,0,NA,NA,NA,2.6,NA,NA,NA,9.53814027954806,9.53814027954806,0,0
3410,3410,"ALT600C02",50.55,61.15,"イヌガシ","EB",NA,NA,0,NA,NA,NA,2.2,NA,NA,NA,2.50675917277653,2.50675917277653,0,0
3411,3411,"ALT600C02",51.6,62.85,"イヌガシ","EB",NA,NA,0,NA,NA,NA,3.3,NA,NA,NA,6.97165467106485,6.97165467106485,0,0
3412,3412,"ALT600C02",50.85,63,"イヌガシ","EB",NA,NA,0,NA,NA,NA,2.5,NA,NA,NA,6.89710710812233,5.73719268892839,0,0
3413,3412,"ALT600C02",50.85,63,"イヌガシ","EB",NA,NA,0,NA,NA,NA,2.4,NA,NA,NA,7.23483007873828,5.97624238430041,0,0
3414,3414,"ALT600C02",52.3,64.05,"イヌガシ","EB",NA,NA,0,NA,NA,NA,3.1,NA,NA,NA,2.70460197412368,2.70460197412368,0,0
3415,3415,"ALT600C02",53.55,64.3,"イヌガシ","EB",NA,NA,0,NA,NA,NA,2.5,NA,NA,NA,0,0,0,0
3416,2911,"ALT600C02",59.05,69.7,"イヌガシ","EB",NA,NA,0,NA,NA,NA,4.2,NA,NA,NA,0,0,0,0
3417,2911,"ALT600C02",59.05,69.7,"イヌガシ","EB",NA,NA,0,NA,NA,NA,3.5,NA,NA,NA,0,0,0,0
3418,2911,"ALT600C02",59.05,69.7,"イヌガシ","EB",NA,NA,0,NA,NA,NA,0.7,NA,NA,NA,0,0,0,0
3419,447,"ALT600C03",51.5,57.35,"イヌガシ","EB",NA,NA,0,NA,NA,NA,4.6,NA,NA,NA,0,0,0,0
3420,447,"ALT600C03",51.5,57.35,"イヌガシ","EB",NA,NA,0,NA,NA,NA,3.6,NA,NA,NA,0,0,0,0
3421,3421,"ALT600C03",54.3,59.5,"イヌガシ","EB",NA,NA,0,NA,NA,NA,2.5,NA,NA,NA,0,0,0,0
3422,3422,"ALT600C03",56.25,57.9,"イヌガシ","EB",NA,NA,0,NA,NA,NA,2.1,NA,NA,NA,2.92177138608523,2.92177138608523,0,0
3423,3423,"ALT600C03",56.9,57.85,"イヌガシ","EB",NA,NA,0,NA,NA,NA,4,NA,NA,NA,0.805313238289741,0.805313238289741,0,0
3424,3424,"ALT600C03",58.1,58.5,"イヌガシ","EB",NA,NA,0,NA,NA,NA,2.6,NA,NA,NA,0,0,0,0
3425,3425,"ALT600C03",59.1,58.2,"イヌガシ","EB",NA,NA,0,NA,NA,NA,4.6,NA,NA,NA,0,0,0,0
3427,3427,"ALT600C03",58.85,56.9,"イヌガシ","EB",NA,NA,0,NA,NA,NA,3.9,NA,NA,NA,0.980286162791744,0.980286162791744,0,0
3428,444,"ALT600C03",58.2,57.1,"アカガシ","EB",NA,NA,0,NA,NA,NA,2.6,NA,NA,NA,2.20564386628142,2.20564386628142,0,0
3429,3429,"ALT600C03",58.4,55.7,"イヌガシ","EB",NA,NA,0,NA,NA,NA,3,NA,NA,NA,0,0,0,0
3430,3430,"ALT600C03",57.1,53.9,"アカガシ","EB",NA,NA,0,NA,NA,NA,4.1,NA,NA,NA,27.9593019008071,10.6881257321447,17.2711761686624,0
3431,459,"ALT600C03",58.3,50.35,"イヌガシ","EB",NA,NA,0,NA,NA,NA,4.5,NA,NA,NA,14.2905982905983,0,4.51282051282052,0
3432,459,"ALT600C03",58.3,50.35,"イヌガシ","EB",NA,NA,0,NA,NA,NA,2.3,NA,NA,NA,29.4314381270904,0,8.82943143812711,0
3433,459,"ALT600C03",58.3,50.35,"イヌガシ","EB",NA,NA,0,NA,NA,NA,2.8,NA,NA,NA,23.901098901099,0,7.25274725274727,0
3434,3434,"ALT600C03",54.55,50.05,"アカガシ","EB",NA,NA,0,NA,NA,NA,3.4,NA,NA,NA,1.91334776085773,1.91334776085773,0,0
3435,454,"ALT600C03",53.25,51.95,"イヌガシ","EB",NA,NA,0,NA,NA,NA,4.3,NA,NA,NA,0,0,0,0
3436,3436,"ALT600C03",50.6,53.2,"アカガシ","EB",NA,NA,0,NA,NA,NA,2.7,NA,NA,NA,0,0,0,0
3437,3436,"ALT600C03",50.6,53.2,"アカガシ","EB",NA,NA,0,NA,NA,NA,2.3,NA,NA,NA,0,0,0,0
3438,2614,"ALT600C03",53.5,56.25,"イヌガシ","EB",NA,NA,0,NA,NA,NA,2.8,NA,NA,NA,0,0,0,0
3439,3439,"ALT600C03",51.8,48.6,"ヤブニッケイ","EB",NA,NA,0,NA,NA,NA,2.1,NA,NA,NA,0,0,0,0
3440,464,"ALT600C03",53.55,46.8,"イヌガシ","EB",NA,NA,0,NA,NA,NA,3.1,NA,NA,NA,0,0,0,0
3441,3441,"ALT600C03",53.85,49.95,"アカガシ","EB",NA,NA,0,NA,NA,NA,4.6,NA,NA,NA,1.0452882852323,1.0452882852323,0,0
3442,3442,"ALT600C03",56.3,46.5,"ヤブニッケイ","EB",NA,NA,0,NA,NA,NA,4.3,NA,NA,NA,0,0,0,0
3443,3443,"ALT600C03",57.2,45.85,"イヌガヤ","EC",NA,NA,0,NA,NA,NA,4.2,NA,NA,NA,0,0,0,0
3444,3444,"ALT600C03",58.65,48.1,"アカガシ","EB",NA,NA,0,NA,NA,NA,3.3,NA,NA,NA,0,0,0,0
3445,3445,"ALT600C03",57.35,42.85,"イヌガシ","EB",NA,NA,0,NA,NA,NA,3.6,NA,NA,NA,0,0,0,0
3446,3446,"ALT600C03",58.65,41.75,"アカガシ","EB",NA,NA,0,NA,NA,NA,4,NA,NA,NA,0,0,0,0
3447,3447,"ALT600C03",55.05,43.65,"イヌガシ","EB",NA,NA,0,NA,NA,NA,4.3,NA,NA,NA,2.71186399119275,2.71186399119275,0,0
3448,3448,"ALT600C03",54.3,42.8,"イヌガヤ","EC",NA,NA,0,NA,NA,NA,4.1,NA,NA,NA,0,0,0,0
3449,3449,"ALT600C03",52.95,41.7,"イヌガシ","EB",NA,NA,0,NA,NA,NA,2.7,NA,NA,NA,0,0,0,0
3450,3450,"ALT600C04",55.5,39.3,"アカガシ","EB",NA,NA,0,NA,NA,NA,3.8,NA,NA,NA,14.1225345947351,0,14.1225345947351,0
3451,471,"ALT600C04",58.05,35.55,"ヤブニッケイ","EB",NA,NA,0,NA,NA,NA,3.8,NA,NA,NA,0,0,0,0
3452,473,"ALT600C04",55.4,34.75,"イヌガシ","EB",NA,NA,0,NA,NA,NA,3.8,NA,NA,NA,0,0,0,0
3453,3453,"ALT600C04",59.1,32.45,"アカガシ","EB",NA,NA,0,NA,NA,NA,4.5,NA,NA,NA,0,0,0,0
3454,3454,"ALT600C04",58.3,31.2,"アカガシ","EB",NA,NA,0,NA,NA,NA,3.7,NA,NA,NA,0,0,0,0
3455,3455,"ALT600C04",57.1,31.45,"シキミ","EB",NA,NA,0,NA,NA,NA,4.2,NA,NA,NA,0,0,0,0
3456,3456,"ALT600C04",50.1,32.05,"ヤブニッケイ","EB",NA,NA,0,NA,NA,NA,2.5,NA,NA,NA,1.24467632080667,1.24467632080667,0,0
3457,3457,"ALT600C04",51.35,33.9,"イヌガシ","EB",NA,NA,0,NA,NA,NA,3.1,NA,NA,NA,0,0,0,0
3458,3458,"ALT600C04",57.25,24.25,"イヌガシ","EB",NA,NA,0,NA,NA,NA,2.1,NA,NA,NA,0,0,0,0
3459,491,"ALT600C04",53.5,22.4,"イヌガシ","EB",NA,NA,0,NA,NA,NA,2.5,NA,NA,NA,0,0,0,0
3460,3460,"ALT600C04",52.25,25.65,"イヌガシ","EB",NA,NA,0,NA,NA,NA,4.5,NA,NA,NA,0,0,0,0
3461,3461,"ALT600C05",52.9,19.4,"アカガシ","EB",NA,NA,0,NA,NA,NA,3.2,NA,NA,NA,26.9435186359644,13.2974376999948,13.6460809359696,0
3462,494,"ALT600C05",53.45,19.45,"イヌガシ","EB",NA,NA,0,NA,NA,NA,2.4,NA,NA,NA,39.4889531675621,8.73652809054737,27.6134025429679,0
3463,494,"ALT600C05",53.45,19.45,"イヌガシ","EB",NA,NA,0,NA,NA,NA,2.2,NA,NA,NA,43.2434684483268,9.53075791696076,30.1237118650559,0
3464,3464,"ALT600C05",59.5,17.8,"アブラチャン","DB",NA,NA,0,NA,NA,NA,2.6,NA,NA,NA,0,0,0,0
3465,3465,"ALT600C05",56.35,12.95,"イヌガシ","EB",NA,NA,0,NA,NA,NA,3.5,NA,NA,NA,10.6465201371762,10.6465201371762,0,0
3466,3466,"ALT600C05",50.2,12.6,"イヌガシ","EB",NA,NA,0,NA,NA,NA,3.6,NA,NA,NA,0,0,0,0
3467,3467,"ALT600C05",52.95,14.15,"イヌガシ","EB",NA,NA,0,NA,NA,NA,2.3,NA,NA,NA,0,0,0,0
3468,3468,"ALT600C05",52.05,16.15,"ヤブニッケイ","EB",NA,NA,0,NA,NA,NA,2,NA,NA,NA,0,0,0,0
3469,2697,"ALT600D01",69.35,97.9,"アブラチャン","DB",NA,NA,0,NA,NA,NA,4.4,NA,NA,NA,0,0,0,0
3470,2697,"ALT600D01",69.35,97.9,"アブラチャン","DB",NA,NA,0,NA,NA,NA,4.3,NA,NA,NA,0,0,0,0
3471,395,"ALT600D01",68.8,96.2,"アブラチャン","DB",NA,NA,0,NA,NA,NA,3.4,NA,NA,NA,0,0,0,0
3472,395,"ALT600D01",68.8,96.2,"アブラチャン","DB",NA,NA,0,NA,NA,NA,4,NA,NA,NA,0,0,0,0
3473,395,"ALT600D01",68.8,96.2,"アブラチャン","DB",NA,NA,0,NA,NA,NA,3.6,NA,NA,NA,0,0,0,0
3474,389,"ALT600D01",62.25,87.15,"アブラチャン","DB",NA,NA,0,NA,NA,NA,4.2,NA,NA,NA,0,0,0,0
3475,389,"ALT600D01",62.25,87.15,"アブラチャン","DB",NA,NA,0,NA,NA,NA,3,NA,NA,NA,0,0,0,0
3476,389,"ALT600D01",62.25,87.15,"アブラチャン","DB",NA,NA,0,NA,NA,NA,2.8,NA,NA,NA,0,0,0,0
3477,389,"ALT600D01",62.25,87.15,"アブラチャン","DB",NA,NA,0,NA,NA,NA,2.6,NA,NA,NA,0,0,0,0
3478,389,"ALT600D01",62.25,87.15,"アブラチャン","DB",NA,NA,0,NA,NA,NA,2.6,NA,NA,NA,0,0,0,0
3479,390,"ALT600D01",69.2,88.45,"アブラチャン","DB",NA,NA,0,NA,NA,NA,4.3,NA,NA,NA,0,0,0,0
3480,390,"ALT600D01",69.2,88.45,"アブラチャン","DB",NA,NA,0,NA,NA,NA,2.8,NA,NA,NA,0,0,0,0
3481,390,"ALT600D01",69.2,88.45,"アブラチャン","DB",NA,NA,0,NA,NA,NA,3.9,NA,NA,NA,0,0,0,0
3482,390,"ALT600D01",69.2,88.45,"アブラチャン","DB",NA,NA,0,NA,NA,NA,2.3,NA,NA,NA,0,0,0,0
3483,2920,"ALT600D01",68.75,81,"アブラチャン","DB",NA,NA,0,NA,NA,NA,3.4,NA,NA,NA,0,0,0,0
3484,2920,"ALT600D01",68.75,81,"アブラチャン","DB",NA,NA,0,NA,NA,NA,2.6,NA,NA,NA,0,0,0,0
3485,2244,"ALT600D02",64,72.55,"アブラチャン","DB",NA,NA,0,NA,NA,NA,3.6,NA,NA,NA,0,0,0,0
3486,3486,"ALT600D02",63.4,67.75,"アカガシ","EB",NA,NA,0,NA,NA,NA,4.4,NA,NA,NA,0,0,0,0
3487,2696,"ALT600D02",60.95,68.7,"アカガシ","EB",NA,NA,0,NA,NA,NA,2.4,NA,NA,NA,0,0,0,0
3488,3488,"ALT600D02",67.95,63.9,"アブラチャン","DB",NA,NA,0,NA,NA,NA,2.6,NA,NA,NA,0,0,0,0
3489,2837,"ALT600D02",65.7,64.7,"ヤブニッケイ","EB",NA,NA,0,NA,NA,NA,2.3,NA,NA,NA,6.98430295769574,3.03665345986771,0,0
3490,2623,"ALT600D02",61.55,63.1,"イヌガシ","EB",NA,NA,0,NA,NA,NA,3.9,NA,NA,NA,0,0,0,0
3491,3491,"ALT600D03",63.35,58.85,"イヌガシ","EB",NA,NA,0,NA,NA,NA,3.6,NA,NA,NA,0,0,0,0
3492,3492,"ALT600D03",65.65,55.25,"イヌガシ","EB",NA,NA,0,NA,NA,NA,2.7,NA,NA,NA,0,0,0,0
3493,366,"ALT600D03",69.75,52.55,"イヌガシ","EB",NA,NA,0,NA,NA,NA,2.9,NA,NA,NA,0,0,0,0
3494,366,"ALT600D03",69.75,52.55,"イヌガシ","EB",NA,NA,0,NA,NA,NA,2.8,NA,NA,NA,0,0,0,0
3495,3495,"ALT600D03",66.05,52.3,"ヒサカキ","EB",NA,NA,0,NA,NA,NA,3.9,NA,NA,NA,29.5848993946126,29.5848993946126,0,0
3496,3496,"ALT600D03",62.35,50.15,"イヌガシ","EB",NA,NA,0,NA,NA,NA,4.1,NA,NA,NA,0,0,0,0
3497,3496,"ALT600D03",62.35,50.15,"イヌガシ","EB",NA,NA,0,NA,NA,NA,2.8,NA,NA,NA,0,0,0,0
3498,3498,"ALT600D03",61.2,50.8,"イヌガシ","EB",NA,NA,0,NA,NA,NA,3.6,NA,NA,NA,2.70370370370369,2.70370370370369,0,0
3499,364,"ALT600D03",60.6,49.05,"イヌガシ","EB",NA,NA,0,NA,NA,NA,2,NA,NA,NA,12.5547449843324,6.50986776965386,0,0
3500,3500,"ALT600D03",63.4,47.8,"イヌガシ","EB",NA,NA,0,NA,NA,NA,2.6,NA,NA,NA,22.0071505764892,0,22.0071505764892,0
3501,3501,"ALT600D03",68.7,46.6,"イヌガシ","EB",NA,NA,0,NA,NA,NA,2.6,NA,NA,NA,0,0,0,0
3502,3501,"ALT600D03",68.7,46.6,"イヌガシ","EB",NA,NA,0,NA,NA,NA,2.4,NA,NA,NA,0,0,0,0
3503,3503,"ALT600D03",69.75,46.55,"ヤブニッケイ","EB",NA,NA,0,NA,NA,NA,4.6,NA,NA,NA,1.87537015879912,1.87537015879912,0,0
3504,3504,"ALT600D03",64.85,43.45,"イヌガシ","EB",NA,NA,0,NA,NA,NA,3.8,NA,NA,NA,4.28853533885616,4.28853533885616,0,0
3505,358,"ALT600D03",65,41.15,"アオハダ","DB",NA,NA,0,NA,NA,NA,4,NA,NA,NA,4.18499572152578,2.9632888959872,0,0
3506,358,"ALT600D03",65,41.15,"アオハダ","DB",NA,NA,0,NA,NA,NA,2.4,NA,NA,NA,7.66815986242302,4.93881482664533,0,0
3507,358,"ALT600D03",65,41.15,"アオハダ","DB",NA,NA,0,NA,NA,NA,2.3,NA,NA,NA,8.04676466034663,5.1535459060647,0,0
3508,3508,"ALT600D03",62.85,42.5,"イヌガシ","EB",NA,NA,0,NA,NA,NA,3.8,NA,NA,NA,0,0,0,0
3509,3509,"ALT600D03",62.75,44.15,"イヌガシ","EB",NA,NA,0,NA,NA,NA,2,NA,NA,NA,0,0,0,0
3510,2247,"ALT600D04",60.5,32.8,"イヌガシ","EB",NA,NA,0,NA,NA,NA,3.1,NA,NA,NA,42.1333374200098,0,33.4030062428907,0
3511,2247,"ALT600D04",60.5,32.8,"イヌガシ","EB",NA,NA,0,NA,NA,NA,2.3,NA,NA,NA,57.4705543839722,0,45.0214431969396,0
3512,2247,"ALT600D04",60.5,32.8,"イヌガシ","EB",NA,NA,0,NA,NA,NA,2.4,NA,NA,NA,54.9942328949991,0,43.1455497304005,0
3513,2247,"ALT600D04",60.5,32.8,"イヌガシ","EB",NA,NA,0,NA,NA,NA,2.3,NA,NA,NA,57.4705543839722,0,45.0214431969396,0
3514,3514,"ALT600D04",69.3,26.75,"イヌガシ","EB",NA,NA,0,NA,NA,NA,2.2,NA,NA,NA,0,0,0,0
3515,3515,"ALT600D04",67,24.7,"イヌガシ","EB",NA,NA,0,NA,NA,NA,3.3,NA,NA,NA,0,0,0,0
3516,3516,"ALT600D04",65,23.45,"イヌガシ","EB",NA,NA,0,NA,NA,NA,3.3,NA,NA,NA,1.95234540961711,1.95234540961711,0,0
3517,3517,"ALT600D04",64.05,21.75,"イヌガシ","EB",NA,NA,0,NA,NA,NA,4.1,NA,NA,NA,0,0,0,0
3518,3518,"ALT600D04",62.15,23.05,"イヌガシ","EB",NA,NA,0,NA,NA,NA,2,NA,NA,NA,0,0,0,0
3519,3519,"ALT600D05",66.1,20,"イヌガシ","EB",NA,NA,0,NA,NA,NA,2.4,NA,NA,NA,0,0,0,0
3520,3521,"ALT600D01",70.65,90.45,"アブラチャン","DB",NA,NA,0,NA,NA,NA,3.9,NA,NA,NA,0,0,0,0
3521,3521,"ALT600D01",70.65,90.45,"アブラチャン","DB",NA,NA,0,NA,NA,NA,4.4,NA,NA,NA,0,0,0,0
3522,2631,"ALT600D01",71.55,94.05,"アブラチャン","DB",NA,NA,0,NA,NA,NA,2.7,NA,NA,NA,0,0,0,0
3523,3523,"ALT600D01",75.55,88.7,"アブラチャン","DB",NA,NA,0,NA,NA,NA,4,NA,NA,NA,0,0,0,0
3524,3523,"ALT600D01",75.55,88.7,"アブラチャン","DB",NA,NA,0,NA,NA,NA,3.3,NA,NA,NA,0,0,0,0
3525,211,"ALT600D01",79.1,86.9,"アブラチャン","DB",NA,NA,0,NA,NA,NA,2.2,NA,NA,NA,0,0,0,0
3526,211,"ALT600D01",79.1,86.9,"アブラチャン","DB",NA,NA,0,NA,NA,NA,2.3,NA,NA,NA,0,0,0,0
3527,216,"ALT600D01",79.35,81.4,"イヌガシ","EB",NA,NA,0,NA,NA,NA,2.1,NA,NA,NA,0,0,0,0
3528,3528,"ALT600D01",76.75,80.4,"イタヤカエデ","DB",NA,NA,0,NA,NA,NA,4.4,NA,NA,NA,0,0,0,0
3529,227,"ALT600D02",75.45,75.25,"アブラチャン","DB",NA,NA,0,NA,NA,NA,3,NA,NA,NA,0,0,0,0
3530,227,"ALT600D02",75.45,75.25,"アブラチャン","DB",NA,NA,0,NA,NA,NA,2.9,NA,NA,NA,0,0,0,0
3531,227,"ALT600D02",75.45,75.25,"アブラチャン","DB",NA,NA,0,NA,NA,NA,2.4,NA,NA,NA,0,0,0,0
3532,227,"ALT600D02",75.45,75.25,"アブラチャン","DB",NA,NA,0,NA,NA,NA,2.7,NA,NA,NA,0,0,0,0
3533,227,"ALT600D02",75.45,75.25,"アブラチャン","DB",NA,NA,0,NA,NA,NA,3.4,NA,NA,NA,0,0,0,0
3534,227,"ALT600D02",75.45,75.25,"アブラチャン","DB",NA,NA,0,NA,NA,NA,2,NA,NA,NA,0,0,0,0
3535,227,"ALT600D02",75.45,75.25,"アブラチャン","DB",NA,NA,0,NA,NA,NA,2,NA,NA,NA,0,0,0,0
3536,3536,"ALT600D02",78,77.1,"イヌガシ","EB",NA,NA,0,NA,NA,NA,4.5,NA,NA,NA,0,0,0,0
3537,234,"ALT600D02",76.75,73,"アブラチャン","DB",NA,NA,0,NA,NA,NA,2.7,NA,NA,NA,0,0,0,0
3538,234,"ALT600D02",76.75,73,"アブラチャン","DB",NA,NA,0,NA,NA,NA,2.5,NA,NA,NA,0,0,0,0
3539,3539,"ALT600D02",73.75,74.1,"イヌガシ","EB",NA,NA,0,NA,NA,NA,2.2,NA,NA,NA,0,0,0,0
3540,2835,"ALT600D02",70.6,75.6,"アブラチャン","DB",NA,NA,0,NA,NA,NA,2.6,NA,NA,NA,0,0,0,0
3541,3541,"ALT600D02",79.85,71.6,"イヌガシ","EB",NA,NA,0,NA,NA,NA,3.4,NA,NA,NA,0,0,0,0
3542,3542,"ALT600D02",75.35,66.1,"イヌガシ","EB",NA,NA,0,NA,NA,NA,3.4,NA,NA,NA,0,0,0,0
3543,3543,"ALT600D02",78.95,68.1,"シキミ","EB",NA,NA,0,NA,NA,NA,3.9,NA,NA,NA,0,0,0,0
3544,2633,"ALT600D02",78.35,66.25,"ヤブニッケイ","EB",NA,NA,0,NA,NA,NA,4,NA,NA,NA,0,0,0,0
3545,3545,"ALT600D02",77.5,61.9,"ヒサカキ","EB",NA,NA,0,NA,NA,NA,3.7,NA,NA,NA,0,0,0,0
3546,3546,"ALT600D02",75.85,63.2,"イヌガシ","EB",NA,NA,0,NA,NA,NA,4.2,NA,NA,NA,0,0,0,0
3547,3547,"ALT600D02",74.3,63.6,"イヌガシ","EB",NA,NA,0,NA,NA,NA,2.4,NA,NA,NA,3.95554164016357,3.95554164016357,0,0
3548,3548,"ALT600D02",73.85,64.3,"イヌガシ","EB",NA,NA,0,NA,NA,NA,4.3,NA,NA,NA,1.6767677250031,0.67070709000124,0,0
3549,3548,"ALT600D02",73.85,64.3,"イヌガシ","EB",NA,NA,0,NA,NA,NA,3.6,NA,NA,NA,2.2364665813583,0.801122357501482,0,0
3550,3550,"ALT600D02",70.95,62.35,"アカガシ","EB",NA,NA,0,NA,NA,NA,2.7,NA,NA,NA,11.1875467743111,11.1875467743111,0,0
3551,3551,"ALT600D02",70.1,62.75,"イヌガシ","EB",NA,NA,0,NA,NA,NA,3.2,NA,NA,NA,0.898165623508333,0.898165623508333,0,0
3552,3552,"ALT600D02",72.2,64.5,"イヌガシ","EB",NA,NA,0,NA,NA,NA,3.5,NA,NA,NA,0,0,0,0
3553,3553,"ALT600D03",79.45,58.85,"ヤブニッケイ","EB",NA,NA,0,NA,NA,NA,2.2,NA,NA,NA,0,0,0,0
3554,3554,"ALT600D03",76.65,45.2,"イヌガシ","EB",NA,NA,0,NA,NA,NA,3.4,NA,NA,NA,0,0,0,0
3555,258,"ALT600D03",74.35,44.25,"イヌガシ","EB",NA,NA,0,NA,NA,NA,4.2,NA,NA,NA,12.3779820216675,2.10425694368347,0,0
3556,258,"ALT600D03",74.35,44.25,"イヌガシ","EB",NA,NA,0,NA,NA,NA,3,NA,NA,NA,17.7450750262625,2.94595972115686,0,0
3557,258,"ALT600D03",74.35,44.25,"イヌガシ","EB",NA,NA,0,NA,NA,NA,2.4,NA,NA,NA,22.4412814052832,3.68244965144608,0,0
3558,3558,"ALT600D04",70.55,38.65,"ウラジロガシ","EB",NA,NA,0,NA,NA,NA,4.5,NA,NA,NA,0,0,0,0
3559,3559,"ALT600D04",75.8,37.65,"イヌガシ","EB",NA,NA,0,NA,NA,NA,2.2,NA,NA,NA,1.57541152960212,1.57541152960212,0,0
3560,3560,"ALT600D04",76.2,36.85,"イヌガシ","EB",NA,NA,0,NA,NA,NA,3.1,NA,NA,NA,0.793443475887022,0.793443475887022,0,0
3561,266,"ALT600D04",76.1,35.7,"イヌガシ","EB",NA,NA,0,NA,NA,NA,2.1,NA,NA,NA,0,0,0,0
3562,273,"ALT600D04",79.55,33.4,"ヤブニッケイ","EB",NA,NA,0,NA,NA,NA,3.4,NA,NA,NA,9.02940124964917,5.84637490984478,0,0
3563,3563,"ALT600D04",78.6,32.9,"イヌガシ","EB",NA,NA,0,NA,NA,NA,3.2,NA,NA,NA,0,0,0,0
3564,3564,"ALT600D04",73.7,32.05,"イヌガシ","EB",NA,NA,0,NA,NA,NA,2.4,NA,NA,NA,1.55238502828602,1.55238502828602,0,0
3565,3565,"ALT600D04",73.3,31.2,"イヌガシ","EB",NA,NA,0,NA,NA,NA,3.5,NA,NA,NA,0.729937776565507,0.729937776565507,0,0
3566,3566,"ALT600D04",73.45,30.05,"イヌガシ","EB",NA,NA,0,NA,NA,NA,2.1,NA,NA,NA,1.89311187556879,1.89311187556879,0,0
3567,3567,"ALT600D04",71.65,30.9,"ヤブニッケイ","EB",NA,NA,0,NA,NA,NA,2.8,NA,NA,NA,0,0,0,0
3568,3568,"ALT600D04",70.65,30.65,"イヌガシ","EB",NA,NA,0,NA,NA,NA,2.8,NA,NA,NA,0,0,0,0
3569,3569,"ALT600D04",71.65,32.45,"イヌガシ","EB",NA,NA,0,NA,NA,NA,2,NA,NA,NA,4.66690475583121,4.66690475583121,0,0
3571,3571,"ALT600D04",74.4,35.85,"イヌガシ","EB",NA,NA,0,NA,NA,NA,2.4,NA,NA,NA,0,0,0,0
3572,3572,"ALT600D04",74.05,27.85,"イヌガシ","EB",NA,NA,0,NA,NA,NA,2.4,NA,NA,NA,0,0,0,0
3573,3573,"ALT600D04",76.8,28.65,"イヌガシ","EB",NA,NA,0,NA,NA,NA,3.1,NA,NA,NA,0,0,0,0
3574,3574,"ALT600D04",77.35,26,"イヌガシ","EB",NA,NA,0,NA,NA,NA,3.3,NA,NA,NA,0,0,0,0
3575,3575,"ALT600D04",70.55,24.7,"イヌガシ","EB",NA,NA,0,NA,NA,NA,3,NA,NA,NA,0,0,0,0
3576,3575,"ALT600D04",70.55,24.7,"イヌガシ","EB",NA,NA,0,NA,NA,NA,2.9,NA,NA,NA,0,0,0,0
3577,3577,"ALT600D04",72.55,29.95,"イヌガシ","EB",NA,NA,0,NA,NA,NA,3.6,NA,NA,NA,0.644183902103267,0.644183902103267,0,0
3578,3578,"ALT600D05",70.5,19.2,"イヌガシ","EB",NA,NA,0,NA,NA,NA,3.9,NA,NA,NA,0,0,0,0
3579,289,"ALT600D05",77.4,16.9,"イヌガシ","EB",NA,NA,0,NA,NA,NA,3.6,NA,NA,NA,0,0,0,0
3580,297,"ALT600D05",79.2,14.65,"イヌガシ","EB",NA,NA,0,NA,NA,NA,2.8,NA,NA,NA,0,0,0,0
3581,303,"ALT600D05",72.4,7.5,"アブラチャン","DB",NA,NA,0,NA,NA,NA,3.4,NA,NA,NA,0,0,0,0
3582,303,"ALT600D05",72.4,7.5,"アブラチャン","DB",NA,NA,0,NA,NA,NA,3.3,NA,NA,NA,0,0,0,0
3583,303,"ALT600D05",72.4,7.5,"アブラチャン","DB",NA,NA,0,NA,NA,NA,3.3,NA,NA,NA,0,0,0,0
3584,303,"ALT600D05",72.4,7.5,"アブラチャン","DB",NA,NA,0,NA,NA,NA,2.6,NA,NA,NA,0,0,0,0
3585,303,"ALT600D05",72.4,7.5,"アブラチャン","DB",NA,NA,0,NA,NA,NA,2.9,NA,NA,NA,0,0,0,0
3586,303,"ALT600D05",72.4,7.5,"アブラチャン","DB",NA,NA,0,NA,NA,NA,2.7,NA,NA,NA,0,0,0,0
3587,3587,"ALT600D05",78.15,5.15,"ケヤキ","DB",NA,NA,0,NA,NA,NA,4.5,NA,NA,NA,0,0,0,0
3588,3588,"ALT600D05",79.45,1.15,"カマツカ","DB",NA,NA,0,NA,NA,NA,3.9,NA,NA,NA,0,0,0,0
3589,194,"ALT600E01",84.7,86.25,"イヌガシ","EB",NA,NA,0,NA,NA,NA,3.2,NA,NA,NA,0,0,0,0
3590,3590,"ALT600E01",86.9,88.9,"カマツカ","DB",NA,NA,0,NA,NA,NA,4,NA,NA,NA,0,0,0,0
3591,3591,"ALT600E01",89.05,80.2,"イヌガシ","EB",NA,NA,0,NA,NA,NA,2.1,NA,NA,NA,0,0,0,0
3592,2641,"ALT600E01",80.85,85.45,"アブラチャン","DB",NA,NA,0,NA,NA,NA,4,NA,NA,NA,0,0,0,0
3593,2641,"ALT600E01",80.85,85.45,"アブラチャン","DB",NA,NA,0,NA,NA,NA,2.7,NA,NA,NA,0,0,0,0
3594,3594,"ALT600E02",86.45,75.55,"イヌガシ","EB",NA,NA,0,NA,NA,NA,3.9,NA,NA,NA,3.59106128502458,3.59106128502458,0,0
3595,3595,"ALT600E02",86.4,75.15,"イヌガシ","EB",NA,NA,0,NA,NA,NA,3.4,NA,NA,NA,5.27085898505703,5.27085898505703,0,0
3596,3596,"ALT600E02",86.8,75.05,"イヌガシ","EB",NA,NA,0,NA,NA,NA,3.4,NA,NA,NA,4.30477065626,4.30477065626,0,0
3597,3597,"ALT600E02",89.35,75.65,"オオモミジ","DB",NA,NA,0,NA,NA,NA,2.7,NA,NA,NA,4.57964299839398,4.57964299839398,0,0
3598,3598,"ALT600E02",88.55,73.7,"イヌガシ","EB",NA,NA,0,NA,NA,NA,2.8,NA,NA,NA,0,0,0,0
3599,186,"ALT600E02",85,71.35,"アカガシ","EB",NA,NA,0,NA,NA,NA,2.2,NA,NA,NA,47.0031650068493,0,41.1744736387503,0
3600,2842,"ALT600E02",86.05,73.35,"ヤブニッケイ","EB",NA,NA,0,NA,NA,NA,3.6,NA,NA,NA,11.5862014879286,9.12021667834829,0,0
3601,189,"ALT600E02",80.85,73.25,"アブラチャン","DB",NA,NA,0,NA,NA,NA,2.7,NA,NA,NA,0,0,0,0
3602,189,"ALT600E02",80.85,73.25,"アブラチャン","DB",NA,NA,0,NA,NA,NA,2.7,NA,NA,NA,0,0,0,0
3603,189,"ALT600E02",80.85,73.25,"アブラチャン","DB",NA,NA,0,NA,NA,NA,2.1,NA,NA,NA,0,0,0,0
3604,189,"ALT600E02",80.85,73.25,"アブラチャン","DB",NA,NA,0,NA,NA,NA,2.9,NA,NA,NA,0,0,0,0
3605,3605,"ALT600E02",87.2,66.85,"イヌガシ","EB",NA,NA,0,NA,NA,NA,2.5,NA,NA,NA,1.7431510742491,1.7431510742491,0,0
3606,3606,"ALT600E02",87.65,66.05,"シキミ","EB",NA,NA,0,NA,NA,NA,4,NA,NA,NA,4.48475567225285,4.48475567225285,0,0
3607,3607,"ALT600E02",88.65,63.1,"イヌガシ","EB",NA,NA,0,NA,NA,NA,4.1,NA,NA,NA,0,0,0,0
3608,3608,"ALT600E02",87.1,62.75,"アカガシ","EB",NA,NA,0,NA,NA,NA,2,NA,NA,NA,1.83412104289767,1.83412104289767,0,0
3609,3609,"ALT600E02",86.45,63.2,"イヌガシ","EB",NA,NA,0,NA,NA,NA,2.9,NA,NA,NA,0.87235245797749,0.87235245797749,0,0
3610,3610,"ALT600E02",85.4,60.65,"イヌガシ","EB",NA,NA,0,NA,NA,NA,3.2,NA,NA,NA,0,0,0,0
3611,3611,"ALT600E02",85.65,62.1,"イヌガシ","EB",NA,NA,0,NA,NA,NA,3.6,NA,NA,NA,0,0,0,0
3612,3612,"ALT600E02",83.8,60.4,"イヌガシ","EB",NA,NA,0,NA,NA,NA,4.3,NA,NA,NA,3.16949378985133,3.16949378985133,0,0
3613,3613,"ALT600E02",82.55,61.15,"イヌガシ","EB",NA,NA,0,NA,NA,NA,3.7,NA,NA,NA,19.1463425370447,19.1463425370447,0,0
3614,169,"ALT600E02",81.65,61.5,"イヌガシ","EB",NA,NA,0,NA,NA,NA,3.1,NA,NA,NA,9.19066670106844,7.20829073036626,0,0
3615,3615,"ALT600E02",80.95,60.4,"イヌガシ","EB",NA,NA,0,NA,NA,NA,2.9,NA,NA,NA,2.18054559895435,2.18054559895435,0,0
3616,3616,"ALT600E03",89.7,59.9,"イヌガシ","EB",NA,NA,0,NA,NA,NA,4.3,NA,NA,NA,0,0,0,0
3617,3617,"ALT600E03",86.5,59.6,"イヌガシ","EB",NA,NA,0,NA,NA,NA,3.2,NA,NA,NA,1.97551671326863,1.97551671326863,0,0
3619,3619,"ALT600E03",85.25,58.8,"イヌガシ","EB",NA,NA,0,NA,NA,NA,2,NA,NA,NA,1.66251598213759,1.66251598213759,0,0
3620,3620,"ALT600E03",86,59.45,"イヌガシ","EB",NA,NA,0,NA,NA,NA,3.3,NA,NA,NA,2.46826033722875,2.46826033722875,0,0
3621,152,"ALT600E03",87.15,51,"イヌガシ","EB",NA,NA,0,NA,NA,NA,2.9,NA,NA,NA,0,0,0,0
3622,3622,"ALT600E03",85.65,50.5,"イヌガシ","EB",NA,NA,0,NA,NA,NA,3.1,NA,NA,NA,0,0,0,0
3623,154,"ALT600E03",83.3,50.6,"イヌガシ","EB",NA,NA,0,NA,NA,NA,4.1,NA,NA,NA,0,0,0,0
3624,154,"ALT600E03",83.3,50.6,"イヌガシ","EB",NA,NA,0,NA,NA,NA,2.2,NA,NA,NA,0,0,0,0
3625,154,"ALT600E03",83.3,50.6,"イヌガシ","EB",NA,NA,0,NA,NA,NA,2.4,NA,NA,NA,0,0,0,0
3626,3626,"ALT600E03",80.15,53.45,"イヌガシ","EB",NA,NA,0,NA,NA,NA,2,NA,NA,NA,0,0,0,0
3627,3627,"ALT600E03",83.1,54.85,"イヌガシ","EB",NA,NA,0,NA,NA,NA,2.1,NA,NA,NA,0,0,0,0
3628,3628,"ALT600E03",81.9,55.05,"イヌガシ","EB",NA,NA,0,NA,NA,NA,4.5,NA,NA,NA,0,0,0,0
3629,3629,"ALT600E03",85.65,44.7,"ヤブニッケイ","EB",NA,NA,0,NA,NA,NA,3.4,NA,NA,NA,0,0,0,0
3630,3630,"ALT600E03",85.75,48.9,"イヌガシ","EB",NA,NA,0,NA,NA,NA,2.7,NA,NA,NA,0,0,0,0
3631,3631,"ALT600E03",86.7,49.35,"イヌガシ","EB",NA,NA,0,NA,NA,NA,3.3,NA,NA,NA,0,0,0,0
3632,3632,"ALT600E03",87.85,48,"イヌガシ","EB",NA,NA,0,NA,NA,NA,3,NA,NA,NA,0,0,0,0
3633,3633,"ALT600E03",88.85,43.65,"イヌガシ","EB",NA,NA,0,NA,NA,NA,2.6,NA,NA,NA,0,0,0,0
3634,3634,"ALT600E03",85.75,40.15,"イヌガシ","EB",NA,NA,0,NA,NA,NA,4.3,NA,NA,NA,0,0,0,0
3635,3635,"ALT600E03",81.1,46.1,"イヌガシ","EB",NA,NA,0,NA,NA,NA,2.6,NA,NA,NA,0,0,0,0
3636,3636,"ALT600E03",85,43.7,"イヌガシ","EB",NA,NA,0,NA,NA,NA,3.1,NA,NA,NA,0,0,0,0
3638,134,"ALT600E04",82.15,37.4,"イヌガシ","EB",NA,NA,0,NA,NA,NA,2.8,NA,NA,NA,0,0,0,0
3639,134,"ALT600E04",82.15,37.4,"イヌガシ","EB",NA,NA,0,NA,NA,NA,2.4,NA,NA,NA,0,0,0,0
3640,3640,"ALT600E04",85.35,36,"イヌガシ","EB",NA,NA,0,NA,NA,NA,3.2,NA,NA,NA,17.5828794099916,17.5828794099916,0,0
3641,3641,"ALT600E04",89.4,38.4,"イヌガシ","EB",NA,NA,0,NA,NA,NA,3,NA,NA,NA,0,0,0,0
3642,128,"ALT600E04",85.35,33.9,"イヌガシ","EB",NA,NA,0,NA,NA,NA,2.1,NA,NA,NA,0,0,0,0
3643,2293,"ALT600E04",81,29.65,"イヌガシ","EB",NA,NA,0,NA,NA,NA,3.2,NA,NA,NA,4.0914116978775,2.61003849692186,0,0
3644,3644,"ALT600E04",81.85,29.4,"イヌガシ","EB",NA,NA,0,NA,NA,NA,4.2,NA,NA,NA,2.84853622315281,2.84853622315281,0,0
3645,2936,"ALT600E04",84.2,28.95,"イヌガシ","EB",NA,NA,0,NA,NA,NA,2,NA,NA,NA,38.6491949977307,0,34.5939261435791,0
3646,124,"ALT600E04",89.65,29.35,"ウラジロガシ","EB",NA,NA,0,NA,NA,NA,4.3,NA,NA,NA,19.5123705016352,16.0766087041092,0,0
3647,124,"ALT600E04",89.65,29.35,"ウラジロガシ","EB",NA,NA,0,NA,NA,NA,2.6,NA,NA,NA,33.0383622705313,26.5882374721805,0,0
3648,3648,"ALT600E04",89.6,28.5,"イヌガシ","EB",NA,NA,0,NA,NA,NA,3,NA,NA,NA,26.3146237787094,26.3146237787094,0,0
3649,3649,"ALT600E04",88.05,21.6,"シキミ","EB",NA,NA,0,NA,NA,NA,4.2,NA,NA,NA,13.4687005940296,13.4687005940296,0,0
3650,3650,"ALT600E04",82.55,21.45,"ヤブニッケイ","EB",NA,NA,0,NA,NA,NA,2.6,NA,NA,NA,0,0,0,0
3651,103,"ALT600E05",84,16.3,"イヌガシ","EB",NA,NA,0,NA,NA,NA,3,NA,NA,NA,0,0,0,0
3652,103,"ALT600E05",84,16.3,"イヌガシ","EB",NA,NA,0,NA,NA,NA,2.8,NA,NA,NA,0,0,0,0
3653,91,"ALT600E05",89.45,12.5,"アブラチャン","DB",NA,NA,0,NA,NA,NA,2.7,NA,NA,NA,46.1728395061711,0,18.024691358024,0
3654,91,"ALT600E05",89.45,12.5,"アブラチャン","DB",NA,NA,0,NA,NA,NA,2.6,NA,NA,NA,48.2051282051264,0,18.717948717948,0
3655,91,"ALT600E05",89.45,12.5,"アブラチャン","DB",NA,NA,0,NA,NA,NA,2.6,NA,NA,NA,48.2051282051264,0,18.717948717948,0
3656,91,"ALT600E05",89.45,12.5,"アブラチャン","DB",NA,NA,0,NA,NA,NA,2.2,NA,NA,NA,58.181818181816,0,22.1212121212113,0
3657,91,"ALT600E05",89.45,12.5,"アブラチャン","DB",NA,NA,0,NA,NA,NA,2,NA,NA,NA,64.6666666666642,0,24.3333333333324,0
3658,91,"ALT600E05",89.45,12.5,"アブラチャン","DB",NA,NA,0,NA,NA,NA,2,NA,NA,NA,64.6666666666642,0,24.3333333333324,0
3659,3659,"ALT600E01",95.15,95.35,"アブラチャン","DB",NA,NA,0,NA,NA,NA,4.6,NA,NA,NA,0,0,0,0
3662,3662,"ALT600E01",96.45,85.25,"イヌガシ","EB",NA,NA,0,NA,NA,NA,3,NA,NA,NA,0,0,0,0
3663,3662,"ALT600E01",96.45,85.25,"イヌガシ","EB",NA,NA,0,NA,NA,NA,2.7,NA,NA,NA,0,0,0,0
3664,3664,"ALT600E02",96.05,78.7,"イヌガシ","EB",NA,NA,0,NA,NA,NA,4.5,NA,NA,NA,0,0,0,0
3665,3664,"ALT600E02",96.05,78.7,"イヌガシ","EB",NA,NA,0,NA,NA,NA,2.5,NA,NA,NA,0,0,0,0
3666,3666,"ALT600E02",97.55,70.15,"イヌガシ","EB",NA,NA,0,NA,NA,NA,2.3,NA,NA,NA,0,0,0,0
3667,3667,"ALT600E02",94.75,70.4,"カジカエデ","DB",NA,NA,0,NA,NA,NA,2,NA,NA,NA,0,0,0,0
3668,3668,"ALT600E02",92.55,70.65,"アブラチャン","DB",NA,NA,0,NA,NA,NA,2.8,NA,NA,NA,0,0,0,0
3669,3669,"ALT600E02",91.4,72.25,"イヌガシ","EB",NA,NA,0,NA,NA,NA,3.1,NA,NA,NA,0,0,0,0
3670,3669,"ALT600E02",91.4,72.25,"イヌガシ","EB",NA,NA,0,NA,NA,NA,2.8,NA,NA,NA,0,0,0,0
3671,3669,"ALT600E02",91.4,72.25,"イヌガシ","EB",NA,NA,0,NA,NA,NA,2.5,NA,NA,NA,0,0,0,0
3672,3669,"ALT600E02",91.4,72.25,"イヌガシ","EB",NA,NA,0,NA,NA,NA,2,NA,NA,NA,0,0,0,0
3673,3673,"ALT600E02",93.15,72.9,"アカガシ","EB",NA,NA,0,NA,NA,NA,2.3,NA,NA,NA,0,0,0,0
3674,3674,"ALT600E02",90.95,63.25,"イヌガシ","EB",NA,NA,0,NA,NA,NA,2.6,NA,NA,NA,11.3926886455489,0,11.3926886455489,0
3675,3675,"ALT600E02",91.6,68.65,"アカガシ","EB",NA,NA,0,NA,NA,NA,2.2,NA,NA,NA,0,0,0,0
3676,3676,"ALT600E02",90.6,66.55,"アブラチャン","DB",NA,NA,0,NA,NA,NA,3.6,NA,NA,NA,0,0,0,0
3677,3676,"ALT600E02",90.6,66.55,"アブラチャン","DB",NA,NA,0,NA,NA,NA,3.6,NA,NA,NA,0,0,0,0
3678,3678,"ALT600E02",92.55,61.45,"ヒサカキ","EB",NA,NA,0,NA,NA,NA,3.3,NA,NA,NA,0,0,0,0
3679,3678,"ALT600E02",92.55,61.45,"ヒサカキ","EB",NA,NA,0,NA,NA,NA,2.2,NA,NA,NA,0,0,0,0
3680,2652,"ALT600E02",97.45,60.3,"イヌガシ","EB",NA,NA,0,NA,NA,NA,2.2,NA,NA,NA,0,0,0,0
3681,2652,"ALT600E02",97.45,60.3,"イヌガシ","EB",NA,NA,0,NA,NA,NA,2.1,NA,NA,NA,0,0,0,0
3682,19,"ALT600E02",96.45,64,"ウラジロガシ","EB",NA,NA,0,NA,NA,NA,2.8,NA,NA,NA,0,0,0,0
3683,2203,"ALT600E02",96.05,69,"アカガシ","EB",NA,NA,0,NA,NA,NA,3.9,NA,NA,NA,0,0,0,0
3684,2203,"ALT600E02",96.05,69,"アカガシ","EB",NA,NA,0,NA,NA,NA,3.3,NA,NA,NA,0,0,0,0
3685,2203,"ALT600E02",96.05,69,"アカガシ","EB",NA,NA,0,NA,NA,NA,2,NA,NA,NA,0,0,0,0
3686,3686,"ALT600E02",98.95,69.3,"イヌガシ","EB",NA,NA,0,NA,NA,NA,2.3,NA,NA,NA,0,0,0,0
3687,32,"ALT600E03",90.15,56.85,"イヌガシ","EB",NA,NA,0,NA,NA,NA,2.9,NA,NA,NA,0,0,0,0
3688,32,"ALT600E03",90.15,56.85,"イヌガシ","EB",NA,NA,0,NA,NA,NA,2.8,NA,NA,NA,0,0,0,0
3689,3689,"ALT600E03",92.25,57.55,"イヌガシ","EB",NA,NA,0,NA,NA,NA,2.1,NA,NA,NA,0,0,0,0
3690,2944,"ALT600E03",94.45,56.85,"イヌガシ","EB",NA,NA,0,NA,NA,NA,4,NA,NA,NA,0,0,0,0
3691,2944,"ALT600E03",94.45,56.85,"イヌガシ","EB",NA,NA,0,NA,NA,NA,3,NA,NA,NA,0,0,0,0
3692,2944,"ALT600E03",94.45,56.85,"イヌガシ","EB",NA,NA,0,NA,NA,NA,2.3,NA,NA,NA,0,0,0,0
3693,2945,"ALT600E03",95.45,56.9,"イヌガシ","EB",NA,NA,0,NA,NA,NA,2.3,NA,NA,NA,0,0,0,0
3694,3694,"ALT600E03",96.85,56,"イヌガシ","EB",NA,NA,0,NA,NA,NA,3,NA,NA,NA,0,0,0,0
3695,3694,"ALT600E03",96.85,56,"イヌガシ","EB",NA,NA,0,NA,NA,NA,2.2,NA,NA,NA,0,0,0,0
3696,2946,"ALT600E03",97.5,57.95,"イヌガシ","EB",NA,NA,0,NA,NA,NA,2.2,NA,NA,NA,0,0,0,0
3697,28,"ALT600E03",98.95,56.5,"ヤブニッケイ","EB",NA,NA,0,NA,NA,NA,2.2,NA,NA,NA,79.3129238022265,75.3824057607765,0,0
3698,28,"ALT600E03",98.95,56.5,"ヤブニッケイ","EB",NA,NA,0,NA,NA,NA,2.7,NA,NA,NA,64.2900277423975,61.4227009902623,0,0
3699,27,"ALT600E03",99.5,56.45,"アカガシ","EB",NA,NA,0,NA,NA,NA,3.2,NA,NA,NA,55.233388656941,53.7055979424735,0,0
3700,3700,"ALT600E03",96.7,50.8,"イヌガシ","EB",NA,NA,0,NA,NA,NA,2.4,NA,NA,NA,0,0,0,0
3701,3700,"ALT600E03",96.7,50.8,"イヌガシ","EB",NA,NA,0,NA,NA,NA,2.2,NA,NA,NA,0,0,0,0
3702,3700,"ALT600E03",96.7,50.8,"イヌガシ","EB",NA,NA,0,NA,NA,NA,2,NA,NA,NA,0,0,0,0
3703,2850,"ALT600E03",93.35,51.85,"イヌガシ","EB",NA,NA,0,NA,NA,NA,2.9,NA,NA,NA,6.79231572537675,3.85131304016208,0,0
3704,3704,"ALT600E03",92.9,51.65,"シキミ","EB",NA,NA,0,NA,NA,NA,4.2,NA,NA,NA,4.06138466053455,4.06138466053455,0,0
3705,3705,"ALT600E03",94.15,53.5,"イヌガシ","EB",NA,NA,0,NA,NA,NA,4.1,NA,NA,NA,9.36504659363479,6.61373347008107,0,0
3706,3705,"ALT600E03",94.15,53.5,"イヌガシ","EB",NA,NA,0,NA,NA,NA,2.8,NA,NA,NA,14.7202810662662,9.684395438333,0,0
3707,3705,"ALT600E03",94.15,53.5,"イヌガシ","EB",NA,NA,0,NA,NA,NA,2.4,NA,NA,NA,17.5352120070083,11.2984613447218,0,0
3708,3708,"ALT600E03",92.45,54.35,"アカガシ","EB",NA,NA,0,NA,NA,NA,4,NA,NA,NA,6.2909832767409,6.2909832767409,0,0
3709,3709,"ALT600E03",90.65,52.85,"イヌガシ","EB",NA,NA,0,NA,NA,NA,2.3,NA,NA,NA,0,0,0,0
3710,2849,"ALT600E03",91.45,54.5,"イヌガシ","EB",NA,NA,0,NA,NA,NA,2.4,NA,NA,NA,9.01249133147994,6.11373680965891,0,0
3711,2853,"ALT600E03",91.5,48.55,"イヌガシ","EB",NA,NA,0,NA,NA,NA,4.2,NA,NA,NA,31.8294783653861,28.6157608934782,0,0
3712,2853,"ALT600E03",91.5,48.55,"イヌガシ","EB",NA,NA,0,NA,NA,NA,2.9,NA,NA,NA,46.7415518438027,41.4435157767615,0,0
3713,2853,"ALT600E03",91.5,48.55,"イヌガシ","EB",NA,NA,0,NA,NA,NA,3.6,NA,NA,NA,37.3737108124897,33.3850543757246,0,0
3714,40,"ALT600E03",92.15,48.3,"アカガシ","EB",NA,NA,0,NA,NA,NA,2.9,NA,NA,NA,46.7415518438027,43.5231187189646,0,0
3715,3715,"ALT600E03",90.35,42.9,"ヤブニッケイ","EB",NA,NA,0,NA,NA,NA,2.8,NA,NA,NA,0,0,0,0
3716,3716,"ALT600E03",95.25,45.75,"シキミ","EB",NA,NA,0,NA,NA,NA,4.5,NA,NA,NA,7.54247233265693,7.54247233265693,0,0
3717,3717,"ALT600E03",95.2,45.8,"イヌガシ","EB",NA,NA,0,NA,NA,NA,2.4,NA,NA,NA,26.516504294497,26.516504294497,0,0
3718,3718,"ALT600E03",96.55,45.8,"イヌガシ","EB",NA,NA,0,NA,NA,NA,4,NA,NA,NA,1.03067700176496,1.03067700176496,0,0
3719,3719,"ALT600E03",97.75,45.95,"シロダモ","EB",NA,NA,0,NA,NA,NA,3.4,NA,NA,NA,0,0,0,0
3720,2654,"ALT600E03",99.7,42.75,"イヌガシ","EB",NA,NA,0,NA,NA,NA,2.2,NA,NA,NA,57.6670070279207,45.2669936981493,0,0
3721,3721,"ALT600E03",97.25,49.4,"イヌガシ","EB",NA,NA,0,NA,NA,NA,2.7,NA,NA,NA,0,0,0,0
3722,3722,"ALT600E03",98.95,49.5,"ヤブニッケイ","EB",NA,NA,0,NA,NA,NA,2.4,NA,NA,NA,4.08575281537883,4.08575281537883,0,0
3723,3723,"ALT600E03",96.75,46.65,"シキミ","EB",NA,NA,0,NA,NA,NA,3.6,NA,NA,NA,1.2724407429197,1.2724407429197,0,0
3724,3724,"ALT600E03",92.7,44.7,"イヌガシ","EB",NA,NA,0,NA,NA,NA,2.8,NA,NA,NA,0,0,0,0
3725,3725,"ALT600E04",93.9,39.7,"イヌガシ","EB",NA,NA,0,NA,NA,NA,4.6,NA,NA,NA,8.15978101793582,0,8.15978101793582,0
3726,3726,"ALT600E04",97.65,38,"イヌガシ","EB",NA,NA,0,NA,NA,NA,4.3,NA,NA,NA,0,0,0,0
3727,2658,"ALT600E04",96.7,35.35,"イヌガシ","EB",NA,NA,0,NA,NA,NA,2.3,NA,NA,NA,8.49057695804272,3.69437318021706,0,0
3728,2658,"ALT600E04",96.7,35.35,"イヌガシ","EB",NA,NA,0,NA,NA,NA,2.2,NA,NA,NA,8.9442719099992,3.86229923386329,0,0
3729,3729,"ALT600E04",96.05,34.3,"イヌガシ","EB",NA,NA,0,NA,NA,NA,2.3,NA,NA,NA,0,0,0,0
3730,3730,"ALT600E04",96.55,33.15,"イヌガシ","EB",NA,NA,0,NA,NA,NA,2.7,NA,NA,NA,0,0,0,0
3731,3731,"ALT600E04",99.9,32.05,"イヌガシ","EB",NA,NA,0,NA,NA,NA,3.5,NA,NA,NA,0,0,0,0
3732,3732,"ALT600E04",90.05,29.2,"イヌガシ","EB",NA,NA,0,NA,NA,NA,4,NA,NA,NA,36.1306479582251,36.1306479582251,0,0
3733,3733,"ALT600E04",90.1,28.1,"ヤブニッケイ","EB",NA,NA,0,NA,NA,NA,2.2,NA,NA,NA,2.1296422075719,2.1296422075719,0,0
3734,70,"ALT600E04",94.35,27.8,"イヌガシ","EB",NA,NA,0,NA,NA,NA,2.2,NA,NA,NA,0,0,0,0
3735,3735,"ALT600E04",91.5,23.35,"イヌガシ","EB",NA,NA,0,NA,NA,NA,2.3,NA,NA,NA,0,0,0,0
3736,3736,"ALT600E04",93.95,23.85,"ウラジロガシ","EB",NA,NA,0,NA,NA,NA,2.1,NA,NA,NA,0,0,0,0
3737,81,"ALT600E05",97.25,8.8,"アブラチャン","DB",NA,NA,0,NA,NA,NA,3.8,NA,NA,NA,0,0,0,0
3738,81,"ALT600E05",97.25,8.8,"アブラチャン","DB",NA,NA,0,NA,NA,NA,3.1,NA,NA,NA,0,0,0,0
3739,81,"ALT600E05",97.25,8.8,"アブラチャン","DB",NA,NA,0,NA,NA,NA,2.4,NA,NA,NA,0,0,0,0
3740,81,"ALT600E05",97.25,8.8,"アブラチャン","DB",NA,NA,0,NA,NA,NA,2.1,NA,NA,NA,0,0,0,0
1051,1051,"ALT600A01",7.15,90.5,"シキミ","EB",0,0,0,7.4,7.9,8.3,8.8,0.911956427758088,1.30765518525703,2.1577792402237,0,0,0,0
1052,1052,"ALT600A01",6.5,91.55,"ヒメシャラ","DB",0,0,0,13.4,13.9,14.4,15.2,0.663372215238763,0.732682663595608,1.78813175431169,0,0,0,0
1053,1053,"ALT600A01",5.5,91.75,"ケヤキ","DB",0,0,0,40,40.4,40.6,40.7,0.091308622813753,0.199006617063362,0.147966149628899,0,0,0,0
1055,1055,"ALT600A01",5.1,94.65,"タンナサワフタギ","DB",0,0,0,5.9,5.9,6,7.2,1.04804565847545,0,3.98257350220671,0,0,0,0
1040,1040,"ALT600A01",9.6,83.15,"イヌガシ","EB",0,0,0,7.3,8.5,8.8,8.9,1.04303646623026,3.04383630683851,0.919702264836469,0,0,0,0
1041,1041,"ALT600A01",4.8,81.85,"アカガシ","EB",0,0,0,9.9,12.1,13,13.4,1.59326289377011,4.01341390924302,2.04098508708341,0,0,0,0
1042,1042,"ALT600A01",3.85,80.75,"イヌガシ","EB",0,0,0,9.2,10.9,12,12.9,1.77907277532964,3.39118610360207,3.36929044265057,0,0,0,0
1043,1043,"ALT600A01",0.7,82.65,"アカガシ","EB",0,0,0,13.3,15.8,16.7,17.2,1.35339657153526,3.44491809610426,1.69798887572972,0,0,0,0
1044,1044,"ALT600A01",0.5,85,"イヌガシ","EB",0,0,0,6,7.4,8.5,9.3,2.30660489963766,4.19441061964138,4.57068799898172,0.674602915775473,0.674602915775473,0,0
1046,1046,"ALT600A01",3.25,88.5,"カジカエデ","DB",0,0,0,25.3,25.8,26.5,28.1,0.552448318980134,0.391401923881946,1.70790168824257,0,0,0,0
1047,1047,"ALT600A01",5.55,86.75,"ケヤキ","DB",0,0,0,67.6,69.5,70.2,71.7,0.309909287140297,0.554375390436562,0.623279900696566,0,0,0,0
1049,1049,"ALT600A01",6.45,85.4,"イヌガシ","EB",0,0,0,11.3,12.6,13.1,13.5,0.936247156453099,2.17788176478275,1.37985742973903,0,0,0,0
1050,1050,"ALT600A01",7.55,85.6,"オオモミジ","DB",0,0,0,12.5,13.3,14,14.9,0.924381940227147,1.24070781838905,2.27194355447411,0,0,0,0
2686,2686,"ALT600A01",0.4,80.9,"イヌガシ","EB",NA,0,0,NA,4.9,6.3,6.2,NA,NA,4.7062817386893,0,0,0,0
2688,2688,"ALT600A02",0.15,78.1,"イヌガシ","EB",NA,0,0,NA,5.3,5.8,7,NA,NA,5.56406656994475,0.626294577622372,0.626294577622372,0,0
2689,2689,"ALT600A02",1,79.3,"イヌガシ","EB",NA,0,0,NA,5,5.8,6,NA,NA,3.64643113587909,0,0,0,0
2794,2794,"ALT600A01",8.3,87.9,"イヌガシ","EB",NA,NA,0,NA,NA,5.3,5.5,NA,NA,NA,0,0,0,0
2795,2795,"ALT600A01",4.45,86.8,"アカガシ","EB",NA,NA,0,NA,NA,5.2,5.7,NA,NA,NA,0,0,0,0
1080,1080,"ALT600A01",9.85,84.35,"イヌガシ","EB",0,0,0,5,6.4,7.3,7.7,2.27253903381862,4.93720155863052,3.69844676988024,0,0,0,0
1029,1029,"ALT600A02",6.65,70.4,"アカガシ","EB",0,0,0,11,14.1,14.7,15,1.63239435949389,4.96559049171504,1.23750807436175,0.315352998736582,0.315352998736582,0,0
1030,1030,"ALT600A02",3.8,72.95,"イヌシデ","DB",0,0,0,38.2,39.3,39.8,40.2,0.26858673690761,0.567780065253718,0.452849534995199,0.314282071789266,0.314282071789266,0,0
1032,1032,"ALT600A02",4.25,74.5,"アカガシ","EB",0,0,0,8.4,9.7,10.3,10.7,1.27374755588733,2.87788359320138,1.96235711917047,0.289719626168225,0.289719626168225,0,0
1034,1034,"ALT600A02",4,75.95,"イヌガヤ","EC",0,0,0,6.8,6.8,6.7,6.8,0,0,0,0.425944445855512,0.425944445855512,0,0
1035,1035,"ALT600A02",1.8,72.15,"イヌガシ","EB",0,0,0,6.2,8.6,9.6,10.1,2.56834806208509,6.54425822416832,3.21546441175504,1.56314528474257,1.56314528474257,0,0
1037,1037,"ALT600A02",1.2,74.1,"イヌガシ","EB",0,0,0,6.4,8.2,9.1,9.5,2.0789147802151,4.95672327809162,2.94315288672576,0.856679686912265,0.856679686912265,0,0
1038,1038,"ALT600A02",2.45,77.8,"イヌガシ","EB",0,0,0,5.6,6.7,7.5,8,1.87723654704596,3.58681857311634,3.54668030565831,0,0,0,0
1039,1039,"ALT600A02",4.15,78.85,"アカガシ","EB",0,0,0,32,38,41.8,43.8,1.65209428727723,3.43700513853319,2.84095315312029,0.189626238894364,0.189626238894364,0,0
2361,2361,"ALT600A02",4.75,71.05,"イヌガシ","EB",NA,0,0,NA,5.3,5.6,6.2,NA,NA,3.13684942985939,0,0,0,0
2576,2576,"ALT600A02",1.25,76.95,"イヌガシ","EB",NA,0,0,NA,4.9,5.7,6.2,NA,NA,4.7062817386893,0,0,0,0
2796,2796,"ALT600A02",1.8,74.05,"イヌガシ","EB",NA,NA,0,NA,NA,4.8,4.9,NA,NA,NA,3.22013085147155,3.22013085147155,0,0
1018,1018,"ALT600A02",8.8,69.45,"ヤブニッケイ","EB",0,0,0,11.9,13.9,14.8,15.8,1.49195547323914,3.10700880038325,2.5624219979255,0,0,0,0
1019,1019,"ALT600A02",9.4,67.65,"オオモミジ","DB",0,0,0,51.2,54.8,56.9,58.6,0.710500865986867,1.35901323817015,1.34089005257994,1.34526294830284,1.34526294830284,0,0
1020,1020,"ALT600A02",9.05,68.05,"イヌガシ","EB",0,0,0,16.3,22,24.9,26.5,2.55778750094453,5.99754691091198,3.72204559267721,5.25383730267072,0,4.16047116130411,0
1021,1020,"ALT600A02",9.05,68.05,"イヌガシ","EB",0,0,0,13.8,15,15.3,15.4,0.577362722402234,1.66763217878102,0.526346166347467,10.3967981687591,0,7.15925232302331,0
1022,1022,"ALT600A02",5.35,63.45,"イヌガシ","EB",0,0,0,16.3,18.7,19.9,20.4,1.18089364756555,2.74716832095648,1.74022753979259,0,0,0,0
1023,1023,"ALT600A02",5.25,61.55,"イヌガシ","EB",0,0,0,15.4,19.2,20.7,21.4,1.73170217162222,4.41085539228305,2.1696128598814,0,0,0,0
1025,1025,"ALT600A02",1.5,64.95,"アカガシ","EB",0,0,0,26.2,31.2,34.1,35.7,1.62837514746601,3.49317368096771,2.69465187940314,1.90391276438279,0,1.90391276438279,0
1026,1026,"ALT600A02",1.45,65.65,"ケヤキ","DB",0,0,0,44.7,46.2,47,47.7,0.341883664604065,0.660125929363402,0.639031996132049,1.15289300000697,1.15289300000697,0,0
1027,1027,"ALT600A02",3.8,68.9,"ウラジロガシ","EB",0,0,0,11,14,14.9,15.7,1.87244968187311,4.82324113633776,2.29206765478008,0.29298797885348,0.29298797885348,0,0
2797,2797,"ALT600A02",7.75,64.15,"イヌガシ","EB",NA,NA,0,NA,NA,5,5.3,NA,NA,NA,0,0,0,0
1008,1008,"ALT600A03",9.7,53.8,"アカガシ","EB",0,0,0,6.9,7.1,7.8,8.5,1.09760395733188,0.571467448881119,3.59942758898002,1.47450980392157,1.47450980392157,0,0
1009,1010,"ALT600A03",8.95,53.8,"アカガシ","EB",0,0,0,7.4,8.8,9.3,9.4,1.25910362666228,3.46543442548074,1.31915935583595,4.25970400071943,4.25970400071943,0,0
1011,1011,"ALT600A03",8.3,53.75,"イヌガシ","EB",0,0,0,6.4,7.8,9.8,10.7,2.70497763738018,3.9565148665984,6.32240015544629,2.34741692193882,1.70802690369439,0,0
1012,1012,"ALT600A03",5.95,53.35,"イヌガシ","EB",0,0,0,6.2,7.2,8.4,9.1,2.01960590248294,2.99063467941928,4.68386775001589,0,0,0,0
1014,1014,"ALT600A03",5.9,51.15,"イヌガシ","EB",0,0,0,8.4,8.7,10.7,12,1.87723654704596,0.7018263962254,6.43167248254925,0,0,0,0
1016,1016,"ALT600A03",5.85,55.45,"アカガシ","EB",0,0,0,18.6,22.9,26.8,29.7,2.46308139520789,4.15950659682076,5.2002027049692,1.05978892657044,1.05978892657044,0,0
1017,1017,"ALT600A03",6.3,55.25,"イヌガシ","EB",0,0,0,10.4,12.4,14.1,15.5,2.10018009356776,3.51781332927328,4.4628710262842,3.89106852960883,3.89106852960883,0,0
2266,2266,"ALT600A03",4.55,48.95,"アカガシ","EB",NA,0,0,NA,6.4,7,7.4,NA,NA,2.90364019688996,0,0,0,0
2798,2798,"ALT600A03",4.1,57.65,"イヌガシ","EB",NA,NA,0,NA,NA,5.5,5.9,NA,NA,NA,0,0,0,0
2799,2798,"ALT600A03",4.1,57.65,"イヌガシ","EB",NA,NA,0,NA,NA,5,5.5,NA,NA,NA,0,0,0,0
2800,1014,"ALT600A03",5.9,51.15,"イヌガシ","EB",NA,NA,0,NA,NA,7.5,7.8,NA,NA,NA,0,0,0,0
997,997,"ALT600A03",9.45,41.55,"イヌガシ","EB",0,0,0,5.9,7.2,7.2,7.3,1.1206420907509,3.98257350220671,0.275866442646715,0.631414750354007,0.631414750354007,0,0
998,998,"ALT600A03",7.6,41.7,"イヌガシ","EB",0,0,0,5.5,6.5,7.9,8.7,2.41355228116901,3.34108169326332,5.83041697517893,0.75785138730311,0.75785138730311,0,0
1003,1003,"ALT600A03",1.2,45.25,"ヤブニッケイ","EB",0,0,0,6,8.7,8.8,9,2.13402688477981,7.43127112864966,0.678031033513628,7.92026675858227,7.92026675858227,0,0
1004,1004,"ALT600A03",1.2,45.5,"ヤブニッケイ","EB",0,0,0,6.5,11.5,14.5,16.6,4.93473957084687,11.4108971693523,7.34111319986586,2.3759502449506,2.3759502449506,0,0
1005,1005,"ALT600A03",4.3,47.9,"イヌガヤ","EC",0,0,0,6.8,7,7,7.1,0.227221957185309,0.579750737465048,0.283692699839128,0,0,0,0
2164,2164,"ALT600A03",7.85,48.55,"イヌガシ","EB",0,0,0,5.2,8.1,10.3,11.3,4.08496894805744,8.86410872182022,6.65877328079804,0,0,0,0
2267,2267,"ALT600A03",9.05,42.65,"イヌガシ","EB",NA,0,0,NA,6.3,7.5,8.3,NA,NA,5.51411762810131,0.850624200599352,0.850624200599352,0,0
2268,2268,"ALT600A03",6,43.95,"イヌガシ","EB",NA,1,0,NA,5.9,7.8,9.5,NA,NA,9.52678895389643,1.88814480693373,1.88814480693373,0,0
2362,2362,"ALT600A03",5.25,44.9,"イヌガシ","EB",NA,0,0,NA,6,8,9.1,NA,NA,8.33029888589499,2.19314309003478,2.19314309003478,0,0
2801,2801,"ALT600A03",5.25,47.5,"イヌガシ","EB",NA,NA,0,NA,NA,5.5,5.5,NA,NA,NA,2.9481272291726,2.07539995644533,0,0
2802,2801,"ALT600A03",5.25,47.5,"イヌガシ","EB",NA,NA,0,NA,NA,5.3,6.2,NA,NA,NA,2.46473652050257,1.69054297211548,0,0
2803,2803,"ALT600A03",8.2,46.9,"アカガシ","EB",NA,NA,0,NA,NA,5.3,6,NA,NA,NA,0,0,0,0
2804,2804,"ALT600A03",6.8,44.4,"イヌガシ","EB",NA,NA,0,NA,NA,5,5.4,NA,NA,NA,2.77491712583839,2.77491712583839,0,0
2805,2805,"ALT600A03",5.6,44.6,"イヌガシ","EB",NA,NA,0,NA,NA,7.8,9.2,NA,NA,NA,3.49869407837237,3.49869407837237,0,0
987,987,"ALT600A04",8.95,36.65,"ケヤキ","DB",0,0,0,104,108.5,109.6,111.2,0.352313066711102,0.847185476782833,0.491604176719356,0,0,0,0
989,989,"ALT600A04",9.6,33.35,"イヌガシ","EB",0,0,0,14.5,15.6,16.1,16.3,0.61587609676941,1.46244529657925,0.877883871144507,0,0,0,0
990,990,"ALT600A04",10,32.4,"アカガシ","EB",0,0,0,23.7,28.1,31.1,33.9,1.88389455918589,3.40589056397229,3.75290876093409,0,0,0,0
991,991,"ALT600A04",3.4,32.95,"ムラサキシキブ","DB",0,0,0,6.1,6,6,6.2,0.0855816887988438,-0.330586039024209,0.655796456459819,5.03244186779481,0,2.41421197711778,0
992,991,"ALT600A04",3.4,32.95,"ムラサキシキブ","DB",0,0,0,5.6,6.6,6.7,7.1,1.24909571740087,3.28606102582553,1.4605027002978,4.12729196960941,0,1.84095037493369,0
993,994,"ALT600A04",3.85,36.35,"ヒサカキ","EB",0,0,0,6.5,7.5,8.3,8.7,1.53432025662603,2.86201687281346,2.96840010236546,0,0,0,0
994,994,"ALT600A04",3.85,36.35,"ヒサカキ","EB",0,0,0,16,17.4,18.1,18.8,0.848779724190117,1.67762967961404,1.54773327230841,0,0,0,0
2806,2806,"ALT600A04",4.25,33.65,"イヌガシ","EB",NA,NA,0,NA,NA,5,5.6,NA,NA,NA,0.562066627127539,0.562066627127539,0,0
2807,2807,"ALT600A04",6.75,32.05,"イヌガシ","EB",NA,NA,0,NA,NA,5.2,5.4,NA,NA,NA,1.55265710232838,1.55265710232838,0,0
2808,2808,"ALT600A04",6.65,31.45,"イヌガシ","EB",NA,NA,0,NA,NA,4.9,5.1,NA,NA,NA,1.74069515970379,1.74069515970379,0,0
977,978,"ALT600A04",9.3,26.55,"ヤブニッケイ","EB",0,0,0,33.9,39.9,42.8,45.5,1.54893321879211,3.25922619018827,2.62672004122174,0,0,0,0
978,978,"ALT600A04",9.3,26.55,"ヤブニッケイ","EB",0,0,0,42.2,44.3,44.5,45.1,0.349800134035086,0.971289120182475,0.357951389150858,0,0,0,0
983,983,"ALT600A04",3.75,21.05,"ミズキ","DB",0,0,0,29.7,32.8,34.5,35.3,0.909136411213669,1.98562939162888,1.46908897098306,0,0,0,0
2270,2270,"ALT600A04",3.2,29.65,"イヌガシ","EB",NA,0,0,NA,8.8,11,12.3,NA,NA,6.69695081788422,0.704108590857136,0.442907016829488,0,0
2342,978,"ALT600A04",9.3,26.55,"ヤブニッケイ","EB",NA,0,0,NA,5.1,5.3,5.3,NA,NA,0.769325616555923,0,0,0,0
2578,2578,"ALT600A04",0.2,27.25,"アブラチャン","DB",NA,0,0,NA,5.5,6.7,7.7,NA,NA,6.72944473242426,0,0,0,0
974,974,"ALT600A05",4.35,15.35,"イヌガシ","EB",0,0,0,5.9,8.8,10,11.9,3.69255815371479,7.99598741144974,6.03573357266646,0,0,0,0
976,975,"ALT600A05",1.55,12.35,"ヤブニッケイ","EB",0,0,0,6,10.1,12.5,15.6,5.02900760540756,10.4155190923832,8.69470980816555,0,0,0,0
958,958,"ALT600A05",8.6,2.55,"イタヤカエデ","DB",0,0,0,67.4,70,71.5,72.8,0.405636512023046,0.757004482621951,0.784414263065627,0,0,0,0
959,959,"ALT600A05",7.25,0.9,"アカガシ","EB",0,0,0,8.4,9.4,9.6,9.6,0.702796803286961,2.24955966853381,0.421068183956645,4.66352155163583,4.66352155163583,0,0
960,960,"ALT600A05",6.9,0.45,"イヌガシ","EB",0,0,0,11.3,13,13.7,13.9,1.08992691799132,2.80293263486484,1.33878965350219,3.83085541611997,3.83085541611997,0,0
961,961,"ALT600A05",6.7,0.65,"アカガシ","EB",0,0,0,6.3,6.8,6.9,7.3,0.775393235562413,1.52745957569148,1.41903471944569,12.2311666927759,12.2311666927759,0,0
962,962,"ALT600A05",3.7,1.15,"イヌガシ","EB",0,0,0,9.3,10.6,11.3,11.5,1.11754018531576,2.61679201917622,1.62986068502366,15.2865915729207,0,15.2865915729207,0
964,964,"ALT600A05",2.8,0.1,"ウラジロガシ","EB",0,0,0,18.3,19.6,20.4,21.2,0.774211167529429,1.37257012778193,1.5694323088299,0,0,0,0
965,965,"ALT600A05",4.1,1.3,"オオモミジ","DB",0,0,0,40,40.1,40.1,40.1,0.013141474729406,0.0499376039717429,0,2.71442062075814,0.671308325563842,0,0
966,965,"ALT600A05",4.1,1.3,"オオモミジ","DB",0,0,0,33.9,34.3,34.6,35,0.168068668963206,0.234606795709792,0.404054146350389,3.45104182589734,0.76912753871743,0,0
968,968,"ALT600A05",2.3,2.4,"アオハダ","DB",0,0,0,10.2,10,10.1,10.4,0.102200451879483,-0.396052545923593,0.784414263065627,0,0,0,0
969,969,"ALT600A05",2.05,3.75,"イヌガシ","EB",0,0,0,12,13.2,13.8,14,0.811319367511886,1.90620359608649,1.17681000045867,0,0,0,0
970,970,"ALT600A05",3.65,4.4,"イヌガシ","EB",0,0,0,5.7,6.3,6.7,7.1,1.15594004845666,2.00166917113965,2.39090301299565,0,0,0,0
972,972,"ALT600A05",3.8,8.8,"カジカエデ","DB",0,0,0,33.9,34.1,34.3,34.8,0.137907223126443,0.117647398061332,0.406400049819151,0,0,0,0
2809,2809,"ALT600A05",5.5,4.2,"ヤブニッケイ","EB",NA,NA,0,NA,NA,5.1,5.9,NA,NA,NA,0,0,0,0
861,861,"ALT600A01",17.9,92.95,"イヌガシ","EB",0,0,0,29.7,32.6,34.8,35.7,0.968440226194419,1.86330485128016,1.81676800825863,0,0,0,0
866,866,"ALT600A01",11.35,92.1,"イヌガヤ","EC",0,0,0,14.3,15,15.4,16,0.59120623670484,0.95581327672697,1.29077042275142,0,0,0,0
867,867,"ALT600A01",13.3,91.8,"オオモミジ","DB",0,0,0,34.5,35.5,36.2,37.1,0.382408660926712,0.571467448881119,0.881685462640386,0,0,0,0
868,868,"ALT600A01",14.4,90.55,"アカガシ","EB",0,0,0,14.2,15.7,16,16.9,0.916166617483225,2.00837495494095,1.47305819149531,0,0,0,0
870,870,"ALT600A01",18.65,87.85,"イヌガシ","EB",0,0,0,14.7,15,15.6,16,0.446006465553109,0.404054146350389,1.29077042275142,0,0,0,0
871,871,"ALT600A01",16.55,87.55,"イヌガシ","EB",0,0,0,29.9,31.5,32.5,33.5,0.598352412812527,1.04258130869893,1.23115785998867,0,0,0,0
873,873,"ALT600A01",13.35,84.35,"イヌガシ","EB",0,0,0,10.4,12.4,14.3,15.7,2.16765740108913,3.51781332927328,4.71928479486542,0,0,0,0
874,874,"ALT600A02",15.6,70.2,"アカガシ","EB",0,0,0,15,15.7,15.7,16.5,0.501632525285921,0.912210225041045,0.993993371045451,0.532940721182762,0.532940721182762,0,0
875,875,"ALT600A02",16.55,70.1,"イヌガシ","EB",0,0,0,7.4,7.7,8.1,8.4,0.66711424020602,0.794806572990282,1.74022753979259,2.05630826731869,2.05630826731869,0,0
876,876,"ALT600A02",16.2,72.65,"イヌガシ","EB",0,0,0,12.4,13.1,13.6,14.4,0.787009126162968,1.09831515192229,1.89231952749698,0,0,0,0
877,877,"ALT600A02",17.95,73.7,"イヌガシ","EB",0,0,0,16,17.1,17.9,18.4,0.735589170395572,1.32979482537666,1.46544402212651,0,0,0,0
878,878,"ALT600A02",17.55,76.7,"イヌガシ","EB",0,0,0,10.6,11.4,12.4,13,1.0741860860185,1.45518708564857,2.62672004122174,0,0,0,0
879,879,"ALT600A02",10.5,77.9,"イヌガシ","EB",0,0,0,20.2,21.9,23.3,23.9,0.885241339633189,1.61608064830592,1.7478364423002,4.02007353996808,0.262047940427772,3.00732861148273,0
880,880,"ALT600A02",10.75,77.45,"ヒメシャラ","DB",0,0,0,36.5,36.9,36.9,37,0.0716086950304141,0.217985809160713,0.0541272319548613,1.84806823540408,1.84806823540408,0,0
882,882,"ALT600A02",15.4,74.7,"アカガシ","EB",0,0,0,75,78.2,79.7,81.8,0.456784895117847,0.835630680299098,0.900151921148718,0,0,0,0
884,884,"ALT600A02",14.3,73.75,"ヒメシャラ","DB",0,0,0,25.5,25.4,25.5,25.6,0.0205994701112438,-0.0785855627977932,0.156863549220522,0,0,0,0
885,885,"ALT600A02",10.55,71.2,"イヌガシ","EB",0,0,0,15.2,16.6,17.7,18.5,1.03408054858973,1.76214535020534,2.16736073443563,0,0,0,0
887,887,"ALT600A02",13.25,70.7,"ヤブニッケイ","EB",0,0,0,5.5,6,6.1,6.4,0.797631042774743,1.74022753979259,1.29077042275142,0,0,0,0
2165,885,"ALT600A02",10.55,71.2,"イヌガシ","EB",0,0,0,4.8,4.9,4.9,4.9,0.108522564224925,0.412385744054716,0,0,0,0,0
2579,2579,"ALT600A02",13.15,78.65,"イヌガシ","EB",NA,0,0,NA,5,5.8,6.2,NA,NA,4.30222759233891,0.775422538420023,0.775422538420023,0,0
888,888,"ALT600A02",19.7,61.95,"アカガシ","EB",0,0,0,60.2,64.6,66.7,68.6,0.687474644300337,1.41084116947561,1.20156247886567,0,0,0,0
889,889,"ALT600A02",17.8,62.6,"イヌガシ","EB",0,0,0,9.9,11.4,12.1,13.1,1.47409196350822,2.82157196519811,2.77997749613312,0.990508086980444,0.990508086980444,0,0
890,890,"ALT600A02",18.6,62.8,"イヌガシ","EB",0,0,0,8.7,9.5,10,10.7,1.08905639898591,1.75937545891914,2.37903885722731,1.48468069531587,1.48468069531587,0,0
891,891,"ALT600A02",19.8,68.15,"イヌガシ","EB",0,0,0,15.7,16.7,16.9,17.5,0.571264045132663,1.23496014136894,0.935843230135182,0,0,0,0
892,892,"ALT600A02",17.3,67.95,"イヌガシ","EB",0,0,0,7,7.1,7.3,7.6,0.432832095984063,0.283692699839128,1.36106926490031,0,0,0,0
893,892,"ALT600A02",17.3,67.95,"イヌガシ","EB",0,0,0,6.6,6.7,6.7,6.8,0.157120858682532,0.30075754729081,0.296301715702814,0,0,0,0
894,894,"ALT600A02",14.3,68.6,"イヌガシ","EB",0,0,0,9.8,10,10.1,10.3,0.261902681889809,0.404054146350389,0.591176044830889,0,0,0,0
895,895,"ALT600A02",15,66.95,"イヌガシ","EB",0,0,0,6.1,6,6.2,6.1,0,-0.330586039024209,0.33058603902421,0,0,0,0
896,896,"ALT600A02",10.3,66.3,"イヌガシ","EB",0,0,0,8,10.6,10.7,11.1,1.72370298230764,5.62824918876371,0.921822144005342,0,0,0,0
897,897,"ALT600A02",14.85,65.25,"イヌガシ","EB",0,0,0,6.4,7,7.2,8,1.174439743759,1.79224317379374,2.67062785249045,12.5203042132207,12.5203042132207,0,0
898,898,"ALT600A02",15.4,66,"アカガシ","EB",0,0,0,36.5,NA,NA,80.7,4.17592797203925,NA,NA,0.184974284425987,0.184974284425987,0,0
901,901,"ALT600A02",15.95,60.5,"イヌガシ","EB",0,0,0,15.9,18.8,20.2,22,1.70907023227437,3.35075521219435,3.14371167044825,0,0,0,0
902,902,"ALT600A02",10.95,60,"イヌガシ","EB",0,0,0,13.7,16,16.5,17.1,1.16675068776071,3.10385778811404,1.32979482537666,0,0,0,0
903,902,"ALT600A02",10.95,60,"イヌガシ","EB",0,0,0,7.4,7.7,7.8,8,0.410323902472167,0.794806572990282,0.764424256403954,0,0,0,0
2166,2166,"ALT600A02",13.3,61.25,"イヌガシ","EB",0,0,0,5.3,6,6.3,6.7,1.2336879254676,2.48105297339958,2.20696114337731,0,0,0,0
2273,2273,"ALT600A02",14.7,65.6,"イヌガシ","EB",NA,0,0,NA,4.9,4.9,5.1,NA,NA,0.80010669227398,23.7460902100092,23.7460902100092,0,0
2274,2274,"ALT600A02",12.1,63.15,"イヌガシ","EB",NA,0,0,NA,5.6,5.7,6.2,NA,NA,2.03565388619885,1.44739002037811,1.44739002037811,0,0
2275,2275,"ALT600A02",12.3,63.95,"イヌガシ","EB",NA,0,0,NA,6.6,6.7,7.4,NA,NA,2.28820702355489,1.01602761839544,1.01602761839544,0,0
2307,902,"ALT600A02",10.95,60,"イヌガシ","EB",NA,0,0,NA,5.8,6.8,8,NA,NA,6.43167248254925,0,0,0,0
2343,2343,"ALT600A02",10.15,63.25,"ヤブニッケイ","EB",NA,0,0,NA,6.8,7.4,8.7,NA,NA,4.92800826956954,0,0,0,0
904,904,"ALT600A03",19.3,51.85,"イヌガシ","EB",0,0,0,13.4,17,19.2,22,2.60940919158658,4.75917274198701,5.156582186042,0.125630551517278,0.125630551517278,0,0
905,905,"ALT600A03",19.15,53.8,"イヌガシ","EB",0,0,0,6.8,7.8,8.7,9.6,1.81494992785121,2.7440224302697,4.15278729556489,0,0,0,0
907,907,"ALT600A03",16.9,59.65,"イヌガシ","EB",0,0,0,5.5,6,6.7,7.5,1.63239435949389,1.74022753979259,4.4628710262842,0,0,0,0
908,908,"ALT600A03",11.45,56.35,"イヌガシ","EB",0,0,0,10.7,12.2,13.1,14.1,1.45226871534875,2.62384420542701,2.89477691289824,0,0,0,0
909,909,"ALT600A03",10.75,51.75,"イロハモミジ","DB",0,0,0,49,49.5,50,51.1,0.22086420578438,0.203047429280358,0.636236552700282,0,0,0,0
910,910,"ALT600A03",13.6,51.15,"イヌガシ","EB",0,0,0,15.5,18,19.9,22.2,1.89080139448965,2.99063467941928,4.19441061964138,0,0,0,0
2167,2167,"ALT600A03",14.6,57.8,"イヌガシ","EB",0,0,0,5.1,6.7,8.1,9.4,3.21825868181936,5.45733973333281,6.77204325758076,0,0,0,0
2690,2690,"ALT600A03",14.25,56.05,"イヌガシ","EB",NA,0,0,NA,4.9,5.8,7.1,NA,NA,7.41719157861377,0.566276857501314,0.566276857501314,0,0
911,911,"ALT600A03",18.6,41.05,"イヌガシ","EB",0,0,0,6.2,6.7,7.4,7.4,0.931214253468833,1.55116468691749,1.98744947626408,0.351779120787012,0.351779120787012,0,0
912,912,"ALT600A03",18.85,44.1,"イヌガシ","EB",0,0,0,8,9.2,10.2,10.9,1.62800656608033,2.79523884750317,3.39118610360207,6.42628009512698,6.42628009512698,0,0
913,913,"ALT600A03",18.65,44.25,"イヌガシ","EB",0,0,0,10.7,13.1,14.9,15.9,2.08460719872803,4.04736977478491,3.8741375803816,3.28682614261274,3.28682614261274,0,0
914,914,"ALT600A03",18,44.55,"イヌガシ","EB",0,0,0,5.3,6,6.1,6.2,0.825486692068262,2.48105297339958,0.655796456459819,5.41021995879217,5.41021995879217,0,0
916,916,"ALT600A03",17.3,47.3,"イヌガシ","EB",0,0,0,12,13.1,13.1,13.1,0.461608317995292,1.75411160838211,0,0,0,0,0
917,917,"ALT600A03",13.9,48.75,"イヌガシ","EB",0,0,0,5.9,6.2,6.5,8.8,2.10420721353941,0.99193882278744,7.0040485886623,0,0,0,0
918,918,"ALT600A03",13.8,45.1,"イヌガシ","EB",0,0,0,6.5,9.5,11.3,12.1,3.2705435563216,7.58979243409807,4.838273079924,0.824694302451087,0.824694302451087,0,0
920,920,"ALT600A03",12.25,42.55,"イヌガシ","EB",0,0,0,13.5,15.6,17.1,18,1.51411617079885,2.89162457622215,2.86201687281347,0.175317606170421,0.175317606170421,0,0
922,922,"ALT600A03",13.05,40.45,"イヌガシ","EB",0,0,0,5.3,7,8.5,9.4,3.01580457219938,5.56406656994475,5.8959908044129,0.9852046380527,0.9852046380527,0,0
2276,2276,"ALT600A03",18.1,46.2,"ヤブニッケイ","EB",NA,0,0,NA,5.1,5.4,6,NA,NA,3.2503785899555,0,0,0,0
2363,2363,"ALT600A03",15.45,49.25,"イヌガシ","EB",NA,0,0,NA,6.3,7.2,8.1,NA,NA,5.02628856561812,1.22554378682774,1.22554378682774,0,0
2580,2580,"ALT600A03",15.35,50.25,"イヌガシ","EB",NA,0,0,NA,5.5,5.2,6.9,NA,NA,4.53546638729577,1.60798385675796,1.60798385675796,0,0
2581,2581,"ALT600A03",17.75,48.4,"イヌガシ","EB",NA,0,0,NA,4.7,7.1,5.7,NA,NA,3.85807332248983,0,0,0,0
2692,2692,"ALT600A03",10.45,40.55,"イヌガシ","EB",NA,0,0,NA,5.8,6.5,7.4,NA,NA,4.87244165315501,0,0,0,0
2810,2810,"ALT600A03",14.3,46.45,"イヌガシ","EB",NA,NA,0,NA,NA,5.1,5.8,NA,NA,NA,0.365516510347022,0.365516510347022,0,0
923,923,"ALT600A04",19.45,32.25,"イヌガシ","EB",0,0,0,9.4,9.7,9.8,9.9,0.272763515076768,0.628323924667578,0.408177432624145,0,0,0,0
924,924,"ALT600A04",16.6,32.6,"ヤブニッケイ","EB",0,0,0,7,7.6,8,9.3,1.49528553212577,1.64476196473944,4.0373230573385,0.501792114695337,0.501792114695337,0,0
925,925,"ALT600A04",18.45,37.25,"イヌガシ","EB",0,0,0,11.8,15.4,18,19.5,2.64376281104254,5.32535955895929,4.72093912300235,0.48069112244963,0.269398321372869,0,0
926,926,"ALT600A04",18.25,38.95,"イヌガシ","EB",0,0,0,7.4,9,10.3,11.1,2.13402688477981,3.91489154252191,4.19441061964138,1.51478990487979,1.51478990487979,0,0
929,929,"ALT600A04",11.45,30,"イヌガシ","EB",0,0,0,8.4,8.5,8.5,8.6,0.123844723211548,0.236689152940056,0.233920795263825,1.13178294573643,0.759689922480619,0,0
2582,2582,"ALT600A04",17.8,35.85,"イヌガシ","EB",NA,0,0,NA,5.1,5.4,5.4,NA,NA,1.14316827679898,0,0,0,0
2811,923,"ALT600A04",19.45,32.25,"イヌガシ","EB",NA,NA,0,NA,NA,5.7,6.7,NA,NA,NA,0,0,0,0
931,932,"ALT600A04",16.65,21.8,"ヤブニッケイ","EB",0,0,0,10.7,12.4,13.4,14.5,1.59949951557194,2.94905462286262,3.12904353631075,2.96519356776385,1.51756368916216,0,0
932,932,"ALT600A04",16.65,21.8,"ヤブニッケイ","EB",0,0,0,15.7,18.2,20.1,21.7,1.70342920101132,2.95521763456974,3.51781332927328,1.64489478848217,0.677584500937256,0,0
933,933,"ALT600A04",17.15,22.65,"イヌガシ","EB",0,0,0,12.6,13.5,14.3,14.6,0.775393235562413,1.37985742973903,1.56663686539814,2.93793854159337,2.93793854159337,0,0
934,934,"ALT600A04",19.4,21.25,"ヒメシャラ","DB",0,0,0,38.2,39,39.1,40,0.242336518428457,0.414522610342339,0.506356159685796,0.0859785304149105,0.0859785304149105,0,0
935,935,"ALT600A04",18.75,23.5,"イヌガシ","EB",0,0,0,6.5,7.6,8.1,8.7,1.53432025662603,3.12692140781388,2.70349556736505,0,0,0,0
936,936,"ALT600A04",16.75,25.35,"イヌガシ","EB",0,0,0,38.9,40.8,42.4,42.7,0.490550892685149,0.953756615714307,0.910336776489258,0,0,0,0
937,937,"ALT600A04",17.95,25.9,"イヌガシ","EB",0,0,0,7.4,8.2,8.7,9.4,1.25910362666228,2.05308308120166,2.73151070011502,0,0,0,0
938,938,"ALT600A04",15.25,29.65,"イヌガシ","EB",0,0,0,22.7,24.3,25.1,25.4,0.591496050195442,1.36222851718292,0.885456473559761,0,0,0,0
939,939,"ALT600A04",14.5,27.85,"イヌガシ","EB",0,0,0,11.6,12.2,12.3,12.3,0.308390338242384,1.00861707253784,0.163266212783221,0,0,0,0
941,941,"ALT600A04",10.85,27.95,"イヌガシ","EB",0,0,0,16.9,17.4,17.9,18.1,0.361043770225013,0.58313168582911,0.788834641025937,0,0,0,0
942,942,"ALT600A04",12.55,22.55,"ヒイラギ","EB",0,0,0,17.3,18.2,18.9,19.7,0.683748074948471,1.01430185158032,1.58394083322386,0,0,0,0
2812,942,"ALT600A04",12.55,22.55,"ヒイラギ","EB",NA,NA,0,NA,NA,5.1,6,NA,NA,NA,0,0,0,0
2813,942,"ALT600A04",12.55,22.55,"ヒイラギ","EB",NA,NA,0,NA,NA,5.1,5.9,NA,NA,NA,0,0,0,0
943,943,"ALT600A05",17.9,13.4,"ケヤキ","DB",0,0,0,53,55.4,56.6,57.7,0.447185578747011,0.885753604022326,0.813551595216318,0,0,0,0
946,946,"ALT600A05",17.5,15.1,"ヒイラギ","EB",0,0,0,13.1,14.6,15.4,16.5,1.21446395104963,2.1681859701437,2.44677704384488,0,0,0,0
947,947,"ALT600A05",18.05,16.4,"シキミ","EB",0,0,0,5.3,5.2,5.7,5.8,0.474479457864724,-0.380963899413887,2.18398583929984,2.34444723081448,2.34444723081448,0,0
948,948,"ALT600A05",18.25,18.65,"アカガシ","EB",0,0,0,10.1,11.6,12.2,12.8,1.24689340567557,2.7693934853021,1.96880145626505,0,0,0,0
949,949,"ALT600A05",16.65,18.35,"ヒイラギ","EB",0,0,0,23.2,25.3,26.5,27.7,0.93305333958436,1.73304234122421,1.81256034919636,1.10249804742084,0,1.10249804742084,0
950,950,"ALT600A05",15.7,18.6,"オオモミジ","DB",0,0,0,28.5,29.1,29.5,30,0.269964707302897,0.416681738056841,0.609184149694169,0.939928585339485,0.939928585339485,0,0
951,951,"ALT600A05",13.5,18.05,"イヌガシ","EB",0,0,0,8,8.5,8.8,9.2,0.735589170395572,1.2124924363287,1.58274641117448,0,0,0,0
952,952,"ALT600A05",13.7,16.55,"イヌガヤ","EC",0,0,0,10.9,10.8,10.7,10.8,-0.0485087110785471,-0.184333102098479,0,0,0,0,0
953,953,"ALT600A05",12.7,17.25,"ケヤキ","DB",0,0,0,25,25.9,26.3,26.9,0.385528745997855,0.707342876745827,0.757666358046026,0,0,0,0
954,954,"ALT600A05",10.95,19.25,"ミズキ","DB",0,0,0,16.7,18.4,19.7,20.1,0.975321556012214,1.93883890384461,1.7673830090018,0,0,0,0
955,955,"ALT600A05",11.2,13.4,"ケヤキ","DB",0,0,0,60.4,61.8,62.4,63.3,0.246822232680848,0.458285190457517,0.479639293729708,0.0688836106812731,0,0.0688836106812731,0
2814,944,"ALT600A05",16.75,13,"アブラチャン","DB",NA,NA,0,NA,NA,5.3,5.7,NA,NA,NA,0,0,0,0
858,858,"ALT600B01",28.1,98.45,"イタヤカエデ","DB",0,0,0,16.4,20.6,23.2,25.7,2.36426135300538,4.56019481930766,4.42399832211277,0,0,0,0
853,854,"ALT600B01",24.6,86.1,"ミズキ","DB",0,0,0,21.6,23,20.5,21.8,0.0485087110785476,1.2560180247806,-1.07168492268213,7.1924429112996,0,7.1924429112996,0
854,854,"ALT600B01",24.9,86.55,"オオモミジ","DB",0,0,0,75.1,76.1,75.3,84.8,0.639342021198781,0.264554121951023,2.16494555860435,0.475332715318788,0,0.475332715318788,0
839,839,"ALT600B02",20.25,72.9,"イヌガシ","EB",0,0,0,16.3,18.2,19.3,20,1.07666929337513,2.20512972540066,1.88621358942483,0,0,0,0
841,841,"ALT600B02",23.05,72.3,"シキミ","EB",0,0,0,6.9,7.1,7.2,8.2,0.908488119299966,0.571467448881119,2.88078740445875,1.78639208823437,1.78639208823437,0,0
842,842,"ALT600B02",25.3,73.4,"シキミ","EB",0,0,0,5.4,6,6.7,7.6,1.79868049327398,2.10721031315652,4.72777556128461,0.542763157894729,0.542763157894729,0,0
843,843,"ALT600B02",28.15,71.65,"イヌガシ","EB",0,0,0,16.3,19.3,21.1,22,1.57830181866105,3.37879976196247,2.61874714894952,0,0,0,0
844,844,"ALT600B02",27.2,72.6,"アカガシ","EB",0,0,0,6.8,8,8.6,9,1.47527350081136,3.2503785899555,2.35566071312767,0,0,0,0
2585,2585,"ALT600B02",23.3,75.6,"イヌガシ","EB",NA,0,0,NA,6.3,7,7.8,NA,NA,4.27148200596118,0,0,0,0
2815,2815,"ALT600B02",23.95,68.8,"イヌガシ","EB",NA,NA,0,NA,NA,5.8,6.5,NA,NA,NA,0,0,0,0
833,833,"ALT600B02",20.4,63.85,"イヌガシ","EB",0,0,0,13.9,16.5,17.6,18.7,1.56123517749418,3.42943081539778,2.50326285908012,0,0,0,0
834,834,"ALT600B02",24,63.2,"イヌガシ","EB",0,0,0,9.7,11.3,12.4,14.1,1.9686784835515,3.05353680417916,4.42744143331655,1.53427713849532,1.53427713849532,0,0
835,835,"ALT600B02",29.05,64.2,"イヌガシ","EB",0,0,0,18.8,21.1,22.2,24.5,1.39376972481462,2.30832341292235,2.98800154137321,0,0,0,0
837,837,"ALT600B02",29.55,66.55,"アカガシ","EB",0,0,0,9.4,11.1,11.1,35,6.91914932743924,3.3247083808466,22.9680590634225,0,0,0,0
838,838,"ALT600B02",21.25,67.15,"アカガシ","EB",0,0,0,24.2,25.7,26.6,28,0.76764145796086,1.20276717477067,1.7142703654806,0,0,0,0
2586,2586,"ALT600B02",22.5,68.45,"イヌガシ","EB",NA,0,0,NA,5.5,5.9,6.3,NA,NA,2.71603082318124,0,0,0,0
819,819,"ALT600B03",21.75,50,"イヌガシ","EB",0,0,0,11.5,12.7,13.3,14,1.03531733813713,1.98509916190682,1.94910672301426,0.470881099542496,0.470881099542496,0,0
820,820,"ALT600B03",26.25,52.55,"イヌガシ","EB",0,0,0,20.2,23.6,25.5,27.3,1.58528472517766,3.11128215248811,2.91279980318699,0,0,0,0
822,822,"ALT600B03",29.35,51.75,"アカガシ","EB",0,0,0,89.8,93.3,94.3,95.7,0.334912227109236,0.764702650902884,0.507963812112208,0,0,0,0
823,823,"ALT600B03",29.55,58.3,"ヒメシャラ","DB",0,0,0,36.1,37.4,38.3,39.3,0.447008702823053,0.707556781633018,0.991076289094586,0,0,0,0
824,825,"ALT600B03",27.55,58.6,"イヌガシ","EB",0,0,0,10.5,12.4,13.2,14.1,1.55157652747708,3.32642430895027,2.56956649546263,0,0,0,0
825,825,"ALT600B03",27.55,58.6,"イヌガシ","EB",0,0,0,18.2,20.3,21.4,22,0.998004522502981,2.18398583929984,1.60843134621148,0,0,0,0
826,826,"ALT600B03",26.65,57.8,"アカガシ","EB",0,0,0,26.4,29.1,31.2,32.9,1.15846656641608,1.94748328050353,2.45468967187759,0,0,0,0
827,828,"ALT600B03",21.85,57.7,"イヌガシ","EB",0,0,0,9.6,10.4,10.8,10.9,0.668419425059513,1.60085415347073,0.939139661755422,0,0,0,0
828,828,"ALT600B03",21.85,57.7,"イヌガシ","EB",0,0,0,17,20.3,22.4,24.5,1.92347249207613,3.54815083983051,3.76104463005879,0,0,0,0
2345,2345,"ALT600B03",24.35,48.2,"イヌガシ","EB",NA,0,0,NA,5.8,6.7,8.1,NA,NA,6.68012288252039,0.433115071262734,0.433115071262734,0,0
2587,2587,"ALT600B03",24.1,60,"アカガシ","EB",NA,0,0,NA,4.9,5.3,5.9,NA,NA,3.71434291590186,0,0,0,0
2816,820,"ALT600B03",26.25,52.55,"イヌガシ","EB",NA,NA,0,NA,NA,4.8,5.3,NA,NA,NA,0,0,0,0
2817,2817,"ALT600B03",22.55,49.45,"ヒサカキ","EB",NA,NA,0,NA,NA,5.5,6.4,NA,NA,NA,2.25323963648265,2.25323963648265,0,0
807,807,"ALT600B03",20,42.45,"イヌガシ","EB",0,0,0,12.5,14.5,15.4,16.2,1.36464525226359,2.96840010236546,2.21725185623619,0.218844054766203,0.218844054766203,0,0
808,808,"ALT600B03",23.85,41.6,"ヤブニッケイ","EB",0,0,0,8.8,10,10.1,10.5,0.929597556206931,2.5566674301977,0.975803283388641,0,0,0,0
810,810,"ALT600B03",26.9,43.2,"イヌガシ","EB",0,0,0,11.5,13.3,13.7,14,1.03531733813713,2.90833999717007,1.02586588775101,0,0,0,0
811,811,"ALT600B03",28.55,45,"イヌガシ","EB",0,0,0,8.3,11.5,13,14.5,2.93627965591567,6.52183041133304,4.63603228114649,0,0,0,0
812,812,"ALT600B03",26.65,44.85,"ケヤキ","DB",0,0,0,31.9,32.1,32.2,32.6,0.11424357148349,0.125000406903427,0.309125164733833,0,0,0,0
813,813,"ALT600B03",26.4,46.4,"イヌガシ","EB",0,0,0,6.4,7.4,8.1,8.4,1.43123008149285,2.90364019688996,2.53503411278288,0,0,0,0
814,814,"ALT600B03",25.65,45.55,"アカガシ","EB",0,0,0,84.7,86.7,87.2,89,0.260635621442795,0.46676564256975,0.523649718912874,0,0,0,0
815,815,"ALT600B03",28.05,48.1,"イヌガシ","EB",0,0,0,8,9.6,10.4,11.3,1.81769044230768,3.64643113587909,3.26079254489009,0.570404928790139,0.570404928790139,0,0
2588,2588,"ALT600B03",21.5,42.1,"イヌガシ","EB",NA,0,0,NA,5,5.3,6.4,NA,NA,4.93720155863052,0,0,0,0
2589,2589,"ALT600B03",22.1,40.45,"イヌガシ","EB",NA,0,0,NA,5.1,5.3,5.4,NA,NA,1.14316827679898,0,0,0,0
798,798,"ALT600B04",20.5,33.25,"イヌガシ","EB",0,0,0,7.5,7.7,7.8,7.9,0.273472310161638,0.526346166347467,0.512848612266753,0,0,0,0
799,799,"ALT600B04",22.3,34.15,"イヌガシ","EB",0,0,0,8.4,9.7,9.8,9.9,0.864752901533033,2.87788359320138,0.408177432624145,0.283568315405475,0.283568315405475,0,0
800,800,"ALT600B04",27.2,32.4,"イヌガシ","EB",0,0,0,22.7,23.9,24.9,25.1,0.528962745528323,1.03027068900216,0.979787744005467,0,0,0,0
801,800,"ALT600B04",27.2,32.4,"イヌガシ","EB",0,0,0,4.9,6,6.6,6.7,1.64669642779126,4.05048528222948,2.20696114337731,0,0,0,0
802,802,"ALT600B04",29.15,30.45,"アカガシ","EB",0,0,0,94,97,98.5,102.9,0.476120318789475,0.628323924667578,1.18093328673242,0,0,0,0
803,803,"ALT600B04",29.75,32.05,"イヌガシ","EB",0,0,0,10.4,12.7,14.1,15.1,1.96257335617659,3.99592374634437,3.46185500712666,0,0,0,0
805,805,"ALT600B04",25.8,38.95,"イヌガシ","EB",0,0,0,8.5,10.2,10.9,12.3,1.9449110467479,3.64643113587909,3.74423084176293,0,0,0,0
806,806,"ALT600B04",24.2,35.55,"イヌガシ","EB",0,0,0,10.2,11.7,13.3,15.5,2.20238054544724,2.7440224302697,5.62502364242981,0,0,0,0
2590,2590,"ALT600B04",24.2,31.6,"ヤブニッケイ","EB",NA,0,0,NA,4.9,6.4,8.1,NA,NA,10.0525771312362,0,0,0,0
2818,2818,"ALT600B04",20.8,38.35,"イヌガシ","EB",NA,NA,0,NA,NA,5.2,5.9,NA,NA,NA,1.28407283498079,1.28407283498079,0,0
785,785,"ALT600B04",20.95,22.75,"アカガシ","EB",0,0,0,38.9,42.7,44.5,46,0.882353399287866,1.86409339220357,1.48884952509032,0.113391602066109,0.113391602066109,0,0
786,786,"ALT600B04",22.85,21.35,"イヌガシ","EB",0,0,0,7.8,9.2,10.1,10.7,1.66378951459113,3.30159500718897,3.02080514825732,21.8173361542972,21.8173361542972,0,0
787,787,"ALT600B04",23.05,21.45,"アカガシ","EB",0,0,0,41.7,47,49.8,52.2,1.18200718991493,2.39292945810605,2.09869786357069,0.916702197672334,0.916702197672334,0,0
788,788,"ALT600B04",26.75,23,"イヌガシ","EB",0,0,0,7,7,7.2,7.4,0.292472900814794,0,1.11139702309622,0,0,0,0
789,791,"ALT600B04",27.45,24.7,"イヌガシ","EB",0,0,0,7.2,8.8,9.7,10.4,1.93539357960693,4.01341390924302,3.34108169326332,0,0,0,0
790,791,"ALT600B04",27.45,24.7,"イヌガシ","EB",0,0,0,5.2,5.4,5.6,5.7,0.483197627648015,0.754806559656942,1.08134442540552,0,0,0,0
791,791,"ALT600B04",27.45,24.7,"イヌガシ","EB",0,0,0,10.6,12.1,13.2,13.8,1.38849784760599,2.64702902969348,2.62926279120928,0,0,0,0
792,791,"ALT600B04",27.45,24.7,"イヌガシ","EB",0,0,0,5.8,6.5,6.9,7.5,1.35286896310469,2.27888518698436,2.86201687281346,0,0,0,0
795,795,"ALT600B04",24.9,27.7,"イヌガシ","EB",0,0,0,8.8,9.4,9.9,10.7,1.02890536833526,1.31915935583595,2.59068104383804,0,0,0,0
796,796,"ALT600B04",24.65,25.7,"ケヤキ","DB",0,0,0,34.5,35.4,35.7,37,0.368203097931108,0.515049922048291,0.884121850089914,0,0,0,0
797,797,"ALT600B04",21.75,25.45,"イヌガシ","EB",0,0,0,13.1,13.7,13.8,13.8,0.27398085240028,0.895672052539469,0.145455186581598,0.484669914533177,0.484669914533177,0,0
765,765,"ALT600B05",26.6,12.15,"アカガシ","EB",0,0,0,20.5,25.9,28.6,30.5,2.09106209194212,4.67636165122259,3.26967429815748,0,0,0,0
766,766,"ALT600B05",29.4,13.05,"イヌガシ","EB",0,0,0,31.9,35.5,37.1,38,0.92094815755572,2.13853373381143,1.36106926490031,0,0,0,0
767,766,"ALT600B05",29.4,13.05,"イヌガシ","EB",0,0,0,9.7,10.9,11.7,12.1,1.16357666891241,2.33273807451522,2.08885326735195,0,0,0,0
768,766,"ALT600B05",29.4,13.05,"イヌガシ","EB",0,0,0,5.6,5.6,6,6,0.363120376247113,0,1.37985742973903,0,0,0,0
769,771,"ALT600B04",26.65,20,"アカガシ","EB",0,0,0,10.5,10.8,10.8,10.9,0.196776484587476,0.563417539333929,0.184333102098481,0,0,0,0
770,771,"ALT600B04",26.65,20,"アカガシ","EB",0,0,0,14.4,15.2,15.6,15.8,0.488324912899822,1.08134442540552,0.774290243613808,0,0,0,0
771,771,"ALT600B04",26.65,20,"アカガシ","EB",0,0,0,16.3,18.7,19.9,20.4,1.18089364756555,2.74716832095648,1.74022753979259,0,0,0,0
773,773,"ALT600B05",20.7,19.75,"ヒイラギ","EB",0,0,0,5.5,5.5,5.6,5.6,0.0948342394877801,0,0.360370110053564,0,0,0,0
774,774,"ALT600B05",23.75,15.8,"シキミ","EB",0,0,0,5.6,6.3,6.8,7.2,1.32270751726793,2.35566071312767,2.67062785249046,0,0,0,0
775,775,"ALT600B05",22.3,17.1,"ケヤキ","DB",0,0,0,55.6,59.1,61.3,64.3,0.765139105194931,1.22095446311032,1.68657413663042,0.234116037964854,0.234116037964854,0,0
776,776,"ALT600B05",21.65,17.2,"アカガシ","EB",0,0,0,7.2,9,9.7,9.9,1.67607226904492,4.4628710262842,1.9062035960865,10.5977917801785,0.721754459442756,9.87603732073574,0
777,777,"ALT600B05",20.4,13.95,"シキミ","EB",0,0,0,8.2,9,9.5,9.9,0.991582120370195,1.86180846132024,1.9062035960865,0,0,0,0
778,779,"ALT600B05",21.8,10,"アブラチャン","DB",0,0,0,5.5,5.7,5.8,5.8,0.279525396389202,0.714361652041585,0.34783485423738,11.2534005326153,0,2.39094912166047,0
783,779,"ALT600B05",21.8,10,"アブラチャン","DB",0,0,0,6.3,6.9,7.3,7.5,0.917649406025146,1.81943556411454,1.66763217878102,8.28352293029676,0,1.42989383915837,0
784,784,"ALT600B05",24.15,11.9,"イヌツゲ","EB",0,0,0,8.9,9,9,9.2,0.174485301667896,0.223466011962505,0.439578134375503,0,0,0,0
2583,2583,"ALT600B05",20.75,16.85,"イヌガシ","EB",NA,0,0,NA,5.3,6.4,6.9,NA,NA,5.27629182090275,1.48580454883395,1.48580454883395,0,0
2591,779,"ALT600B05",21.8,10,"アブラチャン","DB",NA,0,0,NA,5,5.5,5.6,NA,NA,2.26657370614006,11.7213434321403,0,1.91503639172996,0
2592,779,"ALT600B05",21.8,10,"アブラチャン","DB",NA,0,0,NA,5.1,6.2,7.4,NA,NA,7.44478920959688,8.42044892468028,0,1.44921672887673,0
2819,779,"ALT600B05",21.8,10,"アブラチャン","DB",NA,NA,0,NA,NA,5.4,5.8,NA,NA,NA,11.2534005326153,0,1.8490006540841,0
755,755,"ALT600B05",27.2,6.1,"アオキ","EB",0,0,0,4.9,4.9,5.2,5.1,0.210554392703679,0,0.80010669227398,0,0,0,0
756,756,"ALT600B05",28.45,7.1,"イヌガヤ","EC",0,0,0,25.7,26.9,26.5,27,0.259715126858711,0.912705894132387,0.0742115879307155,0,0,0,0
758,758,"ALT600B05",24.7,5.35,"ヒイラギ","EB",0,0,0,13.5,14.8,15,15.4,0.693041178816841,1.83874990651371,0.794806572990282,0,0,0,0
759,758,"ALT600B05",24.7,5.35,"ヒイラギ","EB",0,0,0,13.5,13.1,13.1,13.2,-0.118278188695045,-0.601549104745559,0.152091987704384,0,0,0,0
631,632,"ALT600B01",37.3,98.6,"ケヤキ","DB",0,0,0,14.2,15.2,15.7,16.7,0.853509235871023,1.36106926490031,1.88226583140957,0,0,0,0
632,632,"ALT600B01",37.3,98.6,"ケヤキ","DB",0,0,0,37.2,47.8,53,56,2.15285752345289,5.01433756436619,3.16652102475478,0,0,0,0
637,637,"ALT600B01",39.5,80.4,"ケヤキ","DB",0,0,0,54.2,60.2,60.2,62.6,0.758338787686591,2.0998288773835,0.781858515825551,0,0,0,0
640,640,"ALT600B01",31.45,87.75,"アカガシ","EB",0,0,0,26.3,31.2,33.7,35.9,1.63772819110797,3.41698311263435,2.80638401357593,0,0,0,0
641,641,"ALT600B02",36.45,72.95,"イヌシデ","DB",0,0,0,46,48,48.9,49.4,0.375310672130431,0.851192288375918,0.574988265719716,0,0,0,0
642,642,"ALT600B02",36.85,76.25,"シラキ","DB",0,0,0,14.1,14.3,14.4,14.4,0.110807416830697,0.28169479763478,0.139373386321864,0,0,0,0
643,643,"ALT600B02",34.05,76.75,"アカガシ","EB",0,0,0,5.9,7.5,7.9,7.9,1.53637057137527,4.79901339261182,1.03919477861422,0,0,0,0
648,648,"ALT600B02",30.15,71.65,"アカガシ","EB",0,0,0,5.4,8.4,10.1,11.2,3.83955170910958,8.83665504558079,5.75364144903562,1.46812544741433,0,1.46812544741433,0
650,650,"ALT600B02",34.9,70.6,"イヌガシ","EB",0,0,0,5,5.3,5.6,5.7,0.689622433717917,1.16537816247952,1.45518708564857,0,0,0,0
2232,2231,"ALT600B02",37.55,70.9,"ヤブニッケイ","EB",NA,0,0,NA,7.6,9.8,11.5,NA,NA,8.28397576153838,0.61595669206758,0.36297447925411,0,0
2593,2593,"ALT600B02",29.75,72.85,"アブラチャン","DB",NA,0,0,NA,5,5.1,5.2,NA,NA,0.784414263065627,0,0,0,0
2693,2593,"ALT600B02",29.75,72.85,"アブラチャン","DB",NA,0,0,NA,4.9,5.4,6,NA,NA,4.05048528222948,0,0,0,0
651,651,"ALT600B02",37.65,61.1,"ブナ","DB",0,0,0,27.5,30.5,33.6,35.9,1.40290153064057,2.07081357881681,3.26021223761735,0.187753474224009,0.187753474224009,0,0
652,652,"ALT600B02",38,63.7,"イヌガシ","EB",0,0,0,28.6,31.5,32.9,33.6,0.847996574438693,1.93161656011561,1.29077042275142,0,0,0,0
653,652,"ALT600B02",38,63.7,"イヌガシ","EB",0,0,0,11.8,12.9,13.3,13.4,0.669237765711824,1.78255559792015,0.760547911784786,0,0,0,0
654,654,"ALT600B02",37.5,69.1,"イヌガシ","EB",0,0,0,7.7,10.8,13,14.9,3.47442570574619,6.76651610541072,6.43630157642479,0,0,0,0
655,655,"ALT600B02",35.4,69.5,"イヌガシ","EB",0,0,0,7.3,10.4,13.1,14.6,3.64814305557866,7.07862915985963,6.78431445133927,0,0,0,0
656,656,"ALT600B02",34.3,68.1,"ヒサカキ","EB",0,0,0,5.6,7.1,8.2,9,2.49714726102693,4.74656372612332,4.74259586577899,1.32940598066876,1.32940598066876,0,0
657,658,"ALT600B02",32.6,66.6,"イヌガシ","EB",0,0,0,10.2,10.7,10.9,11.1,0.445038884358227,0.957120423552703,0.734027337008559,0,0,0,0
658,658,"ALT600B02",32.6,66.6,"イヌガシ","EB",0,0,0,27.5,30.9,32.5,33.4,1.02299944900068,2.33140358462348,1.5559943215791,0,0,0,0
659,659,"ALT600B02",31.15,67.8,"ブナ","DB",0,0,0,45.1,45.7,46.1,46.3,0.138209024123978,0.264321027830529,0.260873263840584,0,0,0,0
660,660,"ALT600B02",33.3,64,"ブナ","DB",0,0,0,66.6,68.7,70.3,70.5,0.299516485641471,0.620892433639206,0.517270211798388,0,0,0,0
661,661,"ALT600B02",30.3,63.95,"アオハダ","DB",0,0,0,21.1,19.4,21.8,22.1,0.243708252850981,-1.67999948825477,2.6060908490885,0,0,0,0
662,662,"ALT600B02",32.45,61.6,"ブナ","DB",0,0,0,62.4,64.4,66.7,66.8,0.358620027195884,0.630967154698521,0.731788948645839,0,0,0,0
2278,2278,"ALT600B02",34.95,68.15,"アカガシ","EB",NA,0,0,NA,6.1,7.2,7.8,NA,NA,4.91669925032561,1.76991920503238,1.76991920503238,0,0
2594,2594,"ALT600B02",34.8,61.6,"アカガシ","EB",NA,0,0,NA,5.4,6,6.7,NA,NA,4.31417145653383,0,0,0,0
664,664,"ALT600B03",38,53.8,"イヌガシ","EB",0,0,0,11.1,13.3,14.2,15.2,1.65447536596812,3.6163785381884,2.67062785249045,0,0,0,0
665,665,"ALT600B03",38.35,56.15,"イヌガシ","EB",0,0,0,11.5,13.5,14.1,14.9,1.36323251359057,3.20685300150359,1.97343055014059,0,0,0,0
668,668,"ALT600B03",35,58.25,"ウラジロガシ","EB",0,0,0,10.5,11,11.7,12.7,1.00119334895299,0.930400312697858,2.8741344133235,7.02902756746526,0,5.88988497826278,0
669,669,"ALT600B03",34.9,58.85,"ブナ","DB",0,0,0,37.6,41.2,44,45.5,1.00372776611082,1.82868411919264,1.98548139202848,1.29436290101248,1.29436290101248,0,0
670,670,"ALT600B03",34.85,59.6,"イヌガシ","EB",0,0,0,6.7,9.4,10.6,11.8,2.97890528986684,6.77204325758076,4.54779684391322,5.79504600156268,0,5.12985589632494,0
672,672,"ALT600B03",32.5,53.5,"イヌガシ","EB",0,0,0,8.5,11.4,12.9,14.1,2.66372965204133,5.87094383808358,4.25122883967345,0,0,0,0
673,673,"ALT600B03",33.4,52.7,"イヌガシ","EB",0,0,0,5.8,6.7,7.1,7.5,1.35286896310469,2.88499217689093,2.25590988290689,0,0,0,0
674,674,"ALT600B03",39.75,54.75,"イヌガシ","EB",0,0,0,15.4,18,19.4,20.6,1.53117666513659,3.12008496953162,2.69838635798742,0,0,0,0
2346,2346,"ALT600B03",36.7,52.35,"イヌガシ","EB",NA,0,0,NA,5.6,5.9,6.1,NA,NA,1.71044346876324,0,0,0,0
2694,2694,"ALT600B03",38.6,59.5,"イヌガシ","EB",NA,0,0,NA,6,NA,9,NA,NA,8.10930216216329,0,0,0,0
677,677,"ALT600B03",37.9,47.15,"ウラジロガシ","EB",0,0,0,5.8,6.6,7.2,7.9,1.62634127326633,2.58423462960012,3.59586220881192,0,0,0,0
681,681,"ALT600B03",30.5,49.25,"イヌガシ","EB",0,0,0,5.3,7.5,8.5,9,2.78693556199023,6.94392399968377,3.64643113587909,0,0,0,0
682,682,"ALT600B03",30.7,45.15,"イヌガシ","EB",0,0,0,7.5,9.1,10.3,11.5,2.24970534119442,3.86742785961079,4.681452436928,0,0,0,0
683,683,"ALT600B03",31.7,45.75,"オオモミジ","DB",0,0,0,19.9,11.4,21.8,22.6,0.669632497619967,-11.1421275265999,13.6867310175558,0,0,0,0
2170,2170,"ALT600B03",33.25,41.75,"イヌガシ","EB",0,0,0,9.4,11,11.2,11.6,1.106817941244,3.14371167044825,1.06219650627897,0.308423169310316,0.308423169310316,0,0
2595,2595,"ALT600B03",37.1,47.95,"イヌガシ","EB",NA,0,0,NA,5.8,6.4,7.3,NA,NA,4.60032861203944,0,0,0,0
2820,680,"ALT600B03",34.3,46.45,"イヌガシ","EB",NA,NA,0,NA,NA,6.5,7.4,NA,NA,NA,0,0,0,0
2821,2821,"ALT600B03",35.6,41.55,"イヌガシ","EB",NA,NA,0,NA,NA,5.1,5.4,NA,NA,NA,0,0,0,0
685,685,"ALT600B04",39.5,36.2,"イヌガシ","EB",0,0,0,12.1,13.5,13.9,14.2,0.842297431602734,2.18968465683377,1.01104558325662,0,0,0,0
686,685,"ALT600B04",39.5,36.2,"イヌガシ","EB",0,0,0,8.6,8.9,NA,9.2,0.354954109450171,0.685781469572643,0.663044146338007,0,0,0,0
687,688,"ALT600B04",35.7,36.05,"イヌガシ","EB",0,0,0,8.7,10.2,11.1,11.4,1.42258068284164,3.18129389259375,2.22451270220449,0,0,0,0
688,688,"ALT600B04",35.7,36.05,"イヌガシ","EB",0,0,0,15.4,17,18.1,18.7,1.02187376021557,1.97691669273265,1.90620359608649,0,0,0,0
690,690,"ALT600B04",33.5,30.4,"イヌガシ","EB",0,0,0,11.8,13.1,13.8,14,0.899777884966524,2.09025397470973,1.32890198816306,0,0,0,0
691,691,"ALT600B04",34.8,30.7,"イヌガシ","EB",0,0,0,7.7,9.9,10.9,11.2,1.97207078653374,5.02628856561812,2.46758042321009,0,0,0,0
2234,2234,"ALT600B04",34.3,39.65,"イヌガシ","EB",NA,0,0,NA,6.7,7.6,8.4,NA,NA,4.52248358904695,0,0,0,0
692,692,"ALT600B04",37.1,21.65,"イヌガシ","EB",0,0,0,27.1,27.2,27.7,28.2,0.209411842412698,0.0736649083259274,0.722100092842327,0,0,0,0
693,693,"ALT600B04",38.6,23.85,"イヌガシ","EB",0,0,0,20.1,22.1,23,23.4,0.800085301571713,1.89715586917354,1.14316827679897,0,0,0,0
694,693,"ALT600B04",38.6,23.85,"イヌガシ","EB",0,0,0,5.7,6.1,6.2,6.2,0.442542722160744,1.35645192677522,0.325210417435607,0,0,0,0
695,693,"ALT600B04",38.6,23.85,"イヌガシ","EB",0,0,0,5.5,5.5,5.5,5.5,0,0,0,0,0,0,0
697,697,"ALT600B04",39.55,28.4,"イヌガシ","EB",0,0,0,7.2,8.5,9.2,9.6,1.51411617079885,3.31970274948522,2.4339386995504,0,0,0,0
698,698,"ALT600B04",36.15,26.2,"イヌシデ","DB",0,0,0,51.8,53.4,54.2,54.2,0.238372416737701,0.608411934014234,0.297403249589028,0,0,0,0
699,699,"ALT600B04",36.15,26.2,"アカガシ","EB",0,0,0,14.4,16.1,17.3,17.5,1.02617197025007,2.23182130816925,1.66763217878102,0,0,0,0
701,701,"ALT600B04",31.65,28.4,"イヌガシ","EB",0,0,0,5.6,6.7,7.3,7.8,1.74398492607601,3.58681857311634,3.04032414597251,0,0,0,0
702,702,"ALT600B04",30.85,26.95,"イヌガシ","EB",0,0,0,6.6,8.8,10.2,8.3,1.20624139879038,5.75364144903562,-1.16992413363217,0,0,0,0
703,703,"ALT600B04",32.35,27.05,"ケヤキ","DB",0,0,0,37.6,38.8,40,41.1,0.468442479507053,0.628323924667578,1.15175749745922,0,0,0,0
704,704,"ALT600B04",32,22.9,"ケヤキ","DB",0,0,0,51.4,52.6,53,53.4,0.20090828160542,0.461558945650898,0.301892524449698,0.997672009073179,0.997672009073179,0,0
705,706,"ALT600B04",32.7,22.65,"イヌガシ","EB",0,0,0,9.2,9.5,11.7,9.8,0.332520534850167,0.641766291030013,0.621811741400624,11.4217094817333,0,7.33076065293938,0
706,706,"ALT600B04",32.7,22.65,"イヌガシ","EB",0,0,0,14,14.7,15,15.1,0.398091653713789,0.975803283388641,0.536945000723761,6.94055770229305,0,4.75771221184145,0
707,706,"ALT600B04",32.7,22.65,"イヌガシ","EB",0,0,0,12.2,13.4,14.5,14.7,0.981113379186736,1.8763751043531,1.8518557365565,7.1660244584913,0,4.88717376862625,0
708,710,"ALT600B04",36.2,21.15,"アカガシ","EB",0,0,0,8.3,8.3,NA,8.5,0.125319203651149,0,0.476212973874368,0,0,0,0
709,710,"ALT600B04",36.2,21.15,"アカガシ","EB",0,0,0,9.5,9.5,NA,9.5,0,0,0,0,0,0,0
710,710,"ALT600B04",36.2,21.15,"イヌガシ","EB",0,0,0,11.8,12.5,12.8,13.1,0.55006683544993,1.15258225673272,0.937671717977009,0,0,0,0
711,711,"ALT600B04",35.9,24.35,"ヤブニッケイ","EB",0,0,0,15,16.1,16.7,17.3,0.750822633692227,1.41538141776415,1.43774459026632,0,0,0,0
712,712,"ALT600B05",39.2,10.75,"イヌガシ","EB",0,0,0,30.5,33.5,33.9,34,0.571757057909449,1.8763751043531,0.296301715702814,0,0,0,0
713,713,"ALT600B05",39.1,11.85,"アカガシ","EB",0,0,0,20.8,28.4,31,33.1,2.44515945092497,6.22872316919776,3.06288274431714,0,0,0,0
714,714,"ALT600B05",37.15,13,"アカガシ","EB",0,0,0,40.2,47.4,50.6,54.1,1.56298521172348,3.29510466152111,2.6442391430281,0,0,0,0
715,715,"ALT600B05",38.1,18.6,"ウラジロガシ","EB",0,0,0,6,6.9,7.3,7.8,1.3808645498289,2.79523884750318,2.45204644184665,0,0,0,0
716,716,"ALT600B05",35.55,17.55,"アカガシ","EB",0,0,0,22.7,26.1,27.8,29.2,1.32528307782568,2.79140779682582,2.24466789891177,0,0,0,0
717,718,"ALT600B05",31.2,19.75,"イヌガシ","EB",0,0,0,7.7,7.8,7.8,7.9,0.13496016112283,0.258068096718156,0.254780515548599,0,0,0,0
718,718,"ALT600B05",31.2,19.75,"イヌガシ","EB",0,0,0,31.2,34.4,36.4,36.9,0.883123453847604,1.95276939127832,1.40309973334257,0,0,0,0
719,719,"ALT600B05",31.7,14.5,"イヌガシ","EB",0,0,0,5.3,5.9,6.2,6.2,0.825486692068262,2.14491060707196,0.99193882278744,5.36898766867378,0,5.36898766867378,0
720,720,"ALT600B05",31.45,13.55,"オオモミジ","DB",0,0,0,32,32.3,32.6,32.7,0.11389039528148,0.186626548577684,0.24615695349194,0.193010208627987,0.193010208627987,0,0
723,723,"ALT600B05",34.3,13.25,"アカガシ","EB",0,0,0,7,7.6,7.8,7.8,0.569545182317015,1.64476196473944,0.519509728065215,0,0,0,0
724,724,"ALT600B05",35.45,12.15,"アカガシ","EB",0,0,0,31.4,37.1,40.8,42.5,1.59313780534823,3.33618153398364,2.71774212633963,0,0,0,0
725,724,"ALT600B05",35.45,12.15,"アカガシ","EB",0,0,0,22.5,26.5,NA,29.7,1.46121966630673,3.27258847563604,2.28004625632955,0,0,0,0
726,726,"ALT600B05",36.35,14,"ヒメシャラ","DB",0,0,0,19.5,19.4,19.4,19.4,-0.0270599973706251,-0.102827990008375,0,0,0,0,0
727,727,"ALT600B05",38,0.5,"イヌツゲ","EB",0,0,0,13.9,14.3,14.3,14.4,0.185996665501626,0.567413942584311,0.139373386321864,0,0,0,0
729,732,"ALT600B05",39.95,3.5,"アブラチャン","DB",0,0,0,8.2,10.9,11.2,11.4,1.73410105858022,5.69257269929781,0.897011323307034,0,0,0,0
731,732,"ALT600B05",39.95,3.5,"アブラチャン","DB",0,0,0,6.1,8.6,8.9,9.1,2.10518759128178,6.86946864160393,1.13024420526685,0,0,0,0
741,741,"ALT600B05",32.5,5.8,"ヒメシャラ","DB",0,0,0,22.4,23.7,24.2,24.4,0.450116702306115,1.12828178560183,0.582161683161411,0,0,0,0
2280,732,"ALT600B05",39.95,3.5,"アブラチャン","DB",NA,0,0,NA,7.3,7.4,7.4,NA,NA,0.272113041115574,0,0,0,0
620,621,"ALT600C01",44.9,89.6,"アブラチャン","DB",0,0,0,5.4,6.1,6.7,6.3,0.811319367511885,2.43779635218074,0.64521724436443,0,0,0,0
601,603,"ALT600C02",44.95,69.65,"イヌガシ","EB",0,0,0,6.1,8.8,13.1,15.6,4.94201127934856,7.32925900609791,11.4503838554266,0,0,0,0
606,606,"ALT600C02",44.9,74.5,"イヌガシ","EB",0,0,0,5.4,10.2,13.7,14.6,5.23485565865296,12.7197753343999,7.17267616848131,0.20459945035772,0,0.20459945035772,0
611,609,"ALT600C02",42.65,79.25,"イヌガシ","EB",0,0,0,6.4,8.4,9.6,9.8,2.24254944900474,5.43867430967283,3.08301359654517,0,0,0,0
613,613,"ALT600C02",42.05,76.65,"オオモミジ","DB",0,0,0,10.5,12.5,15.4,16.7,2.44228138031175,3.48706774289555,5.79360150228908,0.24999588948158,0.24999588948158,0,0
2599,2599,"ALT600C02",45.35,73.3,"イヌガシ","EB",NA,0,0,NA,7.1,10.2,12.5,NA,NA,11.3126772052197,2.7552047004127,1.62983940024413,0,0
2600,2599,"ALT600C02",45.35,73.3,"イヌガシ","EB",NA,0,0,NA,5.4,7.3,8.4,NA,NA,8.83665504558079,5.28381183114861,3.60916108685014,0,0
2823,603,"ALT600C02",44.95,69.65,"イヌガシ","EB",NA,NA,0,NA,NA,5.5,5.6,NA,NA,NA,0,0,0,0
583,583,"ALT600C02",49.5,60.3,"オオモミジ","DB",0,0,0,10.4,11.4,12.1,12.8,1.09283876199076,1.83615098506246,2.31663631050243,0,0,0,0
584,584,"ALT600C02",47.1,60.9,"ヒメシャラ","DB",0,0,0,52.8,53.9,54.3,54.8,0.195678964430284,0.412385744054712,0.331194320780367,0.15220298098411,0.15220298098411,0,0
585,585,"ALT600C02",49.5,62.4,"ヒメシャラ","DB",0,0,0,41.1,42.6,43.4,44.4,0.406480778610475,0.716922635462718,0.827704323257086,0,0,0,0
586,586,"ALT600C02",48.4,62.9,"アカガシ","EB",0,0,0,7.6,8.9,10.3,10.3,1.59997709443845,3.15806058891618,2.92185236994992,0.286903853190995,0.286903853190995,0,0
588,588,"ALT600C02",49.45,67.2,"カゴノキ","EB",0,0,0,14.7,19.4,22,23.6,2.49157483287828,5.54851144569183,3.91947291924564,0.365640251952547,0.365640251952547,0,0
591,591,"ALT600C02",43.65,66.9,"アカガシ","EB",0,0,0,5.9,8.1,10.5,11.5,3.51260360240806,6.33823421533438,7.00965947381623,0,0,0,0
592,592,"ALT600C02",42.05,66.9,"ヒサカキ","EB",0,0,0,5.6,7.4,9.1,10,3.05167629080496,5.57426804938041,6.02210185567843,0,0,0,0
593,593,"ALT600C02",45.25,64.3,"イヌガシ","EB",0,0,0,26.1,27.7,28.8,29.3,0.608695798391441,1.1899419772929,1.12310205659458,0,0,0,0
595,595,"ALT600C02",41.5,63.1,"ヒサカキ","EB",0,0,0,6.3,7.1,8,8.2,1.38728695196169,2.39090301299565,2.88078740445875,1.05409255338945,1.05409255338945,0,0
596,596,"ALT600C02",43.8,62.5,"ヒメシャラ","DB",0,0,0,23.9,25.1,26.2,26.8,0.602754887259716,0.979787744005467,1.31068082758145,0,0,0,0
597,597,"ALT600C02",43.6,60.75,"ブナ","DB",0,0,0,19,19.4,20.4,21.2,0.576643171113296,0.416681738056837,1.77456231217369,0.264150943396226,0.264150943396226,0,0
2601,2601,"ALT600C02",42.75,60.15,"ヤブニッケイ","EB",NA,0,0,NA,5.3,6.3,7,NA,NA,5.56406656994475,0,0,0,0
2602,2602,"ALT600C02",40.4,67,"ヤブニッケイ","EB",NA,0,0,NA,5.9,6.5,6.5,NA,NA,1.93699651979835,0,0,0,0
2603,2603,"ALT600C02",43,69.5,"イヌガシ","EB",NA,0,0,NA,6.3,9.5,10.8,NA,NA,10.7799300146537,0,0,0,0
2824,2824,"ALT600C02",50.25,68.55,"イヌガシ","EB",NA,NA,0,NA,NA,6.4,6.5,NA,NA,NA,0.712139066140344,0.712139066140344,0,0
571,571,"ALT600C03",47.65,53.35,"アカガシ","EB",0,0,0,10.8,12.2,13.3,15.7,1.96902409591625,2.43779635218074,5.04449521230103,0,0,0,0
572,572,"ALT600C03",45.5,52.45,"イヌガシ","EB",0,0,0,5.4,6.2,6.5,7.5,1.72896877353703,2.76300676961634,3.80707456982438,0,0,0,0
573,573,"ALT600C03",44.3,53.55,"ヤブニッケイ","EB",0,0,0,12.4,14.8,16.2,18.7,2.16224763815553,3.53861416318157,4.67792686180943,0,0,0,0
575,575,"ALT600C03",47.65,57.65,"イヌガシ","EB",0,0,0,12.6,13.9,14.2,14.5,0.739220186679455,1.96384052358428,0.845196185797652,2.51034482758621,1.07586206896552,0,0
581,581,"ALT600C03",43.7,50.7,"アカガシ","EB",0,0,0,5.7,6.1,6.5,7.7,1.5829166001007,1.35645192677522,4.65863115360745,0,0,0,0
582,581,"ALT600C03",43.7,50.7,"アカガシ","EB",0,0,0,68.5,72.3,74,74.7,0.456033404582063,1.07980767793079,0.653119259481054,0,0,0,0
2306,2306,"ALT600C03",40.4,52.95,"イヌガシ","EB",NA,0,0,NA,5.8,6.5,7.5,NA,NA,5.14090205979782,0.501763108532438,0.501763108532438,0,0
2604,2604,"ALT600C03",41.75,51.35,"イヌガシ","EB",NA,0,0,NA,5.2,5.2,5.6,NA,NA,1.48215944307444,0,0,0,0
2822,2822,"ALT600C02",48.7,66.25,"イヌガシ","EB",NA,NA,0,NA,NA,7.6,7.9,NA,NA,NA,0,0,0,0
560,560,"ALT600C03",46.3,41.3,"アカガシ","EB",0,0,0,7.2,8.3,8.6,9,1.174439743759,2.84348977561085,1.61938125067334,0.628539361054712,0.628539361054712,0,0
561,561,"ALT600C03",46.85,43.8,"ブナ","DB",0,0,0,72.1,73.7,74.5,74.8,0.193493898365938,0.438975098087755,0.296301715702809,0,0,0,0
562,562,"ALT600C03",48.6,43.35,"イヌガシ","EB",0,0,0,7.5,9.6,10.4,10.9,1.96768299312018,4.93720155863052,2.53999381522615,1.16848403987962,1.16848403987962,0,0
563,563,"ALT600C03",49.15,49.55,"イヌガシ","EB",0,0,0,14.8,17.5,18.4,20.2,1.63713380861626,3.35147400318798,2.86963446955381,1.32026032956606,0,0.642560160397172,0
565,581,"ALT600C03",43.7,50.7,"アカガシ","EB",0,0,0,7.2,8.3,8.4,9,1.174439743759,2.84348977561085,1.61938125067334,0,0,0,0
566,566,"ALT600C03",40.5,48.35,"イヌガシ","EB",0,0,0,12.4,16,17.6,18.9,2.21823920765582,5.0978449925758,3.33146399651631,0.454912859338152,0.454912859338152,0,0
568,568,"ALT600C03",44.85,43.25,"イヌガシ","EB",0,0,0,5.9,7.7,8.7,9.6,2.5621618292743,5.32535955895929,4.41085539228305,0.422194457589146,0.422194457589146,0,0
569,569,"ALT600C03",44,40.55,"アカガシ","EB",0,0,0,56.4,59.7,61.7,63.4,0.615761594416669,1.13725723789086,1.20263682089247,0,0,0,0
2236,2236,"ALT600C03",44,47,"イヌガシ","EB",NA,0,0,NA,7,7.5,8.1,NA,NA,2.91907825246159,0,0,0,0
2282,2282,"ALT600C03",48.55,43.85,"シキミ","EB",NA,0,0,NA,5.5,5.7,6.4,NA,NA,3.03099796254402,3.38934542915277,3.38934542915277,0,0
2283,2236,"ALT600C03",44,47,"イヌガシ","EB",NA,0,0,NA,5.8,6,6.5,NA,NA,2.27888518698436,0,0,0,0
2347,2347,"ALT600C03",42.15,47.65,"イヌガシ","EB",NA,0,0,NA,5.9,6.5,7.4,NA,NA,4.53055298596901,0,0,0,0
553,553,"ALT600C04",47.65,33.55,"アカガシ","EB",0,0,0,22,22.6,22.8,23.3,0.30216266954389,0.538149058398488,0.610069085868292,0,0,0,0
554,554,"ALT600C04",48.3,38.25,"ヤブニッケイ","EB",0,0,0,12.2,15.4,16.5,18.8,2.27589956892996,4.65863115360745,3.9897872083264,0.840940365380818,0.568871423639965,0,0
555,555,"ALT600C04",42.05,37.55,"イヌガシ","EB",0,0,0,6.4,7.7,8,8.4,1.43123008149285,3.69844676988024,1.74022753979259,0,0,0,0
556,556,"ALT600C04",41.35,38.8,"イヌガシ","EB",0,0,0,7.1,8.7,9.6,10.3,1.95815321678063,4.06456483226536,3.37641739150104,0,0,0,0
558,558,"ALT600C04",41,30.65,"イヌシデ","DB",0,0,0,67.2,67.7,68.1,68.4,0.093155668944215,0.148258647782511,0.205732894205511,0.0620269106303988,0.0620269106303988,0,0
2303,2303,"ALT600C04",44.45,38.15,"イヌガシ","EB",NA,0,0,NA,5.8,6.5,7.1,NA,NA,4.04473732989792,0,0,0,0
2304,2304,"ALT600C04",42.95,31.85,"ウラジロガシ","EB",NA,0,0,NA,4.9,5,5.1,NA,NA,0.80010669227398,1.69814424853779,1.69814424853779,0,0
540,540,"ALT600C04",49.9,20.45,"イヌガシ","EB",0,0,0,15,15.2,15.2,15.3,0.10422435419042,0.26490453500041,0.131148010923185,0,0,0,0
541,541,"ALT600C04",46.9,23.65,"イヌガシ","EB",0,0,0,6.6,7.4,7.9,8.2,1.14244476440962,2.28820702355489,2.05308308120166,0,0,0,0
543,543,"ALT600C04",48.9,26.8,"アカガシ","EB",0,0,0,46.3,47.5,48.2,48.4,0.23346238226525,0.511754998968146,0.375402053639809,0.16971134028055,0.16971134028055,0,0
544,544,"ALT600C04",48.45,27.65,"イヌガシ","EB",0,0,0,5.4,6.6,7.3,7.9,2.00244108369867,4.01341390924302,3.59586220881192,6.37011692497364,6.37011692497364,0,0
546,546,"ALT600C04",44.2,26.55,"ウラジロガシ","EB",0,0,0,5.6,6.6,6.9,7.3,1.39530394954338,3.28606102582553,2.01609398243931,0,0,0,0
547,547,"ALT600C04",41.8,25.05,"アカガシ","EB",0,0,0,30.5,34.9,37.6,39.7,1.38749738989357,2.69520291190031,2.57728716969527,0,0,0,0
548,548,"ALT600C04",44.9,24.25,"イヌガシ","EB",0,0,0,8.5,9.1,9.7,10.2,0.959587141020814,1.36416500053067,2.28226613534842,0,0,0,0
549,549,"ALT600C04",43.65,23,"アカガシ","EB",0,0,0,37.8,42.5,44.9,47,1.1465184162343,2.34389946609658,2.01287051559375,0.0680851063829787,0.0680851063829787,0,0
551,552,"ALT600C04",43.5,21.25,"ヤブニッケイ","EB",0,0,0,23.3,23.7,23.8,23.8,0.111748526872495,0.34043375138861,0.0842106507268736,0,0,0,0
552,552,"ALT600C04",43.5,21.25,"ヤブニッケイ","EB",0,0,0,5.1,5.3,5.5,5.9,0.766904269375757,0.769325616555923,2.14491060707196,0,0,0,0
2284,2284,"ALT600C04",47.35,28.5,"アカガシ","EB",NA,0,0,NA,5.5,5.5,5.6,NA,NA,0.360370110053564,0,0,0,0
2605,2605,"ALT600C04",48.85,23.35,"ヤブニッケイ","EB",NA,0,0,NA,4.7,5,5.6,NA,NA,3.50408178050181,0,0,0,0
2825,2825,"ALT600C04",42.8,29.6,"イヌガシ","EB",NA,NA,0,NA,NA,5.1,5.5,NA,NA,NA,0,0,0,0
531,531,"ALT600C05",47.95,19.35,"アカガシ","EB",0,0,0,31.5,37.1,37.1,42.5,1.5764027899936,3.27258847563604,2.71774212633963,0,0,0,0
532,531,"ALT600C05",47.95,19.35,"アカガシ","EB",0,0,0,22.3,26.5,26.5,28.7,1.32794970683949,3.45116109052207,1.59504779546798,0,0,0,0
536,536,"ALT600C05",45,12.1,"ヒメシャラ","DB",0,0,0,15.4,15.8,15.8,15.7,0.101543173340415,0.512848612266753,-0.126984553573178,6.54851008369809,6.54851008369809,0,0
537,539,"ALT600C05",44.75,11.45,"イヌガシ","EB",0,0,0,27.1,29.7,30.7,31.4,0.775127184360802,1.83226635845997,1.11321694211108,2.55629688323131,0,0.717958158617738,0
538,539,"ALT600C05",44.75,11.45,"イヌガシ","EB",0,0,0,7.9,8.1,8.2,8.3,0.259961870155666,0.500026044108344,0.487829062483185,13.6671553086268,0,2.71613086513216,0
539,539,"ALT600C05",44.75,11.45,"イヌガシ","EB",0,0,0,29.5,30.9,31.7,31.9,0.411661823394867,0.927318411158511,0.636996517741983,2.49372300861584,0,0.706704895943479,0
2606,2606,"ALT600C05",48.35,16.2,"イヌガシ","EB",NA,0,0,NA,5.2,5.7,6.2,NA,NA,3.51781332927328,0,0,0,0
519,519,"ALT600C05",49.05,6.55,"アカガシ","EB",0,0,0,33.6,39.5,41.4,43,1.29828446697055,3.23549209875835,1.69798887572973,0,0,0,0
520,520,"ALT600C05",48.9,8.7,"イヌガシ","EB",0,0,0,6.6,6.7,6.6,6.7,0.0791467229712658,0.30075754729081,0,0,0,0,0
526,526,"ALT600C05",43.1,7.25,"イヌガヤ","EC",0,0,0,10.7,11.2,11.3,11.5,0.379491020533389,0.913400736663765,0.528665141363113,0,0,0,0
2285,527,"ALT600C05",44.35,6.2,"ムラサキシキブ","DB",NA,0,0,NA,5.2,5.2,5.2,NA,NA,0,0,0,0,0
2826,526,"ALT600C05",43.1,7.25,"イヌガヤ","EC",NA,NA,0,NA,NA,5.7,6.2,NA,NA,NA,0,0,0,0
398,399,"ALT600C01",54.15,97.25,"アブラチャン","DB",0,0,0,7.1,8.4,8.7,9.3,1.4206295584839,3.36273843603997,2.03565388619885,0,0,0,0
400,399,"ALT600C01",54.15,97.25,"アブラチャン","DB",0,0,0,6.7,10.1,11.4,11.8,2.97890528986684,8.20855794900587,3.11128215248811,0,0,0,0
401,399,"ALT600C01",54.15,97.25,"アブラチャン","DB",0,0,0,7.9,10.2,11.8,12.4,2.37280901651587,5.11049921634499,3.90617504641532,0,0,0,0
402,399,"ALT600C01",54.15,97.25,"アブラチャン","DB",0,0,0,10.2,11,11.6,12,0.855362786830394,1.51015105016291,1.74022753979259,0,0,0,0
2302,399,"ALT600C01",54.15,97.25,"アブラチャン","DB",NA,0,0,NA,7,8.1,8.4,NA,NA,3.64643113587909,0,0,0,0
2607,399,"ALT600C01",54.15,97.25,"アブラチャン","DB",NA,0,0,NA,4.8,4.8,5.2,NA,NA,1.60085415347073,0,0,0,0
2827,399,"ALT600C01",54.15,97.25,"アブラチャン","DB",NA,NA,0,NA,NA,4.9,5.9,NA,NA,NA,0,0,0,0
407,407,"ALT600C01",58.2,84.9,"アブラチャン","DB",0,0,0,7.5,9.6,10,10.2,1.61834052498927,4.93720155863052,1.2124924363287,0,0,0,0
408,408,"ALT600C01",55.5,88.05,"アブラチャン","DB",0,0,0,6.6,10,10.5,10.8,2.59198150051471,8.31030887923332,1.53922082272257,0,0,0,0
2240,2240,"ALT600C01",52.8,83.05,"ウリノキ","DB",NA,0,0,NA,6.6,7.5,8.3,NA,NA,4.58371731540345,0,0,0,0
2287,2287,"ALT600C02",56.55,79.8,"イタヤカエデ","DB",NA,0,0,NA,7.4,8.8,9.5,NA,NA,4.99623596792742,0.952321440227273,0.952321440227273,0,0
2360,2240,"ALT600C01",52.8,83.05,"ウリノキ","DB",NA,0,0,NA,5.7,6.4,6.5,NA,NA,2.62672004122174,0,0,0,0
2828,408,"ALT600C01",55.5,88.05,"アブラチャン","DB",NA,NA,0,NA,NA,5.1,6.2,NA,NA,NA,0,0,0,0
2829,407,"ALT600C01",58.2,84.9,"アブラチャン","DB",NA,NA,0,NA,NA,5.7,7.1,NA,NA,NA,0,0,0,0
2830,408,"ALT600C01",55.5,88.05,"アブラチャン","DB",NA,NA,0,NA,NA,6.1,7.4,NA,NA,NA,0,0,0,0
2831,407,"ALT600C01",58.2,84.9,"アブラチャン","DB",NA,NA,0,NA,NA,6.1,6.8,NA,NA,NA,0,0,0,0
415,415,"ALT600C02",57.85,75.05,"イヌガシ","EB",0,0,0,5.6,6.7,6.7,6.7,0.9438996245043,3.58681857311634,0,5.45298355176072,2.65618109971152,0,0
416,416,"ALT600C02",57.95,74.1,"イヌガシ","EB",0,0,0,6,8.8,10.3,10.8,3.09361402580063,7.65984504512212,4.09588825292026,2.98545496588491,2.74312907579685,0,0
417,417,"ALT600C02",52.1,75.75,"ミズキ","DB",0,0,0,8.8,12.6,15.8,18.5,3.91062637157957,7.17890184946543,7.68147836253694,0,0,0,0
420,420,"ALT600C02",50.85,72.05,"ヤブニッケイ","EB",0,0,0,6,8,8.3,8.6,1.89475123174425,5.75364144903562,1.44641323159252,1.21751025991792,0,0.834473324213407,0
422,422,"ALT600C02",52.8,69.8,"イヌガシ","EB",0,0,0,7.7,12,15.8,19.4,4.86343545899813,8.87372641856724,9.60732832562564,0.323890082650556,0.323890082650556,0,0
424,424,"ALT600C02",54.6,69.8,"アオハダ","DB",0,0,0,10.1,11.3,12.3,12.7,1.20561352430175,2.24534603742162,2.33598535492501,0,0,0,0
425,424,"ALT600C02",54.6,69.8,"アオハダ","DB",0,0,0,5.9,7.5,8.8,9.9,2.72411792752037,4.79901339261182,5.55263473196559,0,0,0,0
427,427,"ALT600C02",58.65,73.3,"シラキ","DB",0,0,0,16.8,18.1,18.6,18.6,0.53569839110496,1.49066103725134,0.544992848947511,5.78738244498805,0,5.78738244498805,0
428,428,"ALT600C02",58.9,72.95,"ケヤキ","DB",0,0,0,40.4,42,45,46.3,0.717432505921494,0.776796666325279,1.9494468561764,0.933998306969789,0,0.933998306969789,0
2348,2348,"ALT600C02",54.3,74.05,"イヌガシ","EB",NA,0,0,NA,5.9,5.9,5.9,NA,NA,0,0.860495436766625,0.860495436766625,0,0
2609,416,"ALT600C02",57.95,74.1,"イヌガシ","EB",NA,0,0,NA,5.4,6.2,6.2,NA,NA,2.76300676961634,5.97716350312694,5.55504743652193,0,0
2610,415,"ALT600C02",57.85,75.05,"イヌガシ","EB",NA,0,0,NA,4.8,5,5,NA,NA,0.816439890405104,7.66292622672071,3.66396745813149,0,0
2611,419,"ALT600C02",51.25,72.8,"アブラチャン","DB",NA,0,0,NA,5.1,5.7,6.1,NA,NA,3.58096462897971,6.5429122468659,2.19864995178399,4.34426229508191,0
2612,419,"ALT600C02",51.25,73,"アブラチャン","DB",NA,0,0,NA,5.1,5.2,5.3,NA,NA,0.769325616555923,5.75471698113199,0,5.75471698113199,0
2832,2832,"ALT600C02",52.65,74.65,"イヌガシ","EB",NA,NA,0,NA,NA,5.3,5.7,NA,NA,NA,0,0,0,0
429,429,"ALT600C02",58.65,65.85,"シキミ","EB",0,0,0,12.1,12.6,13,13.4,0.53710133870616,0.80982722709474,1.23115785998867,0,0,0,0
431,431,"ALT600C02",54.8,66.95,"イヌガシ","EB",0,0,0,5,6.7,7.8,8,2.47370331181966,5.8533922792564,3.54668030565831,1.96783088235294,1.96783088235294,0,0
432,432,"ALT600C02",53.2,66.95,"シキミ","EB",0,0,0,6.5,7.5,8.5,8.6,1.47347382293616,2.86201687281346,2.73718365434395,0,0,0,0
433,433,"ALT600C02",51.4,66.15,"シキミ","EB",0,0,0,6.6,7.8,8.8,9.1,1.69055139205487,3.34108169326332,3.08301359654517,0,0,0,0
435,435,"ALT600C02",55.1,63.6,"オオモミジ","DB",0,0,0,8.4,8.5,8.7,9.2,0.478798832661719,0.236689152940056,1.58274641117448,0,0,0,0
436,436,"ALT600C02",55.35,62.35,"アカガシ","EB",0,0,0,8.1,9.1,10.9,11.8,1.98018668312224,2.32820703688823,5.19650235897629,0.971508818247568,0.971508818247568,0,0
438,438,"ALT600C02",56.55,64.4,"オオモミジ","DB",0,0,0,21.7,23.3,24.3,24.9,0.723976541706569,1.42282200050482,1.32828885798014,0,0,0,0
439,439,"ALT600C02",53.4,60.4,"アオハダ","DB",0,0,0,7.9,8,8,7.9,0,0.251575644137199,-0.251575644137201,2.15452155139159,0.870976797371068,0.779295029226745,0
440,440,"ALT600C02",56.35,60.9,"アカガシ","EB",0,0,0,16.6,18.9,20.5,21.2,1.28736045429194,2.59518453406198,2.2967851922474,0,0,0,0
2238,2238,"ALT600C02",53.6,65.4,"イヌガシ","EB",NA,0,0,NA,7.1,8.3,8.8,NA,NA,4.29313874873782,0,0,0,0
2286,2286,"ALT600C02",55.65,66.95,"イヌガシ","EB",NA,0,0,NA,6,6.7,7,NA,NA,3.08301359654517,11.2605042016812,10.773109243698,0,0
2613,2613,"ALT600C02",51.6,63.35,"アカガシ","EB",NA,0,0,NA,5.6,7.4,8.3,NA,NA,7.86977834122898,1.8857673979214,1.8857673979214,0,0
441,441,"ALT600C03",58.45,59.75,"イロハモミジ","DB",0,0,0,17.3,17.8,18.3,19,0.493328829803722,0.569839115886125,1.30481043736802,0,0,0,0
445,445,"ALT600C03",55.6,59.2,"アカガシ","EB",0,0,0,11.4,11.7,11.6,11.8,0.18150618984826,0.51950972806521,0.170213793358177,0,0,0,0
447,447,"ALT600C03",51.5,57.35,"イヌガシ","EB",0,0,0,12.2,13.1,13.6,13.8,0.64859284433657,1.4235255693579,1.04112723912106,0,0,0,0
448,448,"ALT600C03",51.75,55.55,"アカガシ","EB",0,0,0,12.3,14.5,16,17.8,1.94525892062983,3.29098774096314,4.10099615743021,3.80519004324764,0,3.80519004324764,0
449,449,"ALT600C03",52.05,55.5,"ブナ","DB",0,0,0,18.9,19.3,19.7,20.6,0.45331133542073,0.418863476904868,1.30371959769391,2.84106987770426,2.84106987770426,0,0
450,450,"ALT600C03",54.2,54.95,"イヌシデ","DB",0,0,0,25.2,26,26.3,26.7,0.304313530993822,0.625050870082091,0.531340547694434,0,0,0,0
454,454,"ALT600C03",53.25,51.95,"イヌガシ","EB",0,0,0,9.4,10.8,11.7,20.7,4.15486321576508,2.77672889708432,13.011751322823,0,0,0,0
455,455,"ALT600C03",57.4,54.9,"イヌシデ","DB",0,0,0,44.1,45,44.9,45,0.10633003851326,0.404054146350389,0,0,0,0,0
456,456,"ALT600C03",57.2,53.75,"イヌガシ","EB",0,0,0,6,7.4,7.7,7.9,1.44791205392064,4.19441061964138,1.30765518525703,13.7328016792862,2.87882380319423,10.853977876092,0
457,457,"ALT600C03",57.85,53.6,"ブナ","DB",0,0,0,54.5,55.9,56.8,57.2,0.254490509034494,0.5072735698371,0.459790364493976,0.295774008093952,0.295774008093952,0,0
458,458,"ALT600C03",57.65,50.35,"オオモミジ","DB",0,0,0,12.8,12.9,12.9,13.2,0.161956098246071,0.155642808841099,0.459790364493971,3.85780885780887,3.85780885780887,0,0
459,459,"ALT600C03",58.3,50.35,"イヌガシ","EB",0,0,0,20.1,22.3,23.1,23.5,0.822529505710964,2.07733726802086,1.0482748536808,1.49263502454992,0,0.86415711947627,0
460,460,"ALT600D03",60.75,51.4,"イヌガシ","EB",0,0,0,5.2,6.6,7.1,7.3,1.78534590824718,4.76822046889996,2.01609398243931,0.65753424657534,0.65753424657534,0,0
2614,2614,"ALT600C03",53.5,56.25,"イヌガシ","EB",NA,0,0,NA,5.2,5.6,6,NA,NA,2.86201687281346,0,0,0,0
2833,2833,"ALT600C03",53.1,59.3,"アカガシ","EB",NA,NA,0,NA,NA,5.7,6.6,NA,NA,NA,0,0,0,0
2834,2834,"ALT600C03",54.25,57.7,"イヌガシ","EB",NA,NA,0,NA,NA,5.6,5.9,NA,NA,NA,0,0,0,0
461,461,"ALT600C03",59,46.2,"アカガシ","EB",0,0,0,7.9,11.6,13.9,15.3,3.47889509960744,7.68284677278686,5.53695460572142,0,0,0,0
462,462,"ALT600C03",58.85,43.55,"イヌガシ","EB",0,0,0,15.5,19.1,19.5,19.5,1.20828653497105,4.17696622254767,0.414522610342339,0,0,0,0
463,463,"ALT600C03",54.15,47.75,"アカガシ","EB",0,0,0,16.8,22,25.2,28.3,2.74464693810515,5.39327133898205,5.03638702581752,0,0,0,0
464,464,"ALT600C03",53.55,46.8,"イヌガシ","EB",0,0,0,9.4,9.9,10,9.8,0.219329981055621,1.03650135729172,-0.203047429280359,0,0,0,0
466,466,"ALT600C03",50,49.05,"オオモミジ","DB",0,0,0,10.2,11.5,12.3,12.8,1.19503921387024,2.39918630157958,2.14196271112734,2.66977785393537,2.66977785393537,0,0
467,467,"ALT600C03",50.8,40.7,"イヌガシ","EB",0,0,0,17.3,20.8,22.1,22.9,1.47594952134979,3.68492970407078,1.92367847705843,0,0,0,0
468,468,"ALT600C03",53.9,40.45,"ウラジロガシ","EB",0,0,0,8.6,13.7,15.9,17.7,3.79896019115959,9.31267259149234,5.12337613491409,0,0,0,0
2201,2201,"ALT600C03",55.65,44,"アカガシ","EB",0,0,0,5.3,7.3,7.6,8.1,2.23240653221219,6.40335055192538,2.07979427048095,0.764248821782562,0.764248821782562,0,0
2615,2615,"ALT600C04",55.4,39.35,"イロハモミジ","DB",NA,0,0,NA,5.1,5.4,6,NA,NA,3.2503785899555,5.6647055429993,5.6647055429993,0,0
470,470,"ALT600C04",59.05,37.35,"イヌガシ","EB",0,0,0,17.4,20.3,21.1,21.6,1.13801636036651,3.08301359654517,1.24144857284755,0,0,0,0
472,472,"ALT600C04",56.75,35.4,"アカガシ","EB",0,0,0,7,9.5,9.8,10.1,1.92960670943105,6.10763299102364,1.22487250481437,0,0,0,0
473,473,"ALT600C04",55.4,34.75,"イヌガシ","EB",0,0,0,7.6,9.2,9.4,9.7,1.28409283272132,3.82110473525418,1.05844802908685,0,0,0,0
474,474,"ALT600C04",51.85,37.3,"シキミ","EB",0,0,0,5.2,6.2,6.2,6.2,0.925740349808759,3.51781332927328,0,1.05974154665943,1.05974154665943,0,0
476,476,"ALT600C04",52.45,32.65,"イヌガシ","EB",0,0,0,7.3,8,8.1,8.3,0.675690350780036,1.83134387050981,0.736279462454328,0,0,0,0
477,477,"ALT600C04",53.05,31.2,"アカガシ","EB",0,0,0,78,81.6,83.6,84.3,0.408805464832726,0.902408705609389,0.651052060754971,0.302432948611672,0.188438991058042,0,0
2288,477,"ALT600C04",53.05,31.2,"アカガシ","EB",NA,0,0,NA,7.7,8,8.1,NA,NA,1.0128746563751,21.5969867337359,20.4106051754925,0,0
2290,471,"ALT600C04",58.05,35.55,"ヤブニッケイ","EB",NA,0,0,NA,5.8,6.4,6.8,NA,NA,3.18129389259375,0,0,0,0
2291,470,"ALT600C04",59.05,37.35,"イヌガシ","EB",NA,0,0,NA,6.5,6.6,6.6,NA,NA,0.305349442615768,0,0,0,0
2616,476,"ALT600C04",52.45,32.65,"イヌガシ","EB",NA,0,0,NA,5.1,5.4,5.8,NA,NA,2.57234755644187,0,0,0,0
2617,2617,"ALT600C04",51.1,37.5,"イヌガシ","EB",NA,0,0,NA,4.9,5,5.1,NA,NA,0.80010669227398,1.56618473870006,1.56618473870006,0,0
478,478,"ALT600C04",57.2,29.6,"オオモミジ","DB",0,0,0,36.8,37.4,37.6,38.1,0.182718089251422,0.323457184912019,0.370871554243382,0,0,0,0
479,479,"ALT600C04",56.5,27.9,"イヌガシ","EB",0,0,0,7.8,9,9.5,9.9,1.25479486023683,2.86201687281347,1.9062035960865,0,0,0,0
480,479,"ALT600C04",56.5,27.9,"イヌガシ","EB",0,0,0,5.7,6.5,6.8,7.3,1.30214828059916,2.62672004122174,2.32144342505508,0,0,0,0
481,479,"ALT600C04",56.5,27.9,"イヌガシ","EB",0,0,0,6.3,7.1,7.4,7.8,1.12407421209505,2.39090301299565,1.88057899296553,0,0,0,0
482,482,"ALT600C04",57.75,26.6,"アカガシ","EB",0,0,0,20.3,20.4,20.4,20.6,0.0772115249883886,0.0982802960485788,0.195123498907297,0,0,0,0
483,483,"ALT600C04",59.4,26.15,"イヌガシ","EB",0,1,0,7.6,9.3,NA,10.6,1.7510829148723,4.0373230573385,2.61679201917622,1.16247638743819,1.16247638743819,0,0
485,485,"ALT600C04",51.3,29.7,"イヌガシ","EB",0,0,0,8.4,10.1,11,11.8,1.78877802959132,3.68607435995892,3.11128215248811,0,0,0,0
486,486,"ALT600C04",50.2,29.6,"イヌガシ","EB",0,0,0,5.8,6.3,6.5,6.7,0.759208467602877,1.65383431690227,1.23115785998867,0.710982004824204,0.710982004824204,0,0
488,488,"ALT600C04",52.8,23.85,"ヒイラギ","EB",0,0,0,11.3,11.4,11.4,11.5,0.0923384718468922,0.176212593643098,0.174673599375093,0,0,0,0
491,491,"ALT600C04",53.5,22.4,"イヌガシ","EB",0,0,0,16.3,16.4,16.6,16.7,0.127597955842066,0.122324540348721,0.362547691851134,0,0,0,0
492,492,"ALT600C04",55.4,20.35,"アカガシ","EB",0,0,0,24.6,27.8,29.5,30,1.04447862486231,2.44579155516549,1.52322721931128,0,0,0,0
493,493,"ALT600C04",59.75,22,"イロハモミジ","DB",0,0,0,16.6,16.7,16.9,17.3,0.217388453374924,0.120120481204235,0.705955641620478,0,0,0,0
2618,2618,"ALT600C04",59.65,26.5,"イヌガシ","EB",NA,0,0,NA,4.7,5,5.3,NA,NA,2.40288623684126,4.64990554975276,4.64990554975276,0,0
2619,2619,"ALT600D04",61.75,24.25,"イヌガシ","EB",NA,0,0,NA,4.7,5.2,5.4,NA,NA,2.77672889708432,0,0,0,0
2695,2695,"ALT600C04",52.1,26.95,"イヌガシ","EB",NA,0,0,NA,5.1,5.5,6.3,NA,NA,4.22618187334414,0,0,0,0
494,494,"ALT600C05",53.45,19.45,"イヌガシ","EB",0,0,0,18,18.4,18.7,18.9,0.256790337733852,0.439578134375503,0.536225149013135,2.80658602529946,0.306576071255087,2.14836266474533,0
495,495,"ALT600C05",53.15,18.6,"ヒメシャラ","DB",0,0,0,33.4,35.2,36.1,36.6,0.481538633814031,1.04980365242794,0.780043156065384,2.59649587251897,0.816634675812184,1.77986119670679,0
496,496,"ALT600C05",53.25,18.3,"オオモミジ","DB",0,0,0,18.1,19.8,20.4,20.6,0.680942829072396,1.79539998857419,0.792182761900918,5.61841564864865,0,5.61841564864865,0
497,497,"ALT600C05",54.9,16.25,"アカガシ","EB",0,0,0,5.7,5.8,5.9,5.9,0.18150618984826,0.34783485423738,0.341888667186005,0.938196859709903,0,0,0.938196859709903
498,498,"ALT600C05",54.05,15.85,"イヌガヤ","EC",0,0,0,5.1,5.2,5.1,5.2,0.102200451879483,0.388361717142035,0,1.20778967035879,1.20778967035879,0,0
499,499,"ALT600C05",57.15,14.05,"オオモミジ","DB",0,0,0,5.6,5.6,5.6,5.6,0,0,0,1.86094458652008,1.86094458652008,0,0
500,500,"ALT600C05",56.35,13.7,"シキミ","EB",0,0,0,8.6,8.8,8.8,9.1,0.297432685596539,0.459790364493976,0.670453840772869,1.21755692428374,0.512820512820513,0.704736411463224,0
501,501,"ALT600C05",57.4,12.2,"オオモミジ","DB",0,0,0,8.5,8.5,8.5,8.6,0.061558104016796,0,0.233920795263825,6.51461969574338,6.51461969574338,0,0
502,502,"ALT600C05",57,12.3,"イヌガシ","EB",0,0,0,19.1,21.6,22.8,23.1,1.00075938144823,2.4600995927507,1.34278605675257,4.39727369987165,0.16482675552134,4.23244694435031,0
503,503,"ALT600C05",56.15,11.95,"イタヤカエデ","DB",0,0,0,52,62.6,67.4,70.7,1.61685186484789,3.71043119049251,2.43360589592949,0.355438290619284,0.355438290619284,0,0
504,504,"ALT600C05",52.75,13.1,"オオモミジ","DB",0,0,0,38.5,38.9,39,38.9,0.0544000491087478,0.206720186613241,0,1.64138364538694,1.64138364538694,0,0
505,505,"ALT600C05",52.6,12.55,"アカガシ","EB",0,0,0,30.7,33.6,35,36.4,0.896348000260756,1.80526824752014,1.60085415347073,1.87459104126613,0,1.87459104126613,0
2620,2620,"ALT600C05",53,16.55,"イヌガシ","EB",NA,0,0,NA,5.4,5.8,5.9,NA,NA,1.7710679468289,0,0,0,0
507,507,"ALT600C05",50.35,9.55,"イタヤカエデ","DB",0,0,0,22.9,28.8,31,32.4,1.82642901177942,4.58476953163413,2.35566071312767,0.539291857441195,0.539291857441195,0,0
508,508,"ALT600C05",50.75,8.95,"イヌガシ","EB",0,0,0,12,12.3,12.5,12.6,0.256790337733853,0.493852251807433,0.48195103158121,3.56592983287647,0,3.56592983287647,0
509,509,"ALT600C05",51.15,8,"イヌガシ","EB",0,0,0,18.1,22.4,25.1,27.1,2.12432520849408,4.26298041178428,3.80945538049322,1.31114818282746,1.31114818282746,0,0
510,510,"ALT600C05",50.75,7.6,"イヌガシ","EB",0,0,0,17.4,19.1,19.9,20.1,0.759208467602879,1.86436257664202,1.02062960024892,2.38340718534272,2.38340718534272,0,0
511,511,"ALT600C05",54.05,8.8,"イヌガヤ","EC",0,0,0,9.7,9.3,9.4,8.9,-0.453024256690752,-0.842229707002535,-0.879262468422324,0,0,0,0
512,512,"ALT600C05",54.75,7.55,"イヌガシ","EB",0,0,0,13.1,14.1,14.5,14.4,0.497978823025522,1.47125134354033,0.42106818395665,0,0,0,0
513,514,"ALT600C05",58.8,9.05,"イヌガヤ","EC",0,0,0,13.8,15,15.5,16.2,0.843908684606207,1.66763217878102,1.53922082272256,0,0,0,0
516,516,"ALT600C05",51.1,1.3,"カジカエデ","DB",0,0,0,22.9,25.9,27.2,27.8,1.02052163229683,2.46212116290596,1.41586103982199,0,0,0,0
2176,2176,"ALT600C05",52.75,5,"カジカエデ","DB",0,0,0,6.1,7.6,7.7,7.6,1.15715513743695,4.3971895222604,0,0,0,0,0
392,392,"ALT600D01",64.3,97.7,"イタヤカエデ","DB",0,0,0,62.7,68,70.6,71.5,0.691242116110984,1.62292515074463,1.00379489047711,0,0,0,0
393,393,"ALT600D01",67.25,99.75,"イタヤカエデ","DB",0,0,0,28.6,29.6,30.2,31.1,0.441058428207272,0.687352870084156,0.988669157103475,0,0,0,0
395,395,"ALT600D01",68.8,96.2,"アブラチャン","DB",0,0,0,5.2,6.1,6.6,6.7,1.3339415832081,3.19260291183767,1.8763751043531,0,0,0,0
2697,2697,"ALT600D01",69.35,97.9,"アブラチャン","DB",NA,0,0,NA,5.6,6.2,6.7,NA,NA,3.58681857311634,0,0,0,0
2698,2697,"ALT600D01",69.35,97.9,"アブラチャン","DB",NA,0,0,NA,4.8,5.2,5.8,NA,NA,3.78483999277057,0,0,0,0
389,389,"ALT600D01",62.25,87.15,"アブラチャン","DB",0,0,0,7.2,8.2,8.5,8.7,0.996010524413307,2.60106256496396,1.18377742780661,0,0,0,0
390,390,"ALT600D01",69.2,88.45,"アブラチャン","DB",0,0,0,9,11.3,11.8,12.2,1.60111249685785,4.55156296764151,1.53266452041832,0,0,0,0
2245,2245,"ALT600D01",66.7,84.2,"ケヤキ","DB",NA,0,0,NA,7.7,8.6,9.2,NA,NA,3.55966310390713,0,0,0,0
2292,389,"ALT600D01",62.25,87.15,"アブラチャン","DB",NA,0,0,NA,6.6,7.3,7.7,NA,NA,3.08301359654517,0,0,0,0
2621,390,"ALT600D01",69.2,88.45,"アブラチャン","DB",NA,0,0,NA,6.4,7.8,8.3,NA,NA,5.19915048873852,0,0,0,0
380,379,"ALT600D02",67.2,70.75,"イタヤカエデ","DB",0,0,0,12.4,14.4,15,15.2,1.0715734486381,2.99063467941928,1.08134442540552,0,0,0,0
381,381,"ALT600D02",67.6,69.7,"イタヤカエデ","DB",0,0,0,6.1,6.4,6.4,6.3,0.16979401167485,0.960184383727213,-0.314967139362786,0,0,0,0
383,382,"ALT600D02",66.35,76.75,"イヌガシ","EB",0,1,0,7.5,14.5,NA,18.4,4.72340865301408,13.1849125776853,4.76404030376822,0,0,0,0
2622,2622,"ALT600D02",68.1,68.25,"ヤブニッケイ","EB",NA,0,0,NA,5.1,6.7,7.8,NA,NA,8.49766387930532,0,0,0,0
2835,2835,"ALT600D02",70.6,75.6,"アブラチャン","DB",NA,NA,0,NA,NA,5.3,5.7,NA,NA,NA,0,0,0,0
374,374,"ALT600D02",62.5,66.6,"イヌシデ","DB",0,0,0,53.7,55.6,57,57.6,0.368997716773824,0.695403994834354,0.706787328906177,0,0,0,0
375,375,"ALT600D02",60.5,69.9,"オオモミジ","DB",0,0,0,6.9,7.2,7.2,7.3,0.296594402900692,0.851192288375918,0.275866442646715,0,0,0,0
376,376,"ALT600D02",65.85,66.35,"アカガシ","EB",0,0,0,5.7,7.7,8.9,9.4,2.63286060229186,6.01508308038267,3.9897872083264,0,0,0,0
379,379,"ALT600D02",67.2,70.75,"イタヤカエデ","DB",0,0,0,27.9,30.7,31.9,32.2,0.754419809068647,1.91271931531663,0.954075959144223,0,0,0,0
2623,2623,"ALT600D02",61.55,63.1,"イヌガシ","EB",NA,0,0,NA,5,5.2,5.2,NA,NA,0.784414263065627,0,0,0,0
2624,2624,"ALT600D02",65.55,64,"アカガシ","EB",NA,0,0,NA,4.7,5.1,5,NA,NA,1.23750807436175,2.4584746411089,2.4584746411089,0,0
2696,2696,"ALT600D02",60.95,68.7,"アカガシ","EB",NA,0,0,NA,5.2,5.3,5.4,NA,NA,0.754806559656942,0,0,0,0
2837,2837,"ALT600D02",65.7,64.7,"ヤブニッケイ","EB",NA,NA,0,NA,NA,5.5,6.5,NA,NA,NA,1.5687818951132,1.07450814733781,0,0
366,366,"ALT600D03",69.75,52.55,"イヌガシ","EB",0,0,0,6.2,7.5,7.8,8,1.341538155941,3.80707456982438,1.29077042275142,0,0,0,0
367,366,"ALT600D03",69.75,52.55,"イヌガシ","EB",0,0,0,5.4,6.1,6.3,6.4,0.894205456817881,2.43779635218074,0.960184383727213,0,0,0,0
368,368,"ALT600D03",65.8,51.8,"アカガシ","EB",0,0,0,52.5,54.7,55.4,57.8,0.506187400425019,0.821010796607149,1.10250132500792,0.328059800159139,0.207358552930776,0,0
369,369,"ALT600D03",60.85,53.85,"イヌシデ","DB",0,0,0,42.7,43.1,43.4,43.4,0.0855816887988427,0.186481537502465,0.138728879933139,0.178187403993856,0.178187403993856,0,0
370,370,"ALT600D03",60.9,59.5,"アカガシ","EB",0,0,0,12.4,13.6,14.6,15.1,1.03683300636783,1.8474664026203,2.09249902157745,0,0,0,0
371,371,"ALT600D03",67.1,58.2,"イヌガシ","EB",0,0,0,17.5,20.6,22.1,22.9,1.41545278753013,3.26180389732134,2.11691669529317,0,0,0,0
372,372,"ALT600D03",67.25,59.65,"イタヤカエデ","DB",0,0,0,37.1,39.2,40.3,41.7,0.615179785217717,1.10119554366055,1.23648764016678,0,0,0,0
2177,368,"ALT600D03",65.8,51.8,"アカガシ","EB",0,0,0,5.9,6.4,6.4,6.7,0.669237765711824,1.62691278907905,0.916190720625884,16.473479905879,15.4322064596403,0,0
2242,366,"ALT600D03",69.75,52.55,"イヌガシ","EB",NA,0,0,NA,5.6,6,6.3,NA,NA,2.35566071312767,0,0,0,0
2243,2243,"ALT600D03",64.7,50.7,"ウラジロガシ","EB",NA,0,0,NA,5.2,5.4,5.7,NA,NA,1.83615098506246,0,0,0,0
2364,2364,"ALT600D03",60.45,55.5,"イヌガシ","EB",NA,0,0,NA,5.3,5.7,5.9,NA,NA,2.14491060707196,1.12394552974751,1.12394552974751,0,0
2625,2625,"ALT600D03",64.2,53,"イヌガシ","EB",NA,0,0,NA,5.1,5.3,5.3,NA,NA,0.769325616555923,0,0,0,0
2626,2626,"ALT600C03",59.7,55.05,"イヌガシ","EB",NA,0,0,NA,5.3,5.7,5.8,NA,NA,1.80302193988595,1.16303638200092,1.16303638200092,0,0
2627,2627,"ALT600D03",61.3,54.45,"イヌガシ","EB",NA,0,0,NA,5,5.6,5.8,NA,NA,2.96840010236546,9.97701149425289,0,9.97701149425289,0
350,350,"ALT600D03",69.45,43.15,"アカガシ","EB",0,0,0,12.2,12.7,12.9,13.1,0.374611991936289,0.803320834506693,0.620204734851204,0,0,0,0
351,351,"ALT600D03",66.5,43.9,"イヌツゲ","EB",0,0,0,12.5,12.6,12.5,12.7,0.083543942927843,0.159363392983538,0.158103590142265,5.85480024410846,0,5.85480024410846,0
352,352,"ALT600D03",66.4,44.55,"イヌシデ","DB",0,0,0,46.9,48.3,48.8,48.9,0.219788005413645,0.588277704125864,0.246916716445987,0.532308496957733,0.532308496957733,0,0
354,354,"ALT600D03",64.8,44,"イヌガシ","EB",0,0,0,6.4,9.3,8.6,9,1.79435045773996,7.47432819587168,-0.655796456459819,0.764524077692383,0.764524077692383,0,0
355,355,"ALT600D03",65.95,41.3,"アカガシ","EB",0,0,0,7.2,10.2,11.2,11.4,2.41859120725495,6.96613388536431,2.22451270220449,4.68940078981783,3.89590699495515,0.793493794862685,0
356,356,"ALT600D03",66,40.5,"アカガシ","EB",0,0,0,21,28.5,32.6,35.6,2.77801684281348,6.10763299102364,4.4488310116676,0.399501383241045,0.399501383241045,0,0
359,359,"ALT600D03",63.75,40.95,"ウラジロガシ","EB",0,0,0,10.9,13.4,14.1,15.1,1.71543133992516,4.12983835443535,2.38880073728026,0,0,0,0
360,360,"ALT600D03",61.7,41.75,"アカガシ","EB",0,0,0,8.2,12.5,14.5,15.6,3.38493031571202,8.43188980076096,4.43084539894472,0,0,0,0
361,361,"ALT600D03",61.05,46.1,"アカガシ","EB",0,0,0,10.9,13.7,14.6,14.9,1.64525486166482,4.57266087197962,1.67930760234669,1.35324761986509,0,1.35324761986509,0
362,362,"ALT600D03",61.85,45.85,"オオモミジ","DB",0,0,0,10.7,14.4,15.4,16.9,2.40563094979562,5.93968930228189,3.20170830694145,1.05190470952085,1.05190470952085,0,0
363,363,"ALT600D03",63.45,47.25,"イヌシデ","DB",0,0,0,29.5,30.8,31.6,31.6,0.361930827616275,0.862488532675092,0.512848612266753,0.148982873234525,0.148982873234525,0,0
364,364,"ALT600D03",60.6,49.05,"イヌガシ","EB",0,0,0,5.2,5.4,5.5,5.6,0.390041958703799,0.754806559656942,0.727352883417496,2.98922499626963,2.15888471952807,0,0
2241,2241,"ALT600D03",67.5,49.2,"イヌガシ","EB",NA,0,0,NA,6.1,6.7,7.2,NA,NA,3.31584509685488,0,0,0,0
2365,2365,"ALT600D03",66.15,45.5,"イヌガシ","EB",NA,0,0,NA,5.6,6.2,6.6,NA,NA,3.28606102582553,7.54225596046942,0,7.54225596046942,0
2628,2628,"ALT600D03",69.65,45.85,"イヌガシ","EB",NA,0,0,NA,5.2,5.6,6.1,NA,NA,3.19260291183767,1.06645612900267,1.06645612900267,0,0
2839,2839,"ALT600D03",60.35,49.4,"イヌガシ","EB",NA,NA,0,NA,NA,5,5.2,NA,NA,NA,3.3980079017424,3.3980079017424,0,0
339,339,"ALT600D04",60.6,32.3,"イヌシデ","DB",0,0,0,52.3,52.6,52.6,52.8,0.0500779981123078,0.114394973455743,0.0759014193710307,0.627720205271839,0.627720205271839,0,0
341,341,"ALT600D04",61.35,36.1,"アカガシ","EB",0,0,0,5,5.3,5.3,5.3,0.306678463810399,1.16537816247952,0,0,0,0,0
342,342,"ALT600D04",62.5,36.85,"アカガシ","EB",0,0,0,11.6,17.9,21.6,23.8,3.78252885560584,8.67591229468781,5.69769735661439,0,0,0,0
344,344,"ALT600D04",63.95,37.65,"ヒサカキ","EB",0,0,0,16.2,17.6,18,18.6,0.727107044635881,1.65775319611536,1.10525357350099,0,0,0,0
345,345,"ALT600D04",62.55,38.4,"アカガシ","EB",0,0,0,6.5,9.3,9.4,9.4,1.94161848618088,7.16424446515238,0.213905782334959,0,0,0,0
349,349,"ALT600D04",67.75,36.25,"ヤブニッケイ","EB",0,0,0,8.1,8.6,8.9,9.4,0.783398039987185,1.19796283162138,1.77894972032993,0,0,0,0
2247,2247,"ALT600D04",60.5,32.8,"イヌガシ","EB",NA,0,0,NA,5.9,6.4,6.8,NA,NA,2.83940522540774,18.140742500282,0,15.2278410813178,0
2366,2366,"ALT600D04",66.75,37.3,"イヌガシ","EB",NA,0,0,NA,5.9,6.5,7.1,NA,NA,3.70284866271192,0,0,0,0
2367,2367,"ALT600D04",66.15,31.95,"イヌガシ","EB",NA,0,0,NA,5.7,6.3,6.8,NA,NA,3.52912874683113,0,0,0,0
328,328,"ALT600D04",67.95,21.6,"ヒメシャラ","DB",0,0,0,33.6,34.8,35.5,36,0.363120376247113,0.7018263962254,0.678031033513628,0,0,0,0
329,329,"ALT600D04",67.1,22.8,"イヌツゲ","EB",0,0,0,9.9,10.1,10.2,10.2,0.157120858682532,0.400013334133389,0.197045928860233,0,0,0,0
330,330,"ALT600D04",62.9,21.8,"イヌガシ","EB",0,0,0,8.8,10.5,11.1,11.6,1.4539651401482,3.53247071358634,1.99259681897683,0,0,0,0
332,332,"ALT600D04",60.1,20,"イヌガシ","EB",0,0,0,6.3,6.9,7.2,7.4,0.847001930592827,1.81943556411454,1.39917177213821,0,0,0,0
333,333,"ALT600D04",60.45,29.7,"イヌガシ","EB",0,0,0,20.7,22.9,23.7,24.1,0.80041126434361,2.02006420577741,1.02149859872831,0,0,0,0
334,333,"ALT600D04",60.45,29.7,"イヌガシ","EB",0,0,0,6.5,6.9,7.1,7.1,0.464697932345675,1.19438469403245,0.571467448881119,0,0,0,0
335,335,"ALT600D04",64.6,26.3,"アカガシ","EB",0,0,0,73.1,79,81.4,82.6,0.643059546164208,1.55238971422577,0.891236561198218,0,0,0,0
336,336,"ALT600D04",66.45,28.9,"ヒサカキ","EB",0,0,0,5.3,7,8,8.5,2.48610180493787,5.56406656994475,3.88312028881915,0,0,0,0
337,337,"ALT600D04",68.6,28.45,"ヤブニッケイ","EB",0,0,0,7.1,7.4,7.8,8,0.628140829645085,0.82770432325709,1.55923082939423,0,0,0,0
338,338,"ALT600D04",69.5,29.75,"イヌシデ","DB",0,0,0,28,28.9,29.4,29.5,0.274661858792475,0.632741698863649,0.410973364547755,0,0,0,0
2629,2629,"ALT600D04",65.25,22.65,"ウラジロガシ","EB",NA,0,0,NA,5.1,5.1,5.4,NA,NA,1.14316827679898,0.729116649887869,0.729116649887869,0,0
311,311,"ALT600D05",69.15,11.25,"ヒメシャラ","DB",0,0,0,22.3,23.3,23.4,23.4,0.253417599460961,0.877333642111634,0.0856532358400146,0,0,0,0
312,312,"ALT600D05",67.25,12.85,"ヒメシャラ","DB",0,0,0,23.8,24.3,24.3,24.4,0.131039745377511,0.415815393381474,0.0821356390530656,0,0,0,0
313,313,"ALT600D05",64.2,10.45,"ブナ","DB",0,0,0,38.6,42.2,44.2,44.6,0.760429381869648,1.78335889142362,1.10627275968104,0,0,0,0
314,314,"ALT600D05",61.95,11.45,"イヌガシ","EB",0,0,0,12.3,12.7,12.8,12.8,0.209715308143156,0.640054621723475,0.156863549220522,0,0,0,0
315,315,"ALT600D05",62.55,14.1,"オオモミジ","DB",0,0,0,6.3,6.4,6.4,6.5,0.164487071074234,0.314967139362787,0.310083730719305,5.31129008708737,0,5.31129008708737,0
316,316,"ALT600D05",63.35,13.95,"ヒメシャラ","DB",0,0,0,27.2,27.8,28,28.1,0.171329489672361,0.436380947892798,0.214671112862173,0.731950287271297,0,0.731950287271297,0
317,317,"ALT600D05",63.65,13.6,"オオモミジ","DB",0,0,0,5.3,5.4,5.5,5.8,0.474479457864724,0.373842660243051,1.4291792796429,10.5099066632832,0,10.5099066632832,0
318,319,"ALT600D05",63.55,14.95,"イヌガシ","EB",0,0,0,26.5,30,31.9,32.3,1.04169735387597,2.48105297339958,1.47739697132911,0,0,0,0
319,319,"ALT600D05",63.55,14.95,"イヌガシ","EB",0,0,0,16.8,18.4,19.3,19.5,0.784397785055199,1.81943556411453,1.16127601909523,0,0,0,0
320,320,"ALT600D05",64.8,15.75,"イヌガシ","EB",0,0,0,16.1,17.2,17.6,17.6,0.46884015817731,1.3218022365798,0.459790364493976,0,0,0,0
322,322,"ALT600D05",61.1,18.8,"ヒメシャラ","DB",0,0,0,35.6,37.4,38.3,38.8,0.453024256690751,0.98650133125003,0.734990844174829,0,0,0,0
323,323,"ALT600D05",67.9,19.6,"シキミ","EB",0,0,0,10.1,11,11.7,12.2,0.994213304694721,1.70719697902314,2.07081357881681,0,0,0,0
327,327,"ALT600D05",67.8,14.15,"ヒメシャラ","DB",0,0,0,19.7,20.7,21.2,21.6,0.48460357340093,0.99030129054761,0.851192288375922,0,0,0,0
2630,2630,"ALT600D05",68.7,13.15,"イタヤカエデ","DB",NA,0,0,NA,4.8,5.2,5.6,NA,NA,3.08301359654517,0,0,0,0
307,307,"ALT600D05",64.6,5.25,"ケヤキ","DB",0,0,0,19.4,24.7,26.7,28.1,1.9499816330022,4.83060355129298,2.57932665411537,0,0,0,0
201,201,"ALT600D01",78.65,97.15,"イタヤカエデ","DB",0,0,0,16.3,19.8,21.2,22,1.57830181866105,3.89033659775546,2.10721031315653,0,0,0,0
202,202,"ALT600D01",78.1,94.85,"オオモミジ","DB",0,0,0,9.2,9.4,9.6,10,0.438850573363427,0.430124104419274,1.23750807436175,0,0,0,0
203,203,"ALT600D01",76.25,95.7,"オオモミジ","DB",0,0,0,10.7,12.9,14.4,15.4,1.91644088395644,3.73967139799532,3.54280396103914,0,0,0,0
205,205,"ALT600D01",75.6,99.25,"オオモミジ","DB",0,0,0,13.1,13.3,13.8,14.4,0.497978823025522,0.303036100412045,1.58928342708494,0,0,0,0
206,206,"ALT600D01",73.75,94.2,"イヌガシ","EB",0,0,0,15.4,18,19.4,20,1.37560402176004,3.12008496953162,2.10721031315653,0,0,0,0
207,207,"ALT600D01",75,90,"オオモミジ","DB",0,0,0,16.6,17.3,17.3,17.5,0.277885187194583,0.826076122824712,0.2298875885147,0,0,0,0
208,208,"ALT600D01",76.3,91.25,"アカガシ","EB",0,0,0,13.1,16.7,18,19.2,2.01209499382437,4.85592978431207,2.79003119222053,0,0,0,0
2631,2631,"ALT600D01",71.55,94.05,"アブラチャン","DB",NA,0,0,NA,5,5,5.2,NA,NA,0.784414263065627,0,0,0,0
2632,2631,"ALT600D01",71.55,94.05,"アブラチャン","DB",NA,0,0,NA,4.8,4.9,5,NA,NA,0.816439890405104,0,0,0,0
211,211,"ALT600D01",79.1,86.9,"アブラチャン","DB",0,0,0,5.3,5.8,5.9,6,0.652908677210415,1.80302193988595,0.678031033513628,0,0,0,0
216,216,"ALT600D01",79.35,81.4,"イヌガシ","EB",0,0,0,33.9,37.3,38.7,39.1,0.751091855815346,1.9115662452673,0.942582806831005,0,0,0,0
223,223,"ALT600D02",71.65,71.8,"シキミ","EB",0,0,0,15.2,15.5,15.7,15.9,0.236966744073448,0.390891921459407,0.509581706019699,0,0,0,0
224,223,"ALT600D02",71.65,71.8,"シキミ","EB",0,0,0,8.4,8.9,9.3,9.5,0.647684698722248,1.15639141777652,1.30481043736802,0,0,0,0
225,225,"ALT600D02",73.8,75.35,"アカガシ","EB",0,0,0,5.7,7.1,7.9,7.9,1.71787676122353,4.3925721841353,2.13535950851412,0,0,0,0
231,227,"ALT600D02",75.45,75.25,"アブラチャン","DB",0,0,0,6.9,8.4,8.8,9.2,1.51411617079885,3.93420588492109,1.81943556411453,0,0,0,0
233,227,"ALT600D02",75.45,75.25,"アブラチャン","DB",0,0,0,5.2,6,6.2,6.4,1.09283876199076,2.86201687281346,1.29077042275142,0,0,0,0
237,237,"ALT600D02",78.35,70.4,"アカガシ","EB",0,0,0,9.6,10.6,11.7,12.6,1.43123008149285,1.98181805288462,3.45685625678822,0,0,0,0
2202,234,"ALT600D02",76.75,73,"アブラチャン","DB",0,0,0,4.9,4.9,5,5.1,0.210554392703679,0,0.80010669227398,0,0,0,0
238,238,"ALT600D02",78.8,69.1,"アカガシ","EB",0,0,0,27.5,32.9,35.1,36.1,1.43214137192795,3.58573306197601,1.85640415135018,0,0,0,0
239,239,"ALT600D02",76.8,68.05,"シキミ","EB",0,0,0,12,12.2,12.4,12.3,0.129961118896693,0.33058603902421,0.163266212783221,0,0,0,0
240,240,"ALT600D02",76.65,65.7,"ミズキ","DB",0,0,0,28,29.9,30.6,30.9,0.518693019623662,1.31307940442874,0.65795407014118,0,0,0,0
241,241,"ALT600D02",71.1,62.55,"アカガシ","EB",0,0,0,6,6.8,6.7,6.7,0.580779248257186,2.50326285908012,-0.296301715702812,1.61194029850752,1.61194029850752,0,0
242,242,"ALT600D02",73.7,60.8,"アカガシ","EB",0,0,0,20.8,25.5,27.9,29.8,1.89239687791624,4.07450930914216,3.11659882693957,0,0,0,0
243,243,"ALT600D02",79.65,62.5,"ヒメシャラ","DB",0,0,0,34,34.8,35.3,35.8,0.271512467318384,0.465137243285344,0.56661013252452,0,0,0,0
2633,2633,"ALT600D02",78.35,66.25,"ヤブニッケイ","EB",NA,0,0,NA,6.1,6.5,6.5,NA,NA,1.27026811444652,0,0,0,0
245,245,"ALT600D03",74,55.95,"アカガシ","EB",0,0,0,6.4,7.4,7.4,7.4,0.764115841286831,2.90364019688996,0,0,0,0,0
247,247,"ALT600D03",72.25,57,"アカガシ","EB",0,0,0,15.3,18.6,20.1,20.6,1.56546445998498,3.90617504641532,2.0425899015276,0,0,0,0
249,249,"ALT600D03",74.35,54.6,"ウラジロガシ","EB",0,0,0,11.7,15.9,18.1,19.9,2.79542573645651,6.13460534844951,4.48801245008522,0,0,0,0
251,251,"ALT600D03",70.85,51.25,"アカガシ","EB",0,0,0,7.3,7.7,7.8,7.8,0.348680976532635,1.06691961410585,0.258068096718156,0,0,0,0
252,252,"ALT600D03",74.6,50.4,"アカガシ","EB",0,0,0,12,12.7,12.9,13,0.421277408808086,1.13390687353091,0.466947279939822,1.3738968777227,0,1.3738968777227,0
2634,2634,"ALT600D03",77.85,54.95,"イヌガシ","EB",NA,0,0,NA,5.7,6.2,6.3,NA,NA,2.00166917113965,0.880681520548611,0.880681520548611,0,0
253,253,"ALT600D03",78.15,46.7,"イヌガシ","EB",0,0,0,26,26.7,27,27,0.19863330517288,0.531340547694434,0.223466011962505,0,0,0,0
254,254,"ALT600D03",73.6,47.9,"アカガシ","EB",0,0,0,11.7,12.6,12.7,12.8,0.472928048009795,1.48215944307444,0.314967139362787,0,0,0,0
255,255,"ALT600D03",74.05,49.7,"ブナ","DB",0,0,0,14.7,15.2,15.7,15.9,0.41300850232366,0.668958681350802,0.900473627479102,0.918431123512269,0.918431123512269,0,0
256,256,"ALT600D03",71.9,46.8,"アカガシ","EB",0,0,0,15.1,16.7,17,17.5,0.776348090045209,2.01427951203661,0.935843230135182,0,0,0,0
257,257,"ALT600D03",71.05,44.65,"アカガシ","EB",0,0,0,16.1,18.1,18.9,19.2,0.926794773912202,2.34185332562726,1.17996681523912,0,0,0,0
258,258,"ALT600D03",74.35,44.25,"イヌガシ","EB",0,0,0,7.2,8,8.3,8.5,0.873605986706638,2.10721031315653,1.2124924363287,5.59018792762085,4.41588149205936,0,0
259,259,"ALT600D03",74.8,43.4,"アカガシ","EB",0,0,0,27,32.4,35,36.1,1.52871578597108,3.64643113587909,2.16268885081103,0.521315342541365,0.521315342541365,0,0
260,260,"ALT600D03",73.85,41.95,"イヌガシ","EB",0,0,0,5.3,5.8,6,6.1,0.739905003269418,1.80302193988595,1.00861707253784,0,0,0,0
261,261,"ALT600D03",71.95,40.5,"イヌガシ","EB",0,0,0,8.4,10.1,10.4,10.6,1.22432786983554,3.68607435995892,0.966371545416155,0,0,0,0
2840,2840,"ALT600D03",78.7,40.65,"イヌガシ","EB",NA,NA,0,NA,NA,5.3,5.3,NA,NA,NA,1.03975048982008,1.03975048982008,0,0
263,263,"ALT600D04",78.85,39.7,"イヌガシ","EB",0,0,0,5.3,5.3,5.4,5.3,0,0,0,1.03975048982008,1.03975048982008,0,0
264,264,"ALT600D04",79.3,37.05,"イヌガシ","EB",0,0,0,6.8,8.1,8.8,9.3,1.64785151566921,3.49882898992664,2.76300676961635,0,0,0,0
265,265,"ALT600D04",76.75,38.65,"アカガシ","EB",0,0,0,60.3,64.5,66.3,67.1,0.56237863286577,1.34666240137174,0.790376403518182,0,0,0,0
266,266,"ALT600D04",76.1,35.7,"イヌガシ","EB",0,0,0,6,7,7.4,7.6,1.24415146349595,3.08301359654517,1.64476196473944,0,0,0,0
267,268,"ALT600D04",74.05,39.85,"イヌガシ","EB",0,0,0,7,7.7,7.9,8,0.702796803286961,1.9062035960865,0.764424256403954,0,0,0,0
268,268,"ALT600D04",74.05,39.85,"イヌガシ","EB",0,0,0,7.5,8.7,9.2,9.2,1.07526559743542,2.96840010236546,1.11760916788913,0,0,0,0
269,269,"ALT600D04",71.1,34.8,"イタヤカエデ","DB",0,0,0,15,16.9,18.2,19.2,1.29926356806066,2.38526841653635,2.55193314209416,2.28336564758164,2.28336564758164,0,0
270,270,"ALT600D04",70.95,34.65,"イヌガシ","EB",0,0,0,6.2,8.2,8.9,9.3,2.13402688477981,5.59169724438323,2.51760491778006,9.73222236471839,0,9.73222236471839,0
271,271,"ALT600D04",73.15,34.3,"アカガシ","EB",0,0,0,6.8,7.1,7.2,7.6,0.585398079527497,0.863443437304176,1.36106926490031,0,0,0,0
273,273,"ALT600D04",79.55,33.4,"ヤブニッケイ","EB",0,0,0,8.8,8.9,8.9,9,0.118278188695045,0.225991105078665,0.223466011962505,2.03684814760271,1.20247661725943,0,0
2636,2636,"ALT600D04",72.15,32.95,"ヤブニッケイ","EB",NA,0,0,NA,4.8,5.8,6.6,NA,NA,6.36907462237069,0.428549564355483,0.428549564355483,0,0
275,275,"ALT600D04",79.15,28.75,"アカガシ","EB",0,0,0,6,6.7,6.8,6.9,0.735589170395573,2.20696114337731,0.588277704125868,0,0,0,0
276,276,"ALT600D04",76.4,27.65,"ウラジロガシ","EB",0,0,0,18.5,19.3,19.4,19.9,0.383942103400881,0.846687276531215,0.612292716392135,0,0,0,0
277,277,"ALT600D04",75.5,24.5,"イヌガシ","EB",0,0,0,13.2,14.9,15.8,16.2,1.07786532971586,2.42288766718177,1.6730005857385,0,0,0,0
278,278,"ALT600D04",72.45,23.95,"アカガシ","EB",0,0,0,20.7,23,24.3,25.2,1.03531733813713,2.10721031315653,1.82699557176456,0,0,0,0
279,279,"ALT600D04",71.05,23.65,"ヒメシャラ","DB",0,0,0,27.3,27.7,27.8,28,0.133251620969946,0.290914220047574,0.215441939638221,0,0,0,0
281,281,"ALT600D04",70.4,22.5,"イヌシデ","DB",0,0,0,36.4,38.3,39.2,39.5,0.430167880338849,1.01762243087811,0.617015514409521,0,0,0,0
282,282,"ALT600D04",73.1,21.85,"アカガシ","EB",0,0,0,10.5,11.2,11.5,11.7,0.569545182317015,1.29077042275142,0.873501270053233,0,0,0,0
284,284,"ALT600D04",77.95,23.4,"ヒメシャラ","DB",0,0,0,19.9,20.2,20.3,20.3,0.104742917459447,0.299257453534246,0.0987656328116515,0,0,0,0
286,286,"ALT600D04",78,20.5,"ウラジロガシ","EB",0,0,0,9.3,10.1,10.5,11.1,0.931214253468832,1.65042047376007,1.8881936894215,0,0,0,0
2249,2249,"ALT600D04",71.4,28.45,"アカガシ","EB",NA,0,0,NA,5.2,5.4,5.6,NA,NA,1.48215944307444,0,0,0,0
2637,277,"ALT600D04",75.5,24.5,"イヌガシ","EB",NA,0,0,NA,4.9,5.1,5.3,NA,NA,1.5694323088299,0,0,0,0
287,287,"ALT600D05",79.55,18.9,"イヌシデ","DB",0,0,0,33.3,37.7,40.2,41.9,1.20909699969313,2.48205394935134,2.11251464948254,0,0,0,0
289,289,"ALT600D05",77.4,16.9,"イヌガシ","EB",0,0,0,7.4,7.8,8.1,8.3,0.604081655749622,1.05287466970844,1.24263562214013,0,0,0,0
290,290,"ALT600D05",76.75,18.8,"イタヤカエデ","DB",0,0,0,11.2,11.8,11.9,12,0.363120376247113,1.0437150634114,0.336142366327624,0,0,0,0
291,291,"ALT600D05",74.35,18.6,"アカガシ","EB",0,0,0,6.6,7.8,8.4,8.6,1.39311870645833,3.34108169326332,1.95276939127832,0,0,0,0
292,292,"ALT600D05",73.55,17.7,"イタヤカエデ","DB",0,0,0,11,12,12.4,12.8,0.797631042774743,1.74022753979259,1.29077042275142,0.96230278790115,0,0.96230278790115,0
293,293,"ALT600D05",72.6,17.95,"オオモミジ","DB",0,0,0,10.6,11.3,11.6,12.1,0.696586586761442,1.27897449200547,1.36805453768801,1.07686420852213,0,1.07686420852213,0
294,294,"ALT600D05",72.35,14,"イヌシデ","DB",0,0,0,27.4,32.6,35,36.5,1.50931182733906,3.47538549957275,2.25999944431568,0,0,0,0
297,297,"ALT600D05",79.2,14.65,"イヌガシ","EB",0,0,0,12.1,12.4,12.5,12.6,0.213112428182826,0.489820400165918,0.320006826928822,0,0,0,0
298,298,"ALT600D05",77.35,6.6,"イヌガシ","EB",0,0,0,42.3,46.3,48.2,48.4,0.709014356159757,1.80709750079912,0.887157052607951,0,0,0,0
302,303,"ALT600D05",72.4,7.5,"アブラチャン","DB",0,0,0,6.4,7,7.1,7.1,0.546298914113912,1.79224317379374,0.283692699839128,0,0,0,0
306,305,"ALT600D05",78.5,1.55,"カマツカ","DB",0,0,0,5.9,6.9,7.5,7.8,1.46932306728354,3.1313812138308,2.45204644184665,0,0,0,0
2638,2638,"ALT600D05",73.15,3.45,"タンナサワフタギ","DB",NA,0,0,NA,5,5.3,5.7,NA,NA,2.62056524812808,0,0,0,0
2639,2639,"ALT600D05",70.85,0.85,"カマツカ","DB",NA,0,0,NA,5.4,6,6.5,NA,NA,3.70806446662725,0,0,0,0
2699,2699,"ALT600D05",73.65,11.5,"イヌガヤ","EC",NA,0,0,NA,5.3,6.1,6.5,NA,NA,4.0819071268703,0,0,0,0
196,196,"ALT600E01",88.85,92.35,"イタヤカエデ","DB",0,0,0,24.3,25.7,26.1,26.5,0.456149382345651,1.12029283109343,0.61307482182005,0,0,0,0
197,197,"ALT600E01",87.35,93.4,"イタヤカエデ","DB",0,0,0,10.4,12,12.9,13.4,1.3339415832081,2.86201687281346,2.20696114337731,0.436781409102009,0,0.436781409102009,0
198,198,"ALT600E01",85.15,93.45,"イタヤカエデ","DB",0,0,0,15.2,18.5,20.3,21.5,1.8250395120073,3.92950608464097,3.00564406098676,0,0,0,0
200,200,"ALT600E01",85.15,97.35,"イタヤカエデ","DB",0,0,0,4.8,6,7.1,8.5,3.00763287148645,4.4628710262842,6.96613388536432,0,0,0,0
2350,2350,"ALT600E01",87.45,94.3,"イタヤカエデ","DB",NA,0,0,NA,5.2,5.3,5.3,NA,NA,0.380963899413888,2.79204235736407,0,2.79204235736407,0
2640,2640,"ALT600E01",88.4,93.25,"イタヤカエデ","DB",NA,0,0,NA,5.5,6.3,6.6,NA,NA,3.64643113587909,0,0,0,0
193,193,"ALT600E01",80.95,80.6,"オオモミジ","DB",0,0,0,11.2,13.3,14.1,14.6,1.39530394954338,3.43700513853319,1.86514986973165,0,0,0,0
194,194,"ALT600E01",84.7,86.25,"イヌガシ","EB",0,0,0,13.5,14.3,14.9,15.3,0.658753383968453,1.15139703642956,1.35186582265057,0,0,0,0
182,182,"ALT600E02",89.3,71.4,"シキミ","EB",0,0,0,9,10.4,11.3,11.8,1.42565765334421,2.89162457622215,2.52587450648584,0,0,0,0
183,183,"ALT600E02",86.95,73.2,"アカガシ","EB",0,0,0,9.5,12.1,12.4,12.6,1.48634218605756,4.838273079924,0.80982722709474,1.01770801665221,1.01770801665221,0,0
184,184,"ALT600E02",85.95,73.85,"アカガシ","EB",0,0,0,7.3,9.2,9.4,9.7,1.49606072292101,4.62658271801298,1.05844802908685,2.36552451661522,2.36552451661522,0,0
185,185,"ALT600E02",84.9,71.95,"ケヤキ","DB",0,0,0,50.4,52.6,53.3,55.1,0.469255479376558,0.854498893326826,0.928671928304093,0.298364768249284,0.298364768249284,0,0
186,186,"ALT600E02",85,71.35,"アカガシ","EB",0,0,0,6.3,7.6,7.7,7.8,1.12407421209505,3.75197227789597,0.519509728065215,12.0770025289703,0,11.6133130775963,0
2842,2842,"ALT600E02",86.05,73.35,"ヤブニッケイ","EB",NA,NA,0,NA,NA,6.3,8.1,NA,NA,NA,4.54053774535585,4.05342963482146,0,0
165,167,"ALT600E02",88.15,64.1,"アカガシ","EB",0,0,0,11.8,12.1,12.2,12.4,0.261036532312484,0.502118422621525,0.489820400165918,0,0,0,0
167,167,"ALT600E02",88.15,64.1,"アカガシ","EB",0,0,0,23.2,23.3,23.4,23.4,0.0451775983757444,0.086021637987814,0.0856532358400146,0,0,0,0
168,168,"ALT600E02",82.5,60.9,"アカガシ","EB",0,0,0,5.5,5.5,5.5,5.5,0,0,0,8.64259424461954,7.22436062733191,0,0
169,169,"ALT600E02",81.65,61.5,"イヌガシ","EB",0,0,0,8.1,9.4,9.8,9.9,1.05616155506395,2.9769125519513,1.03650135729172,1.86339183990294,1.34330903677851,0,0
170,170,"ALT600E02",82.8,65.75,"イヌガシ","EB",0,0,0,30.9,34.9,37.3,39,1.22529190645235,2.43461290609363,2.2214963384253,0.627218934911235,0.370808678500982,0,0
171,170,"ALT600E02",82.8,65.75,"イヌガシ","EB",0,0,0,7.1,8.4,9,9.4,1.4769205538352,3.36273843603997,2.24955966853381,7.44680851063821,6.38297872340418,0,0
172,172,"ALT600E02",83.4,65.5,"イヌガシ","EB",0,0,0,5.3,6.2,6.5,6.5,1.0741860860185,3.13684942985939,0.94505769701091,11.455621301775,11.455621301775,0,0
173,173,"ALT600E02",84.4,66.4,"シキミ","EB",0,0,0,7.9,8.4,8.9,9.7,1.08033224229664,1.22737892752584,2.87788359320138,0,0,0,0
174,174,"ALT600E02",82.75,66.95,"オオモミジ","DB",0,0,0,9.2,9.4,9.5,10,0.438850573363427,0.430124104419274,1.23750807436175,0,0,0,0
175,175,"ALT600E02",84.75,69.1,"アカガシ","EB",0,0,0,11.1,12.5,12.8,13,0.831601311280254,2.37567071979934,0.784414263065627,0,0,0,0
176,176,"ALT600E02",85.85,68.65,"イロハモミジ","DB",0,0,0,6.9,6.9,7,7.2,0.223997970625242,0,0.851192288375918,2.4293696293783,2.4293696293783,0,0
177,177,"ALT600E02",86.05,68.4,"イヌガシ","EB",0,0,0,5.4,5.6,5.6,5.6,0.19140865353092,0.727352883417496,0,4.01589673427842,0,4.01589673427842,0
178,178,"ALT600E02",88.05,66.2,"アカガシ","EB",0,0,0,6.3,6.5,6.5,6.5,0.164487071074234,0.625050870082091,0,1.44050642702932,1.44050642702932,0,0
179,179,"ALT600E02",89.5,67.9,"シラキ","DB",0,0,0,7.5,7.6,7.6,7.6,0.06971171973695,0.26490453500041,0,12.0428332075214,0,12.0428332075214,0
180,180,"ALT600E02",89,68.65,"イヌシデ","DB",0,0,0,79.4,81.6,83.5,82.5,0.201578553092343,0.546617874339421,0.219380627411479,0.102199308880285,0,0.102199308880285,0
2179,168,"ALT600E02",82.5,60.9,"アカガシ","EB",0,0,0,4.9,5,5,5.1,0.210554392703679,0.404054146350389,0.396052545923595,9.48579262512138,7.95632499863472,0,0
2841,2841,"ALT600E02",82.95,60.75,"アカガシ","EB",NA,NA,0,NA,NA,5,5.3,NA,NA,NA,7.78061055102723,7.78061055102723,0,0
152,152,"ALT600E03",87.15,51,"イヌガシ","EB",0,0,0,7.5,10.2,11.3,12.2,2.56069963787866,6.14969399495921,3.58096462897971,0,0,0,0
153,153,"ALT600E03",86.35,52.5,"ウラジロガシ","EB",0,0,0,10.2,12.7,13.8,14.4,1.81494992785121,4.3842854634864,2.51252426234819,0,0,0,0
154,154,"ALT600E03",83.3,50.6,"イヌガシ","EB",0,0,0,7.5,9.5,9.9,10.3,1.6696888141754,4.72777556128461,1.6170419325819,0,0,0,0
156,156,"ALT600E03",80.55,54.95,"ヒメシャラ","DB",0,0,0,61.3,62.7,63.4,65.1,0.316551085643989,0.451632093934186,0.751262031512966,0,0,0,0
157,157,"ALT600E03",80.55,56.4,"アカガシ","EB",0,0,0,6.6,8.4,8.8,9.8,2.08059335075867,4.82324113633777,3.08301359654517,0,0,0,0
159,158,"ALT600E03",80.45,57.5,"イヌガシ","EB",0,0,0,6.6,7.9,8.2,8.7,1.4539651401482,3.59586220881192,1.92920532375124,7.01149425287353,7.01149425287353,0,0
161,161,"ALT600E03",84.15,55.25,"イヌガシ","EB",0,0,0,5.3,7.4,8,8.5,2.48610180493787,6.67546359304096,2.77172326572293,0,0,0,0
162,162,"ALT600E03",87.85,57.85,"オオモミジ","DB",0,0,0,7.9,8.1,8.4,8.9,0.627307985605886,0.500026044108344,1.88374430119402,0.931954131675087,0.931954131675087,0,0
164,164,"ALT600E03",89.5,55.15,"アカガシ","EB",0,0,0,69.9,72.9,73.1,73.8,0.285753065087695,0.840459795496957,0.245401851836284,0,0,0,0
2298,158,"ALT600E03",80.45,57.8,"イヌガシ","EB",NA,0,0,NA,6.3,6.9,7.5,NA,NA,3.48706774289555,13.4666666666672,13.4666666666672,0,0
2369,2369,"ALT600E03",80.45,57.7,"イヌガシ","EB",NA,0,0,NA,6.3,6.8,7.2,NA,NA,2.67062785249046,16.4583333333338,16.4583333333338,0,0
2643,2643,"ALT600E03",83.1,59.85,"イヌガシ","EB",NA,0,0,NA,5.8,6.4,7,NA,NA,3.76104463005879,1.51985792033107,1.51985792033107,0,0
2644,2644,"ALT600E03",84.2,56.7,"イヌガシ","EB",NA,0,0,NA,5.7,6.1,6.2,NA,NA,1.68166234421083,0,0,0,0
2646,2646,"ALT600E03",88.15,57.1,"ヤブニッケイ","EB",NA,0,0,NA,5.3,6.3,6.7,NA,NA,4.68801411677689,1.64446617888135,0,1.64446617888135,0
2845,154,"ALT600E03",83.3,50.6,"イヌガシ","EB",NA,NA,0,NA,NA,5.1,5.6,NA,NA,NA,0,0,0,0
2846,2846,"ALT600E03",88.35,51.2,"イヌガシ","EB",NA,NA,0,NA,NA,5.1,5.5,NA,NA,NA,0,0,0,0
145,145,"ALT600E03",89.8,40,"アカガシ","EB",0,0,0,20.3,22.5,24.3,26.1,1.32270751726793,2.05788846325265,2.96840010236547,0.753514295212373,0.753514295212373,0,0
148,148,"ALT600E03",83.7,43.95,"イヌガシ","EB",0,0,0,5.5,6,6.3,6.4,0.797631042774743,1.74022753979259,1.29077042275142,0,0,0,0
149,149,"ALT600E03",80.7,48.55,"イヌガシ","EB",0,0,0,6.8,7.8,8,8.2,0.985323905727086,2.7440224302697,1.00020841149323,0,0,0,0
150,150,"ALT600E03",84.6,48.3,"アカガシ","EB",0,0,0,41.5,43.5,44.2,44.3,0.343638156918091,0.941350217159715,0.364474779129029,0,0,0,0
151,150,"ALT600E03",84.6,48.3,"アカガシ","EB",0,0,0,5.7,6,6.1,6.2,0.442542722160744,1.02586588775101,0.655796456459819,0,0,0,0
2295,149,"ALT600E03",80.7,48.55,"イヌガシ","EB",NA,0,0,NA,6.2,6.6,6.7,NA,NA,1.55116468691749,0,0,0,0
2296,2296,"ALT600E03",88.1,40.65,"イヌガシ","EB",NA,0,0,NA,5.2,5.5,6.1,NA,NA,3.19260291183767,0,0,0,0
2300,2300,"ALT600E03",82.05,43.4,"イヌガシ","EB",NA,0,0,NA,5.3,5.5,5.6,NA,NA,1.10119554366055,0,0,0,0
2647,2647,"ALT600E03",90.15,41.3,"イヌガシ","EB",NA,0,0,NA,4.7,5,5.3,NA,NA,2.40288623684126,3.24599000590644,3.24599000590644,0,0
126,126,"ALT600E04",88.8,32.4,"ヒメシャラ","DB",0,0,0,28.7,29.3,29.5,29.5,0.144700739895783,0.413807865148925,0.136054946455048,0.633169077553703,0.633169077553703,0,0
127,127,"ALT600E04",88.45,31.9,"イヌガシ","EB",0,0,0,5.4,5.6,5.9,6.2,0.72710704463588,0.727352883417496,2.03565388619885,9.17011214258415,0,7.79591666300381,0
128,128,"ALT600E04",85.35,33.9,"イヌガシ","EB",0,0,0,10,11,11.3,11.5,0.735589170395572,1.9062035960865,0.889035251416676,0,0,0,0
130,130,"ALT600E04",81.45,36.1,"イヌガシ","EB",0,0,0,10.7,12.5,13.4,14.1,1.45226871534875,3.1096980568079,2.40892306151734,0,0,0,0
132,132,"ALT600E04",85.3,36.8,"ウラジロガシ","EB",0,0,0,39.2,41.5,43.4,45.1,0.737923682695873,1.14033360880471,1.6637763854396,0.0885190756969306,0.0885190756969306,0,0
134,134,"ALT600E04",82.15,37.4,"イヌガシ","EB",0,0,0,5.9,6.7,7.1,7.4,1.19225078578132,2.54310350970493,1.98744947626408,0,0,0,0
135,134,"ALT600E04",82.15,37.4,"イヌガシ","EB",0,0,0,5.2,5.7,5.7,5.8,0.574733115605221,1.83615098506246,0.34783485423738,0,0,0,0
136,136,"ALT600E04",82.3,39.25,"イヌガシ","EB",0,0,0,5.2,5.8,6.3,6.7,1.3339415832081,2.18398583929984,2.88499217689093,9.06562260994956,9.06562260994956,0,0
137,137,"ALT600E04",82.9,39.65,"アカガシ","EB",0,0,0,32.2,38.3,41.3,43.8,1.61930192016862,3.46966887272475,2.683678423916,0.212128499698002,0.212128499698002,0,0
138,138,"ALT600E04",87.85,37.35,"イヌガシ","EB",0,0,0,8.1,8.4,8.6,8.6,0.315253376742469,0.7273528834175,0.470609948203881,4.73790523326785,4.73790523326785,0,0
139,139,"ALT600E04",88.05,37.4,"ウラジロガシ","EB",0,0,0,6.7,7.1,7.6,8.4,1.19012726027551,1.15974515300699,3.36273843603997,4.96620565550581,4.96620565550581,0,0
142,142,"ALT600E04",90,33.65,"ヤブニッケイ","EB",0,0,0,9.7,10.3,10.4,10.6,0.466990082150971,1.20036019452506,0.574202117648627,0,0,0,0
2649,2649,"ALT600E04",80,33.35,"アカガシ","EB",NA,0,0,NA,4.8,4.8,4.9,NA,NA,0.412385744054716,5.58918744215547,5.58918744215547,0,0
2843,127,"ALT600E04",88.45,31.9,"イヌガシ","EB",NA,NA,0,NA,NA,4.9,5.2,NA,NA,NA,11.2486844471269,0,9.29513140588916,0
110,110,"ALT600E04",86.9,22.85,"イヌガシ","EB",0,0,0,6.4,6.4,6.5,6.4,0,0,0,0,0,0,0
111,111,"ALT600E04",80.7,22.7,"アカガシ","EB",0,0,0,8.8,9.5,9.9,10.1,0.725177380858172,1.53080154244668,1.22487250481437,3.35670384330834,3.35670384330834,0,0
112,112,"ALT600E04",82.45,23.1,"アカガシ","EB",0,0,0,6.1,6.3,6.4,6.5,0.334281082749084,0.64521724436443,0.625050870082091,0,0,0,0
113,113,"ALT600E04",81.25,22.2,"イヌガシ","EB",0,0,0,24,24.9,25.2,25.2,0.256790337733853,0.736279462454324,0.239523820934312,0.94099168407641,0.94099168407641,0,0
115,115,"ALT600E04",86.3,25.6,"ヒメシャラ","DB",0,0,0,34.4,34.9,35.4,35.6,0.180468807782275,0.288605296580577,0.397176172992069,0,0,0,0
117,117,"ALT600E04",83.55,26.5,"イヌガシ","EB",0,0,0,12.3,14.3,15.2,15.5,1.21705663972015,3.0132054977498,1.61160973318679,0,0,0,0
118,118,"ALT600E04",85.95,27.25,"イヌガシ","EB",0,0,0,8.7,11.2,12.3,12.9,2.07318045108994,5.05181505281022,2.82627066133155,3.17080679458725,0,3.17080679458725,0
119,119,"ALT600E04",85.6,28.1,"ヒメシャラ","DB",0,0,0,33.2,35.7,36.9,37.6,0.655021970912662,1.45201625726301,1.03706723220511,0.373227392688479,0.373227392688479,0,0
120,120,"ALT600E04",84.75,29.2,"ヒメシャラ","DB",0,0,0,40,41.1,41.5,41.8,0.231667817983022,0.542573347765054,0.337764360570432,0.27322873834241,0.27322873834241,0,0
121,121,"ALT600E04",87.35,29.8,"イヌガシ","EB",0,0,0,10.6,12.7,13.6,14,1.4642280447223,3.61495984693048,1.94910672301426,0,0,0,0
122,122,"ALT600E04",87.7,28.5,"イヌガシ","EB",0,0,0,7.9,9.1,9.4,9.5,0.970679153334312,2.82823308099657,0.860347701673817,1.61897969358548,1.61897969358548,0,0
123,123,"ALT600E04",88.05,28.3,"イヌガシ","EB",0,0,0,5.2,5.9,6.2,6.2,0.925740349808759,2.52587450648584,0.99193882278744,3.8010644470887,3.8010644470887,0,0
124,124,"ALT600E04",89.65,29.35,"ウラジロガシ","EB",0,0,0,43,45.1,46.5,47.7,0.545954116845964,0.953642616301407,1.12098302771326,0.65862014353866,0.348897381916815,0,0
125,124,"ALT600E04",89.65,29.35,"ウラジロガシ","EB",0,0,0,5,5.4,5.5,5.6,0.5964667647737,1.53922082272257,0.727352883417496,14.4393077374879,11.8011335001018,0,0
2183,2183,"ALT600E04",81.25,21.4,"ヒサカキ","EB",0,0,0,6.4,7.1,7.7,8.1,1.23982142796193,2.07593587363287,2.63538555262247,3.88888888888889,3.88888888888889,0,0
2293,2293,"ALT600E04",81,29.65,"イヌガシ","EB",NA,0,0,NA,6.4,6.9,7.4,NA,NA,2.90364019688996,1.12866529596621,0.488071479336738,0,0
92,91,"ALT600E05",89.3,12.5,"アブラチャン","DB",0,0,0,6.7,7.3,7.3,7.3,0.451404325039079,1.7153364351485,0,12.8767123287666,0,12.8767123287666,0
97,97,"ALT600E05",80.85,15.95,"アカガシ","EB",0,0,0,20.4,25.1,27.1,28.4,1.74133812798416,4.14665890575135,2.47042598058844,0,0,0,0
99,99,"ALT600E05",81.15,19,"シキミ","EB",0,0,0,9.8,10.3,10.4,10.5,0.363120376247113,0.995230191181276,0.384627238557752,0,0,0,0
100,100,"ALT600E04",80.25,20.05,"ヒメシャラ","DB",0,0,0,37.3,39.9,41,41.9,0.612065790938538,1.34765994492096,0.978190060645485,0,0,0,0
101,101,"ALT600E05",83.65,19.25,"アカガシ","EB",0,0,0,35.1,37.7,38.9,40.2,0.714030869227133,1.4291792796429,1.28413802342021,0.269937426665338,0.269937426665338,0,0
102,102,"ALT600E05",84.35,19.45,"イヌガシ","EB",0,0,0,7.4,7.8,7.8,7.9,0.344119785593956,1.05287466970844,0.254780515548599,6.98974008954099,6.98974008954099,0,0
103,103,"ALT600E05",84,16.3,"イヌガシ","EB",0,0,0,10.3,11.6,12,12.4,0.976592512502111,2.37722405753458,1.33382748997345,0,0,0,0
106,106,"ALT600E05",86.7,19.8,"イヌシデ","DB",0,0,0,23.2,25.7,25.8,25.8,0.559064280291093,2.0467742645782,0.0776700005279522,0,0,0,0
107,107,"ALT600E04",87.7,21.25,"イヌガシ","EB",0,0,0,21.6,26.1,27.5,28,1.36584839728992,3.78483999277057,1.40538391693112,0.303045763365665,0.303045763365665,0,0
87,87,"ALT600E05",84.4,7.25,"ヒメシャラ","DB",0,0,0,39,39.9,40.4,40.5,0.19863330517288,0.456293555323425,0.298513004333516,0.220576131687243,0,0,0.220576131687243
88,88,"ALT600E05",83.65,7.25,"イヌガヤ","EC",0,0,0,6.5,6.6,6.6,6.7,0.1595018394491,0.305349442615768,0.30075754729081,8.05970149253731,0,8.05970149253731,0
90,90,"ALT600E05",82.45,7.35,"カジカエデ","DB",0,0,0,7.5,8.6,8.9,9.3,1.13216515587866,2.73718365434395,1.56504393799497,0,0,0,0
1,1,"ALT600E01",98.05,99.4,"ミツバウツギ","DB",0,0,0,7.4,7.6,7.6,7.7,0.209159624471127,0.533364941643225,0.261441631347058,0,0,0,0
2,2,"ALT600E01",97.1,97.85,"イタヤカエデ","DB",0,0,0,23.6,27.8,29.7,30.7,1.38429443453467,3.27578617330054,1.9845326779312,0,0,0,0
4,4,"ALT600E01",93.7,93.8,"イタヤカエデ","DB",0,0,0,15.9,18.2,18.7,19.5,1.0741860860185,2.70204969713128,1.37985742973903,0.505912804504979,0,0.505912804504979,0
5,5,"ALT600E01",93.75,92.95,"イタヤカエデ","DB",0,0,0,6.7,7.5,8.1,8.4,1.19012726027551,2.25590988290689,2.26657370614007,2.726379590604,0,2.726379590604,0
6,6,"ALT600E01",97.3,93.8,"イタヤカエデ","DB",0,0,0,6.6,7.3,7.3,7.4,0.602159743040759,2.01609398243931,0.272113041115574,0,0,0,0
7,7,"ALT600E01",99.55,94.8,"キハダ","DB",0,0,0,49.3,55.1,56.2,60.1,1.04255663417115,2.22451270220449,1.73720250764586,0,0,0,0
8,8,"ALT600E01",98.4,89.8,"イタヤカエデ","DB",0,0,0,18.5,23,24.7,25.6,1.70958747053283,4.35446967689741,2.14196271112734,0,0,0,0
10,10,"ALT600E01",94.35,89.15,"イタヤカエデ","DB",0,0,0,11.5,13,13.4,13.9,0.99758844614443,2.45204644184665,1.33878965350219,0.997853663936549,0,0,0.997853663936549
11,11,"ALT600E01",93.6,88.6,"イヌガヤ","EC",0,0,0,8.3,10.7,11.9,12.9,2.32090419244776,5.07976453330616,3.73967139799532,1.15855601471775,0,1.15855601471775,0
16,16,"ALT600E01",98.25,84.7,"イロハモミジ","DB",0,0,0,17.4,19.8,20.6,21.8,1.18652507144505,2.58423462960012,1.92456064189108,0,0,0,0
2650,2650,"ALT600E01",91.3,84.4,"カジカエデ","DB",NA,0,0,NA,6,6.6,7,NA,NA,3.08301359654517,0,0,0,0
17,17,"ALT600E02",92.5,79,"ケヤキ","DB",0,0,0,30.1,32,32.9,33.7,0.594592976860453,1.22421462089793,1.03523869117179,0,0,0,0
2185,2185,"ALT600E02",90.6,69.05,"シキミ","EB",0,0,0,7.1,8.6,9.3,9.9,1.74968406891197,3.83334838424385,2.81545107762164,0,0,0,0
2851,2851,"ALT600E02",90.4,78.95,"イタヤカエデ","DB",NA,NA,0,NA,NA,5.1,5.5,NA,NA,NA,0,0,0,0
19,19,"ALT600E02",96.45,64,"ウラジロガシ","EB",0,0,0,6,7.6,9.1,11,3.19018843984377,4.72777556128461,7.3949405101217,0,0,0,0
20,20,"ALT600E02",91,64.15,"アワブキ","DB",0,0,0,14.5,14.7,14.9,15.1,0.213400496812368,0.273976887163239,0.536945000723761,1.04327719025142,0,0.470209437859794,0
23,23,"ALT600E02",94.25,60.9,"ウラジロガシ","EB",0,0,0,9.3,10.8,11.5,12.8,1.68121458298085,2.99063467941928,3.39798073590795,0,0,0,0
24,24,"ALT600E03",94.2,59.85,"カゴノキ","EB",0,0,0,9.8,10,10,10.5,0.363120376247113,0.404054146350389,0.975803283388641,0,0,0,0
2203,2203,"ALT600E02",96.05,69,"アカガシ","EB",0,0,0,7,7.1,7.1,7.4,0.292472900814794,0.283692699839128,0.82770432325709,0,0,0,0
2651,2651,"ALT600E02",96.1,61.7,"アカガシ","EB",NA,0,0,NA,4.8,5.3,5.9,NA,NA,4.12672865995657,0,0,0,0
2652,2652,"ALT600E02",97.45,60.3,"イヌガシ","EB",NA,0,0,NA,5.2,5.8,7.1,NA,NA,6.22872316919776,0,0,0,0
27,27,"ALT600E03",99.5,56.45,"アカガシ","EB",0,0,0,70.6,77.5,79.2,80,0.657876264077291,1.8649558372021,0.634973966291605,0.478692092106854,0.406263495272839,0,0
28,28,"ALT600E03",98.95,56.5,"ヤブニッケイ","EB",0,0,0,6.6,7.5,7.6,8,1.01248364551293,2.5566674301977,1.29077042275142,20.62554062436,19.5446481629612,0,0
31,31,"ALT600E03",93.15,58.25,"イヌシデ","DB",0,0,0,38.2,39.3,39.6,39.9,0.229162148859411,0.567780065253718,0.303036100412045,0,0,0,0
32,32,"ALT600E03",90.15,56.85,"イヌガシ","EB",0,0,0,5.8,6.7,6.9,7.1,1.06440456049945,2.88499217689093,1.15974515300699,0,0,0,0
35,35,"ALT600E03",94.5,53.8,"シキミ","EB",0,0,0,5.9,8.7,10.5,12.5,3.95145417577148,7.76741349497728,7.24811237295435,1.61396260617082,1.61396260617082,0,0
37,37,"ALT600E03",97.45,52.4,"シキミ","EB",0,0,0,5.3,7.4,8.8,10.4,3.54788939783816,6.67546359304096,6.80651611874406,4.46686187276338,4.46686187276338,0,0
38,38,"ALT600E03",98.4,52.6,"アカガシ","EB",0,0,0,37.7,42.5,44.1,45.1,0.94327448449825,2.39687962952812,1.18756341156523,0.2375287142925,0.2375287142925,0,0
2653,32,"ALT600E03",90.15,56.85,"イヌガシ","EB",NA,0,0,NA,5.5,5.6,5.7,NA,NA,0.714361652041585,0,0,0,0
2847,2847,"ALT600E03",92.1,54.05,"ウラジロガシ","EB",NA,NA,0,NA,NA,5.1,5.6,NA,NA,NA,4.93144149543949,4.38933675369633,0,0
2848,2847,"ALT600E03",92.1,54.05,"ウラジロガシ","EB",NA,NA,0,NA,NA,5.3,6,NA,NA,NA,4.5183513248057,4.01238689917875,0,0
2849,2849,"ALT600E03",91.45,54.5,"イヌガシ","EB",NA,NA,0,NA,NA,4.8,5.5,NA,NA,NA,3.21977361762601,2.66781242603298,0,0
2850,2850,"ALT600E03",93.35,51.85,"イヌガシ","EB",NA,NA,0,NA,NA,4.9,5.5,NA,NA,NA,2.62143918998139,1.07072868323184,0,0
39,39,"ALT600E03",93.65,47.65,"ウラジロガシ","EB",0,0,0,12,12.8,13.3,14.3,0.922909934094007,1.29077042275142,2.2162873268058,0,0,0,0
40,40,"ALT600E03",92.15,48.3,"アカガシ","EB",0,0,0,63,67.5,70,71.7,0.680821164284431,1.37985742973903,1.20726299454181,0.512684208106386,0.382510483391874,0,0
42,42,"ALT600E03",91.25,45.5,"イヌガシ","EB",0,0,0,6.3,6.7,6.9,7.1,0.629185003419909,1.23115785998867,1.15974515300699,0,0,0,0
45,45,"ALT600E03",91.1,41.55,"イヌガシ","EB",0,0,0,14.9,16,16.7,16.9,0.662907415671654,1.42455018576736,1.09449799378493,0.319246032232456,0.319246032232456,0,0
46,46,"ALT600E03",94.6,40.85,"アカガシ","EB",0,0,0,5.9,7.1,8.1,8.7,2.04405618288876,3.70284866271192,4.06456483226536,0,0,0,0
47,47,"ALT600E03",97.05,44.35,"イヌガシ","EB",0,0,0,6,7,7.1,7.3,1.03218357329626,3.08301359654517,0.839283981980644,0,0,0,0
49,49,"ALT600E03",99.5,42.85,"シキミ","EB",0,0,0,7.1,7.3,7.4,7.7,0.426976551644045,0.555591282141513,1.06691961410585,16.6947378525893,16.2688201425893,0,0
50,49,"ALT600E03",99.5,42.85,"シキミ","EB",0,0,0,5.1,5.8,6.3,6.6,1.35699531211631,2.57234755644187,2.58423462960012,19.7256461588542,19.2287421638542,0,0
51,51,"ALT600E03",99.2,42.25,"シキミ","EB",0,0,0,5.7,5.8,5.9,6,0.269964707302897,0.34783485423738,0.678031033513628,24.1666305205269,24.1666305205269,0,0
52,52,"ALT600E03",99.35,42.2,"アカガシ","EB",0,0,0,15.2,17,17.5,17.7,0.801416903829225,2.23835832407971,0.807025910471345,4.07432525661981,4.07432525661981,0,0
2654,2654,"ALT600E03",99.7,42.75,"イヌガシ","EB",NA,0,0,NA,5.2,5.7,6.1,NA,NA,3.19260291183767,17.938702497857,16.3258010058899,0,0
2655,2655,"ALT600E03",99.45,49.4,"イヌガシ","EB",NA,0,0,NA,4.9,4.9,5,NA,NA,0.404054146350389,0.941357448663283,0.941357448663283,0,0
2852,40,"ALT600E03",92.15,48.3,"アカガシ","EB",NA,NA,0,NA,NA,5.2,5.9,NA,NA,NA,22.2445341348003,20.6625924293714,0,0
2853,2853,"ALT600E03",91.5,48.55,"イヌガシ","EB",NA,NA,0,NA,NA,5.4,6.1,NA,NA,NA,21.4681259232581,19.25540241801,0,0
53,53,"ALT600E04",97.05,39.6,"イヌシデ","DB",0,0,0,39.7,39.9,39.9,40.1,0.0527639295756771,0.10050272405346,0.100000208334117,0,0,0,0
55,55,"ALT600E04",94.35,38.85,"イヌシデ","DB",0,0,0,35.7,35.9,36.2,36.1,0.0586430344907463,0.111732134172796,0.111111396892044,0.132488982082337,0.132488982082337,0,0
56,56,"ALT600E04",95.9,38.6,"シキミ","EB",0,0,0,8.5,8.6,8.7,8.8,0.182555568357316,0.233920795263825,0.459790364493976,0,0,0,0
57,57,"ALT600E04",95.3,36.2,"イヌシデ","DB",0,0,0,45.4,48,41.2,41.3,-0.498155816212186,1.11377811721177,-3.00677021881808,0,0,0,0
58,58,"ALT600E04",94.55,35.35,"イヌガシ","EB",0,0,0,7.4,9.2,9.7,10,1.58476364623117,4.35446967689741,1.66763217878102,0,0,0,0
59,59,"ALT600E04",92.1,36.1,"イヌガヤ","EC",0,0,0,15.9,15.9,15.9,15.9,0,0,0,0,0,0,0
67,67,"ALT600E04",99.4,34.15,"アカガシ","EB",0,0,0,21.2,25.6,28.2,29.7,1.7744519164773,3.771823396151,2.97109388646274,0,0,0,0
2657,2657,"ALT600E04",97.3,35.05,"イヌガシ","EB",NA,0,0,NA,5.1,5.5,5.7,NA,NA,2.22451270220449,2.53682565868398,2.53682565868398,0,0
2658,2658,"ALT600E04",96.7,35.35,"イヌガシ","EB",NA,0,0,NA,5.2,5.3,5.2,NA,NA,0,2.92408889365359,1.63404967586524,0,0
2700,2700,"ALT600E04",90.55,39.85,"アカガシ","EB",NA,0,0,NA,4.9,6.2,5.2,NA,NA,1.18846840941602,8.9181168296239,8.9181168296239,0,0
69,69,"ALT600E04",96.15,27.8,"イヌガシ","EB",0,0,0,8.1,8.5,8.5,8.5,0.253695272725672,0.964042036357554,0,0,0,0,0
70,70,"ALT600E04",94.35,27.8,"イヌガシ","EB",0,0,0,8.6,9.1,9.3,9.3,0.411853667893412,1.13024420526685,0.434799732728121,0,0,0,0
71,71,"ALT600E04",92.5,24.55,"イヌガシ","EB",0,0,0,13.7,15,15.7,15.8,0.750600564204432,1.81308736536262,1.03919477861422,0,0,0,0
72,72,"ALT600E04",90.75,21.6,"ウラジロガシ","EB",0,0,0,29.4,32,31.6,36.1,1.08051679470631,1.69482456910181,2.41113925078217,0,0,0,0
73,73,"ALT600E04",96.3,24.45,"アカガシ","EB",0,0,0,44,49,52.1,54.3,1.10702417379805,2.15261328384731,2.05407857658526,0,0,0,0
74,74,"ALT600E04",94.15,20.8,"イヌシデ","DB",0,0,0,26,28.7,29.4,29.4,0.646832296437652,1.97601169488187,0.48195103158121,0,0,0,0
75,75,"ALT600E04",98.5,21.5,"イヌシデ","DB",0,0,0,43.3,46.7,43.7,44,0.08440525742009,1.51183059332815,-1.19109061513181,0,0,0,0
76,76,"ALT600E05",96.2,16.5,"シキミ","EB",0,0,0,10.4,10.6,10.6,10.6,0.100253657740497,0.380963899413888,0,0,0,0,0
77,77,"ALT600E05",94.4,16.1,"エゴノキ","DB",0,0,0,21.1,24.9,26.2,26.9,1.27817497960933,3.31189525977282,1.54516966274263,0,0,0,0
78,78,"ALT600E05",94.65,17.95,"イヌガヤ","EC",0,0,0,10.1,10,9.9,9.7,-0.212681780725667,-0.199006617063362,-0.609184149694171,0,0,0,0
79,79,"ALT600E05",90.9,18.1,"イヌガヤ","EC",0,0,0,7.7,7.9,7.8,7.7,0,0.512848612266753,-0.512848612266753,0,0,0,0
83,83,"ALT600E05",98.9,4.2,"ケヤキ","DB",0,0,0,17.1,24.2,27.7,30.5,3.04551694791975,6.94548339308053,4.62748100901451,0,0,0,0
86,86,"ALT600E05",92.85,2.2,"イヌガヤ","EC",0,0,0,17.5,18.4,17.7,17.7,0.0598092560542895,1.00299567370943,-0.775720500703128,0,0,0,0
2294,81,"ALT600E05",97.25,8.8,"アブラチャン","DB",NA,0,0,NA,5.4,5.5,5.3,NA,NA,-0.373842660243053,0,0,0,0
2854,2854,"ALT600A01",1.1,84.5,"イヌガシ","EB",NA,NA,0,NA,NA,NA,4.9,NA,NA,NA,2.43008772117537,2.43008772117537,0,0
2855,2855,"ALT600A02",8.15,75.3,"イヌガシ","EB",NA,NA,0,NA,NA,NA,5.4,NA,NA,NA,0,0,0,0
2856,2856,"ALT600A02",5.85,75.1,"イヌガシ","EB",NA,NA,0,NA,NA,NA,4.8,NA,NA,NA,0.542651963827786,0.542651963827786,0,0
2857,1018,"ALT600A02",8.8,69.45,"ヤブニッケイ","EB",NA,NA,0,NA,NA,NA,4.9,NA,NA,NA,0,0,0,0
2858,2858,"ALT600A02",6.85,62.05,"シキミ","EB",NA,NA,0,NA,NA,NA,6.2,NA,NA,NA,1.02383682184427,1.02383682184427,0,0
2859,2859,"ALT600A03",8.85,51.25,"イヌガシ","EB",NA,NA,0,NA,NA,NA,5.2,NA,NA,NA,0.486504255410519,0.486504255410519,0,0
2860,1014,"ALT600A03",5.9,51.15,"イヌガシ","EB",NA,NA,0,NA,NA,NA,5.2,NA,NA,NA,0,0,0,0
2862,2862,"ALT600A03",8.3,41.5,"イヌガシ","EB",NA,NA,0,NA,NA,NA,4.8,NA,NA,NA,3.30555266140062,3.30555266140062,0,0
2863,2863,"ALT600A03",6.45,41.3,"シロダモ","EB",NA,NA,0,NA,NA,NA,5.2,NA,NA,NA,1.1467889246234,0.5733944623117,0,0
2864,2864,"ALT600A03",1.05,46.6,"イヌガシ","EB",NA,NA,0,NA,NA,NA,6.2,NA,NA,NA,0,0,0,0
2865,2865,"ALT600A04",3.25,32.5,"イヌガシ","EB",NA,NA,0,NA,NA,NA,4.9,NA,NA,NA,6.92689392227355,0,6.92689392227355,0
2866,978,"ALT600A04",9.3,26.55,"ヤブニッケイ","EB",NA,NA,0,NA,NA,NA,5.2,NA,NA,NA,0,0,0,0
2867,2867,"ALT600A05",7.35,19.8,"シロダモ","EB",NA,NA,0,NA,NA,NA,5.1,NA,NA,NA,0,0,0,0
2868,2868,"ALT600A05",8.75,16.95,"イヌガシ","EB",NA,NA,0,NA,NA,NA,5.7,NA,NA,NA,0,0,0,0
2869,2869,"ALT600A05",8.1,5.2,"ヤブニッケイ","EB",NA,NA,0,NA,NA,NA,6.1,NA,NA,NA,0,0,0,0
2870,2870,"ALT600A05",6.65,0.85,"イヌガシ","EB",NA,NA,0,NA,NA,NA,5,NA,NA,NA,16.1645748902799,16.1645748902799,0,0
2871,2871,"ALT600A02",11.2,78.6,"イヌガシ","EB",NA,NA,0,NA,NA,NA,6.2,NA,NA,NA,5.73505960778034,5.73505960778034,0,0
2872,2872,"ALT600A02",13.2,67.95,"ヤブニッケイ","EB",NA,NA,0,NA,NA,NA,5.2,NA,NA,NA,0,0,0,0
2873,2873,"ALT600A02",13.85,66.6,"イヌガシ","EB",NA,NA,0,NA,NA,NA,4.8,NA,NA,NA,0,0,0,0
2874,925,"ALT600A04",18.45,37.25,"イヌガシ","EB",NA,NA,0,NA,NA,NA,5.1,NA,NA,NA,4.74631990654046,3.93843566712932,0,0
2875,929,"ALT600A04",11.45,30,"イヌガシ","EB",NA,NA,0,NA,NA,NA,4.9,NA,NA,NA,2.99319727891156,2.34013605442177,0,0
2876,2876,"ALT600A05",10.4,16.45,"イヌガシ","EB",NA,NA,0,NA,NA,NA,5.2,NA,NA,NA,0,0,0,0
2877,2877,"ALT600A05",13.8,7.7,"イヌガシ","EB",NA,NA,0,NA,NA,NA,4.9,NA,NA,NA,0,0,0,0
2878,2878,"ALT600A05",12,5.6,"イヌガシ","EB",NA,NA,0,NA,NA,NA,5.5,NA,NA,NA,0,0,0,0
2879,2879,"ALT600B02",24.05,67.55,"シキミ","EB",NA,NA,0,NA,NA,NA,5.2,NA,NA,NA,0,0,0,0
2880,2880,"ALT600B03",29.4,54.75,"イヌガシ","EB",NA,NA,0,NA,NA,NA,5,NA,NA,NA,0,0,0,0
2881,2881,"ALT600B03",28.05,40.7,"イヌガシ","EB",NA,NA,0,NA,NA,NA,5,NA,NA,NA,0,0,0,0
2882,2882,"ALT600B03",27.5,42.35,"イヌガシ","EB",NA,NA,0,NA,NA,NA,6.3,NA,NA,NA,0,0,0,0
2883,2883,"ALT600B03",24.55,44.25,"イヌガシ","EB",NA,NA,0,NA,NA,NA,5.7,NA,NA,NA,2.52945886752586,1.78130906163793,0,0
2884,2884,"ALT600B03",24.1,44.05,"イヌガシ","EB",NA,NA,0,NA,NA,NA,5,NA,NA,NA,3.93507530930855,3.93507530930855,0,0
2885,2885,"ALT600B03",23.8,45.1,"イヌガシ","EB",NA,NA,0,NA,NA,NA,5,NA,NA,NA,0,0,0,0
2886,2886,"ALT600B03",21.35,43.6,"イヌガシ","EB",NA,NA,0,NA,NA,NA,5.7,NA,NA,NA,0,0,0,0
2887,2887,"ALT600B04",22.8,23.65,"イヌガシ","EB",NA,NA,0,NA,NA,NA,4.9,NA,NA,NA,0,0,0,0
2888,2888,"ALT600B04",21.8,22.35,"シキミ","EB",NA,NA,0,NA,NA,NA,4.9,NA,NA,NA,9.99319575059921,9.99319575059921,0,0
2889,2889,"ALT600B02",36.05,74.1,"イヌガシ","EB",NA,NA,0,NA,NA,NA,6.2,NA,NA,NA,0,0,0,0
2890,2890,"ALT600B02",36.9,61.2,"ヤブニッケイ","EB",NA,NA,0,NA,NA,NA,5.1,NA,NA,NA,9.30328931621087,0,9.30328931621087,0
2891,2891,"ALT600B03",32.2,58.4,"イヌガシ","EB",NA,NA,0,NA,NA,NA,5.4,NA,NA,NA,0,0,0,0
2892,2892,"ALT600B03",39.85,44.75,"イヌガシ","EB",NA,NA,0,NA,NA,NA,5.2,NA,NA,NA,0,0,0,0
2893,2893,"ALT600B04",33.25,39.85,"イヌガシ","EB",NA,NA,0,NA,NA,NA,4.9,NA,NA,NA,0.688703255291518,0.688703255291518,0,0
2894,2894,"ALT600B04",31.8,24.65,"イヌガシ","EB",NA,NA,0,NA,NA,NA,4.9,NA,NA,NA,0,0,0,0
2895,712,"ALT600B05",39.2,10.75,"イヌガシ","EB",NA,NA,0,NA,NA,NA,5.3,NA,NA,NA,0,0,0,0
2896,712,"ALT600B05",39.2,10.75,"イヌガシ","EB",NA,NA,0,NA,NA,NA,5.4,NA,NA,NA,0,0,0,0
2897,2601,"ALT600C02",42.75,60.15,"ヤブニッケイ","EB",NA,NA,0,NA,NA,NA,5.8,NA,NA,NA,0,0,0,0
2898,563,"ALT600C03",49.15,49.55,"イヌガシ","EB",NA,NA,0,NA,NA,NA,4.8,NA,NA,NA,8.80947469903896,4.26741939857523,0,0
2899,563,"ALT600C03",49.15,49.55,"イヌガシ","EB",NA,NA,0,NA,NA,NA,5,NA,NA,NA,8.41653410095233,4.09672262263222,0,0
2900,2900,"ALT600C04",48.6,30.3,"イヌガシ","EB",NA,NA,0,NA,NA,NA,5.2,NA,NA,NA,0,0,0,0
2901,399,"ALT600C01",54.15,97.25,"アブラチャン","DB",NA,NA,0,NA,NA,NA,5.5,NA,NA,NA,0,0,0,0
2902,399,"ALT600C01",54.15,97.25,"アブラチャン","DB",NA,NA,0,NA,NA,NA,5,NA,NA,NA,0,0,0,0
2903,399,"ALT600C01",54.15,97.25,"アブラチャン","DB",NA,NA,0,NA,NA,NA,7.4,NA,NA,NA,0,0,0,0
2904,408,"ALT600C01",55.5,88.05,"アブラチャン","DB",NA,NA,0,NA,NA,NA,6.3,NA,NA,NA,0,0,0,0
2905,2905,"ALT600C01",55.15,87.1,"アブラチャン","DB",NA,NA,0,NA,NA,NA,5.2,NA,NA,NA,0,0,0,0
2906,407,"ALT600C01",58.2,84.9,"アブラチャン","DB",NA,NA,0,NA,NA,NA,5.7,NA,NA,NA,0,0,0,0
2907,407,"ALT600C01",58.2,84.9,"アブラチャン","DB",NA,NA,0,NA,NA,NA,5.7,NA,NA,NA,0,0,0,0
2908,415,"ALT600C02",57.85,75.05,"イヌガシ","EB",NA,NA,0,NA,NA,NA,5.1,NA,NA,NA,7.49214634295794,3.59212495895244,0,0
2909,2909,"ALT600C02",51.6,70.55,"イヌガシ","EB",NA,NA,0,NA,NA,NA,4.8,NA,NA,NA,0.598777082338897,0.598777082338897,0,0
2910,2832,"ALT600C02",52.65,74.65,"イヌガシ","EB",NA,NA,0,NA,NA,NA,5.6,NA,NA,NA,0,0,0,0
2911,2911,"ALT600C02",59.05,69.7,"イヌガシ","EB",NA,NA,0,NA,NA,NA,5.1,NA,NA,NA,0,0,0,0
2912,2614,"ALT600C03",53.5,56.25,"イヌガシ","EB",NA,NA,0,NA,NA,NA,5,NA,NA,NA,0,0,0,0
2913,2913,"ALT600C04",54.75,37.1,"アカガシ","EB",NA,NA,0,NA,NA,NA,4.8,NA,NA,NA,0,0,0,0
2914,471,"ALT600C04",58.05,35.55,"ヤブニッケイ","EB",NA,NA,0,NA,NA,NA,5.2,NA,NA,NA,0,0,0,0
2915,2915,"ALT600C04",52.95,31.7,"イヌガシ","EB",NA,NA,0,NA,NA,NA,4.9,NA,NA,NA,36.9818997689148,36.9818997689148,0,0
2916,2916,"ALT600C04",53,28.15,"ヤブニッケイ","EB",NA,NA,0,NA,NA,NA,4.9,NA,NA,NA,0,0,0,0
2917,2917,"ALT600C05",56.65,16.9,"イヌガヤ","EC",NA,NA,0,NA,NA,NA,4.8,NA,NA,NA,0,0,0,0
2918,511,"ALT600C05",54.05,8.8,"イヌガヤ","EC",NA,NA,0,NA,NA,NA,5.8,NA,NA,NA,0,0,0,0
2919,2697,"ALT600D01",69.35,97.9,"アブラチャン","DB",NA,NA,0,NA,NA,NA,5.3,NA,NA,NA,0,0,0,0
2920,2920,"ALT600D01",68.75,81,"アブラチャン","DB",NA,NA,0,NA,NA,NA,5.4,NA,NA,NA,0,0,0,0
2921,2921,"ALT600D02",63.05,73.85,"イヌガシ","EB",NA,NA,0,NA,NA,NA,5.5,NA,NA,NA,0,0,0,0
2922,2922,"ALT600D03",65.9,56.95,"イヌガシ","EB",NA,NA,0,NA,NA,NA,5,NA,NA,NA,0,0,0,0
2923,330,"ALT600D04",62.9,21.8,"イヌガシ","EB",NA,NA,0,NA,NA,NA,5.5,NA,NA,NA,0,0,0,0
2924,2924,"ALT600D02",73.35,72.4,"イヌガシ","EB",NA,NA,0,NA,NA,NA,5.3,NA,NA,NA,0,0,0,0
2925,2633,"ALT600D02",78.35,66.25,"ヤブニッケイ","EB",NA,NA,0,NA,NA,NA,5.9,NA,NA,NA,0,0,0,0
2926,2633,"ALT600D02",78.35,66.25,"ヤブニッケイ","EB",NA,NA,0,NA,NA,NA,5.5,NA,NA,NA,0,0,0,0
2927,2633,"ALT600D02",78.35,66.25,"ヤブニッケイ","EB",NA,NA,0,NA,NA,NA,5.6,NA,NA,NA,0,0,0,0
2928,2928,"ALT600D03",78.8,54.85,"イヌガシ","EB",NA,NA,0,NA,NA,NA,5.3,NA,NA,NA,1.24436630653522,1.24436630653522,0,0
2929,2929,"ALT600D03",71.95,51.95,"ヒサカキ","EB",NA,NA,0,NA,NA,NA,5.5,NA,NA,NA,0,0,0,0
2930,289,"ALT600D05",77.4,16.9,"イヌガシ","EB",NA,NA,0,NA,NA,NA,4.9,NA,NA,NA,0,0,0,0
2931,2931,"ALT600E02",89.25,76.1,"イヌガシ","EB",NA,NA,0,NA,NA,NA,5.7,NA,NA,NA,1.02756532650945,0,1.02756532650945,0
2932,189,"ALT600E02",80.85,73.25,"アブラチャン","DB",NA,NA,0,NA,NA,NA,4.9,NA,NA,NA,0,0,0,0
2933,2933,"ALT600E02",84.35,62.4,"イヌガシ","EB",NA,NA,0,NA,NA,NA,4.8,NA,NA,NA,0,0,0,0
2934,2934,"ALT600E02",81.7,60.9,"ヤブニッケイ","EB",NA,NA,0,NA,NA,NA,5.7,NA,NA,NA,7.40967499914977,7.40967499914977,0,0
2935,2935,"ALT600E02",83.4,63.75,"ヒサカキ","EB",NA,NA,0,NA,NA,NA,5.3,NA,NA,NA,0,0,0,0
2936,2936,"ALT600E04",84.2,28.95,"イヌガシ","EB",NA,NA,0,NA,NA,NA,4.9,NA,NA,NA,14.7955664982791,0,14.1199698545221,0
2937,2937,"ALT600E04",80.7,25.55,"イヌガシ","EB",NA,NA,0,NA,NA,NA,4.9,NA,NA,NA,0,0,0,0
2938,2938,"ALT600E05",84.65,3.35,"オオモミジ","DB",NA,NA,0,NA,NA,NA,5,NA,NA,NA,0,0,0,0
2939,2939,"ALT600E01",95.3,84.9,"アブラチャン","DB",NA,NA,0,NA,NA,NA,5.4,NA,NA,NA,0,0,0,0
2940,20,"ALT600E02",91,64.15,"アワブキ","DB",NA,NA,0,NA,NA,NA,6.4,NA,NA,NA,3.96957327923677,0,2.61749155093778,0
2941,20,"ALT600E02",91,64.15,"アワブキ","DB",NA,NA,0,NA,NA,NA,5.2,NA,NA,NA,5.14164412654921,0,3.22152806269266,0
2942,32,"ALT600E03",90.15,56.85,"イヌガシ","EB",NA,NA,0,NA,NA,NA,5.8,NA,NA,NA,0,0,0,0
2943,32,"ALT600E03",90.15,56.85,"イヌガシ","EB",NA,NA,0,NA,NA,NA,5.1,NA,NA,NA,0,0,0,0
2944,2944,"ALT600E03",94.45,56.85,"イヌガシ","EB",NA,NA,0,NA,NA,NA,5.9,NA,NA,NA,0,0,0,0
2945,2945,"ALT600E03",95.45,56.9,"イヌガシ","EB",NA,NA,0,NA,NA,NA,5.7,NA,NA,NA,0,0,0,0
2946,2946,"ALT600E03",97.5,57.95,"イヌガシ","EB",NA,NA,0,NA,NA,NA,5,NA,NA,NA,0,0,0,0
2947,2947,"ALT600E03",99.5,57.15,"イヌガシ","EB",NA,NA,0,NA,NA,NA,6.4,NA,NA,NA,20.9386600813473,20.9386600813473,0,0
2948,2948,"ALT600E03",99.65,53.95,"イヌガシ","EB",NA,NA,0,NA,NA,NA,5.2,NA,NA,NA,0,0,0,0
2949,2949,"ALT600E03",98,51.35,"ヤブニッケイ","EB",NA,NA,0,NA,NA,NA,4.8,NA,NA,NA,0,0,0,0
2950,42,"ALT600E03",91.25,45.5,"イヌガシ","EB",NA,NA,0,NA,NA,NA,5.3,NA,NA,NA,0,0,0,0
2951,2951,"ALT600E03",97.65,40.7,"イヌガシ","EB",NA,NA,0,NA,NA,NA,5,NA,NA,NA,0,0,0,0
2952,2952,"ALT600E04",90.15,39.85,"イヌガシ","EB",NA,NA,0,NA,NA,NA,4.9,NA,NA,NA,16.6412159087294,16.6412159087294,0,0
2953,79,"ALT600E05",90.9,18.1,"イヌガヤ","EC",NA,NA,0,NA,NA,NA,5.2,NA,NA,NA,0,0,0,0
2954,2954,"ALT600A01",3.35,87.25,"イヌガシ","EB",NA,NA,0,NA,NA,NA,2.1,NA,NA,NA,0,0,0,0
2955,2795,"ALT600A01",4.45,86.8,"アカガシ","EB",NA,NA,0,NA,NA,NA,2.9,NA,NA,NA,0,0,0,0
2956,1049,"ALT600A01",6.45,85.4,"イヌガシ","EB",NA,NA,0,NA,NA,NA,3,NA,NA,NA,0,0,0,0
2957,1049,"ALT600A01",6.45,85.4,"イヌガシ","EB",NA,NA,0,NA,NA,NA,2.5,NA,NA,NA,0,0,0,0
2958,2958,"ALT600A01",5.15,83.55,"イヌガシ","EB",NA,NA,0,NA,NA,NA,3.1,NA,NA,NA,0,0,0,0
2959,2959,"ALT600A01",8.4,84.3,"イヌガシ","EB",NA,NA,0,NA,NA,NA,2.4,NA,NA,NA,0,0,0,0
2960,2960,"ALT600A01",2.65,81.4,"イヌガシ","EB",NA,NA,0,NA,NA,NA,4.3,NA,NA,NA,0,0,0,0
2961,2961,"ALT600A01",4,84.6,"イヌガシ","EB",NA,NA,0,NA,NA,NA,3.1,NA,NA,NA,0,0,0,0
2962,2962,"ALT600A02",3.6,79,"イヌガシ","EB",NA,NA,0,NA,NA,NA,3.2,NA,NA,NA,25.0562177964312,25.0562177964312,0,0
2963,2963,"ALT600A02",3.8,79.75,"イヌガシ","EB",NA,NA,0,NA,NA,NA,2.6,NA,NA,NA,19.030831957939,19.030831957939,0,0
2964,2964,"ALT600A02",7.05,79.25,"シキミ","EB",NA,NA,0,NA,NA,NA,4.3,NA,NA,NA,0,0,0,0
2965,2965,"ALT600A02",3.85,76.8,"イヌガシ","EB",NA,NA,0,NA,NA,NA,2.5,NA,NA,NA,3.15130738821742,0,0,3.15130738821742
2966,2966,"ALT600A02",5.2,76.65,"イヌガシ","EB",NA,NA,0,NA,NA,NA,2.1,NA,NA,NA,0,0,0,0
2967,2967,"ALT600A02",5.15,75.5,"イヌガシ","EB",NA,NA,0,NA,NA,NA,2.1,NA,NA,NA,2.83507964775333,2.83507964775333,0,0
2968,2968,"ALT600A02",6.3,77.1,"イヌガシ","EB",NA,NA,0,NA,NA,NA,4,NA,NA,NA,0,0,0,0
2970,2970,"ALT600A02",7,74.4,"イヌガシ","EB",NA,NA,0,NA,NA,NA,4.5,NA,NA,NA,0,0,0,0
2971,2971,"ALT600A02",5.7,70.35,"イヌガシ","EB",NA,NA,0,NA,NA,NA,4.5,NA,NA,NA,3.50392220818424,3.50392220818424,0,0
2972,2972,"ALT600A02",5.6,72.55,"イヌガシ","EB",NA,NA,0,NA,NA,NA,4,NA,NA,NA,0,0,0,0
2973,2973,"ALT600A02",4.5,72.65,"イヌガシ","EB",NA,NA,0,NA,NA,NA,3.9,NA,NA,NA,13.5346630793868,0,13.5346630793868,0
2974,2974,"ALT600A02",3.3,72.7,"イヌガシ","EB",NA,NA,0,NA,NA,NA,4.2,NA,NA,NA,17.1218919419984,0,17.1218919419984,0
2975,2975,"ALT600A02",2.55,71.55,"イヌガシ","EB",NA,NA,0,NA,NA,NA,4.4,NA,NA,NA,3.05659847738623,3.05659847738623,0,0
2976,2976,"ALT600A02",1.1,71.5,"イヌガシ","EB",NA,NA,0,NA,NA,NA,3.7,NA,NA,NA,3.94843243251355,3.94843243251355,0,0
2977,2977,"ALT600A02",0.85,70.8,"イヌガシ","EB",NA,NA,0,NA,NA,NA,3,NA,NA,NA,1.65925955852423,1.65925955852423,0,0
2978,2978,"ALT600A02",0.15,71.9,"イヌガシ","EB",NA,NA,0,NA,NA,NA,3.5,NA,NA,NA,0,0,0,0
2979,2979,"ALT600A02",2.1,72.15,"イヌガシ","EB",NA,NA,0,NA,NA,NA,2.2,NA,NA,NA,17.9696969696969,17.9696969696969,0,0
2980,2980,"ALT600A02",3.45,73.9,"イヌガシ","EB",NA,NA,0,NA,NA,NA,3.1,NA,NA,NA,3.45161290322582,3.45161290322582,0,0
2981,2981,"ALT600A02",2,75.35,"イヌガシ","EB",NA,NA,0,NA,NA,NA,2.9,NA,NA,NA,0,0,0,0
2982,2982,"ALT600A02",0.85,78,"イヌガシ","EB",NA,NA,0,NA,NA,NA,3.1,NA,NA,NA,3.19338546342312,3.19338546342312,0,0
2983,2983,"ALT600A02",0.8,69.6,"イヌガシ","EB",NA,NA,0,NA,NA,NA,2.3,NA,NA,NA,1.04347826086957,1.04347826086957,0,0
2984,2984,"ALT600A02",0,69,"イヌガシ","EB",NA,NA,0,NA,NA,NA,2.4,NA,NA,NA,2.71528815458015,2.71528815458015,0,0
2985,2985,"ALT600A02",0.5,68.6,"イヌガシ","EB",NA,NA,0,NA,NA,NA,2.7,NA,NA,NA,1.3882112167876,1.3882112167876,0,0
2986,2986,"ALT600A02",1.3,67.8,"イヌガシ","EB",NA,NA,0,NA,NA,NA,3.9,NA,NA,NA,0,0,0,0
2987,2987,"ALT600A02",1.65,66.4,"イヌガシ","EB",NA,NA,0,NA,NA,NA,3.2,NA,NA,NA,19.2039194245748,0,19.2039194245748,0
2988,2988,"ALT600A02",2.95,68.3,"イヌガシ","EB",NA,NA,0,NA,NA,NA,4.5,NA,NA,NA,0,0,0,0
2989,2989,"ALT600A02",3.45,69.6,"イヌガシ","EB",NA,NA,0,NA,NA,NA,3.6,NA,NA,NA,5.57242337249955,5.57242337249955,0,0
2990,2990,"ALT600A02",7.85,65.4,"ヤブニッケイ","EB",NA,NA,0,NA,NA,NA,3.9,NA,NA,NA,0,0,0,0
2991,2797,"ALT600A02",7.75,64.15,"イヌガシ","EB",NA,NA,0,NA,NA,NA,2.2,NA,NA,NA,0,0,0,0
2992,2992,"ALT600A02",6.45,63.65,"イヌガシ","EB",NA,NA,0,NA,NA,NA,2.8,NA,NA,NA,0,0,0,0
2993,2993,"ALT600A02",7.5,61.3,"イヌガシ","EB",NA,NA,0,NA,NA,NA,3.6,NA,NA,NA,2.49097512475162,1.7352860419618,0,0
2994,2993,"ALT600A02",7.5,61.3,"イヌガシ","EB",NA,NA,0,NA,NA,NA,2.7,NA,NA,NA,3.65716198090875,2.31371472261574,0,0
2995,1023,"ALT600A02",5.25,61.55,"イヌガシ","EB",NA,NA,0,NA,NA,NA,4.5,NA,NA,NA,0,0,0,0
2996,1023,"ALT600A02",5.25,61.55,"イヌガシ","EB",NA,NA,0,NA,NA,NA,3.3,NA,NA,NA,0,0,0,0
2997,1022,"ALT600A02",5.35,63.45,"イヌガシ","EB",NA,NA,0,NA,NA,NA,2.2,NA,NA,NA,0,0,0,0
2998,2998,"ALT600A02",4.15,61.2,"イヌガシ","EB",NA,NA,0,NA,NA,NA,2.8,NA,NA,NA,0,0,0,0
2999,2999,"ALT600A02",3,63,"ヤブニッケイ","EB",NA,NA,0,NA,NA,NA,4.7,NA,NA,NA,0,0,0,0
3000,2999,"ALT600A02",3,63,"ヤブニッケイ","EB",NA,NA,0,NA,NA,NA,3.6,NA,NA,NA,0,0,0,0
3001,3001,"ALT600A03",2.95,59.7,"イヌガシ","EB",NA,NA,0,NA,NA,NA,4,NA,NA,NA,0,0,0,0
3002,3001,"ALT600A03",2.95,59.7,"イヌガシ","EB",NA,NA,0,NA,NA,NA,3.6,NA,NA,NA,0,0,0,0
3003,3001,"ALT600A03",2.95,59.7,"イヌガシ","EB",NA,NA,0,NA,NA,NA,2.7,NA,NA,NA,0,0,0,0
3004,3001,"ALT600A03",2.95,59.7,"イヌガシ","EB",NA,NA,0,NA,NA,NA,2.3,NA,NA,NA,0,0,0,0
3005,2798,"ALT600A03",4.1,57.65,"イヌガシ","EB",NA,NA,0,NA,NA,NA,2.9,NA,NA,NA,0,0,0,0
3006,2798,"ALT600A03",4.1,57.65,"イヌガシ","EB",NA,NA,0,NA,NA,NA,2.4,NA,NA,NA,0,0,0,0
3007,3007,"ALT600A03",7.2,56.85,"イヌガシ","EB",NA,NA,0,NA,NA,NA,2.3,NA,NA,NA,1.03005240524921,1.03005240524921,0,0
3008,3008,"ALT600A03",6.7,59.95,"イヌガシ","EB",NA,NA,0,NA,NA,NA,3.2,NA,NA,NA,2.61647032675758,1.22813913296784,0,0
3009,3008,"ALT600A03",6.7,59.95,"イヌガシ","EB",NA,NA,0,NA,NA,NA,2.3,NA,NA,NA,4.30893427370192,2.37734304755968,0,0
3010,3010,"ALT600A03",7.25,59.75,"イヌガシ","EB",NA,NA,0,NA,NA,NA,2.6,NA,NA,NA,3.61459009034014,3.61459009034014,0,0
3011,3011,"ALT600A03",8.15,57.05,"イヌガシ","EB",NA,NA,0,NA,NA,NA,2.3,NA,NA,NA,1.03005240524921,1.03005240524921,0,0
3012,3012,"ALT600A03",10,57.1,"イヌガシ","EB",NA,NA,0,NA,NA,NA,2.1,NA,NA,NA,0,0,0,0
3013,3012,"ALT600A03",10,57.1,"イヌガシ","EB",NA,NA,0,NA,NA,NA,2.1,NA,NA,NA,0,0,0,0
3014,3014,"ALT600A03",8.35,55.45,"イヌガシ","EB",NA,NA,0,NA,NA,NA,4.7,NA,NA,NA,0,0,0,0
3015,3015,"ALT600A03",8.85,53.2,"イヌガシ","EB",NA,NA,0,NA,NA,NA,3,NA,NA,NA,11.7936865164113,11.7936865164113,0,0
3016,1011,"ALT600A03",8.3,53.75,"イヌガシ","EB",NA,NA,0,NA,NA,NA,2.7,NA,NA,NA,13.1396425906168,10.4353269652377,0,0
3017,1011,"ALT600A03",8.3,53.75,"イヌガシ","EB",NA,NA,0,NA,NA,NA,2.1,NA,NA,NA,17.2611543859549,13.4168489553056,0,0
3018,3018,"ALT600A03",9.5,50.8,"イヌガシ","EB",NA,NA,0,NA,NA,NA,2,NA,NA,NA,3.28876876657511,3.28876876657511,0,0
3019,3019,"ALT600A03",3,52.75,"ヤブニッケイ","EB",NA,NA,0,NA,NA,NA,3.3,NA,NA,NA,0,0,0,0
3020,3020,"ALT600A03",0.85,56.8,"シキミ","EB",NA,NA,0,NA,NA,NA,2.8,NA,NA,NA,0,0,0,0
3021,3021,"ALT600A03",6.6,48,"ヤブニッケイ","EB",NA,NA,0,NA,NA,NA,2,NA,NA,NA,1.61161325922111,1.61161325922111,0,0
3022,3022,"ALT600A03",7.05,47.15,"シロダモ","EB",NA,NA,0,NA,NA,NA,3.1,NA,NA,NA,0.670806767625852,0.670806767625852,0,0
3023,3023,"ALT600A03",9.7,49.05,"アカガシ","EB",NA,NA,0,NA,NA,NA,2.7,NA,NA,NA,0,0,0,0
3024,3024,"ALT600A03",9.5,47.4,"イヌガシ","EB",NA,NA,0,NA,NA,NA,3.5,NA,NA,NA,0,0,0,0
3025,3025,"ALT600A03",7.35,44.65,"イヌガシ","EB",NA,NA,0,NA,NA,NA,2.8,NA,NA,NA,3.19219414175199,3.19219414175199,0,0
3026,3026,"ALT600A03",9.6,44.5,"イヌガシ","EB",NA,NA,0,NA,NA,NA,4.3,NA,NA,NA,0,0,0,0
3027,3027,"ALT600A03",8.95,42.15,"イヌガシ","EB",NA,NA,0,NA,NA,NA,3.6,NA,NA,NA,8.56834529624631,8.56834529624631,0,0
3028,3028,"ALT600A03",7.9,43.55,"イヌガシ","EB",NA,NA,0,NA,NA,NA,3.1,NA,NA,NA,0,0,0,0
3029,3029,"ALT600A03",6.55,42.2,"ヒサカキ","EB",NA,NA,0,NA,NA,NA,2.7,NA,NA,NA,3.23114465181956,3.23114465181956,0,0
3030,2863,"ALT600A03",6.45,41.3,"シロダモ","EB",NA,NA,0,NA,NA,NA,2.7,NA,NA,NA,3.23114465181956,2.12682939107111,0,0
3031,3031,"ALT600A03",2.6,44.9,"ヤブニッケイ","EB",NA,NA,0,NA,NA,NA,2.8,NA,NA,NA,0,0,0,0
3032,3032,"ALT600A03",1.55,45,"イヌガシ","EB",NA,NA,0,NA,NA,NA,2.1,NA,NA,NA,22.9157498738665,22.9157498738665,0,0
3033,3033,"ALT600A03",1.7,49.35,"シロダモ","EB",NA,NA,0,NA,NA,NA,2.7,NA,NA,NA,0,0,0,0
3034,3034,"ALT600A03",5.25,46.75,"アオキ","EB",NA,NA,0,NA,NA,NA,2.1,NA,NA,NA,16.9377176495753,16.9377176495753,0,0
3035,3035,"ALT600A03",5.4,46.85,"アカガシ","EB",NA,NA,0,NA,NA,NA,3.6,NA,NA,NA,8.10770712312026,8.10770712312026,0,0
3036,1000,"ALT600A04",3.3,39.8,"イヌガシ","EB",NA,NA,0,NA,NA,NA,2.7,NA,NA,NA,0,0,0,0
3037,990,"ALT600A04",10,32.4,"アカガシ","EB",NA,NA,0,NA,NA,NA,3.4,NA,NA,NA,0,0,0,0
3038,3038,"ALT600A04",6,30.2,"イヌガシ","EB",NA,NA,0,NA,NA,NA,2.3,NA,NA,NA,0,0,0,0
3039,991,"ALT600A04",3.4,32.95,"ムラサキシキブ","DB",NA,NA,0,NA,NA,NA,2.8,NA,NA,NA,13.7032031940629,0,4.66812416501044,0
3040,3040,"ALT600A04",5.7,34.2,"イヌガシ","EB",NA,NA,0,NA,NA,NA,4.2,NA,NA,NA,2.21352738206059,0.918822686893076,0,0
3041,3040,"ALT600A04",5.7,34.2,"イヌガシ","EB",NA,NA,0,NA,NA,NA,2.2,NA,NA,NA,5.82047594631027,3.34876698280865,0,0
3042,3042,"ALT600A04",5.15,34.05,"シロダモ","EB",NA,NA,0,NA,NA,NA,3.1,NA,NA,NA,5.45557457157362,5.45557457157362,0,0
3043,994,"ALT600A04",3.85,36.35,"ヒサカキ","EB",NA,NA,0,NA,NA,NA,2.4,NA,NA,NA,0,0,0,0
3044,3044,"ALT600A04",1.05,35.3,"イヌガシ","EB",NA,NA,0,NA,NA,NA,4.3,NA,NA,NA,0,0,0,0
3045,2270,"ALT600A04",3.2,29.65,"イヌガシ","EB",NA,NA,0,NA,NA,NA,3.9,NA,NA,NA,5.22927298371069,4.40548340408503,0,0
3046,3046,"ALT600A04",3.85,29.95,"イヌガシ","EB",NA,NA,0,NA,NA,NA,2.3,NA,NA,NA,9.83875720997145,9.83875720997145,0,0
3047,3047,"ALT600A04",6.65,27.8,"イヌガシ","EB",NA,NA,0,NA,NA,NA,2.9,NA,NA,NA,0,0,0,0
3048,3048,"ALT600A04",7.4,26.4,"シロダモ","EB",NA,NA,0,NA,NA,NA,2,NA,NA,NA,0,0,0,0
3049,978,"ALT600A04",9.3,26.55,"ヤブニッケイ","EB",NA,NA,0,NA,NA,NA,4,NA,NA,NA,0,0,0,0
3050,978,"ALT600A04",9.3,26.55,"ヤブニッケイ","EB",NA,NA,0,NA,NA,NA,3.5,NA,NA,NA,0,0,0,0
3051,978,"ALT600A04",9.3,26.55,"ヤブニッケイ","EB",NA,NA,0,NA,NA,NA,3.4,NA,NA,NA,0,0,0,0
3052,3052,"ALT600A04",8.35,21.25,"アブラチャン","DB",NA,NA,0,NA,NA,NA,3.8,NA,NA,NA,0,0,0,0
3053,3052,"ALT600A04",8.35,21.25,"アブラチャン","DB",NA,NA,0,NA,NA,NA,2.9,NA,NA,NA,0,0,0,0
3054,3052,"ALT600A04",8.35,21.25,"アブラチャン","DB",NA,NA,0,NA,NA,NA,2.9,NA,NA,NA,0,0,0,0
3055,3055,"ALT600A04",6.35,20.4,"アオキ","EB",NA,NA,0,NA,NA,NA,4.4,NA,NA,NA,0,0,0,0
3056,3056,"ALT600A04",4.4,23.1,"アブラチャン","DB",NA,NA,0,NA,NA,NA,2.5,NA,NA,NA,0,0,0,0
3057,3057,"ALT600A04",3.15,22.95,"イヌガシ","EB",NA,NA,0,NA,NA,NA,2.5,NA,NA,NA,0,0,0,0
3058,3058,"ALT600A05",2.7,17.95,"シロダモ","EB",NA,NA,0,NA,NA,NA,3.6,NA,NA,NA,0,0,0,0
3060,3060,"ALT600A05",4.6,17.3,"アブラチャン","DB",NA,NA,0,NA,NA,NA,4.7,NA,NA,NA,0,0,0,0
3063,3063,"ALT600A05",4.75,6.7,"アブラチャン","DB",NA,NA,0,NA,NA,NA,3.7,NA,NA,NA,0,0,0,0
3064,3064,"ALT600A05",6.3,9.95,"イヌガシ","EB",NA,NA,0,NA,NA,NA,2,NA,NA,NA,0,0,0,0
3065,3065,"ALT600A05",9,6.7,"イヌガシ","EB",NA,NA,0,NA,NA,NA,3,NA,NA,NA,0,0,0,0
3066,3066,"ALT600A05",3.75,2.7,"イヌガシ","EB",NA,NA,0,NA,NA,NA,3.7,NA,NA,NA,0,0,0,0
3067,968,"ALT600A05",2.3,2.4,"アオハダ","DB",NA,NA,0,NA,NA,NA,3,NA,NA,NA,0,0,0,0
3068,968,"ALT600A05",2.3,2.4,"アオハダ","DB",NA,NA,0,NA,NA,NA,2.8,NA,NA,NA,0,0,0,0
3069,871,"ALT600A01",16.55,87.55,"イヌガシ","EB",NA,NA,0,NA,NA,NA,4.3,NA,NA,NA,0,0,0,0
3070,3070,"ALT600A01",19.55,82.75,"アカガシ","EB",NA,NA,0,NA,NA,NA,3.7,NA,NA,NA,0,0,0,0
3071,3071,"ALT600A01",16.95,80.35,"イヌガシ","EB",NA,NA,0,NA,NA,NA,4.4,NA,NA,NA,0,0,0,0
3072,3072,"ALT600A02",10.55,79.85,"シロダモ","EB",NA,NA,0,NA,NA,NA,2,NA,NA,NA,0,0,0,0
3073,3073,"ALT600A02",13.85,78.85,"イヌガシ","EB",NA,NA,0,NA,NA,NA,3.5,NA,NA,NA,3.37684642698867,3.37684642698867,0,0
3074,3074,"ALT600A02",14.5,78.6,"イヌガシ","EB",NA,NA,0,NA,NA,NA,2.3,NA,NA,NA,2.18509004796703,2.18509004796703,0,0
3075,3075,"ALT600A02",15.5,77.7,"イヌガシ","EB",NA,NA,0,NA,NA,NA,3.7,NA,NA,NA,0,0,0,0
3076,3076,"ALT600A02",15.75,78.9,"イヌガシ","EB",NA,NA,0,NA,NA,NA,2.9,NA,NA,NA,0,0,0,0
3077,3077,"ALT600A02",10.65,75.15,"イヌガシ","EB",NA,NA,0,NA,NA,NA,3.1,NA,NA,NA,0,0,0,0
3078,3078,"ALT600A02",12.75,74.75,"イヌガシ","EB",NA,NA,0,NA,NA,NA,3.2,NA,NA,NA,0,0,0,0
3079,3079,"ALT600A02",13.2,76.1,"イヌガシ","EB",NA,NA,0,NA,NA,NA,3.3,NA,NA,NA,0,0,0,0
3080,879,"ALT600A02",10.5,77.9,"イヌガシ","EB",NA,NA,0,NA,NA,NA,4.3,NA,NA,NA,24.5199192234053,10.797084702483,8.69201026707724,0
3081,879,"ALT600A02",10.5,77.9,"イヌガシ","EB",NA,NA,0,NA,NA,NA,4.3,NA,NA,NA,24.5199192234053,10.797084702483,8.69201026707724,0
3082,879,"ALT600A02",10.5,77.9,"イヌガシ","EB",NA,NA,0,NA,NA,NA,2.7,NA,NA,NA,40.2013953408097,17.1953571187693,13.842831166086,0
3083,3083,"ALT600A02",12.5,66.9,"イヌガシ","EB",NA,NA,0,NA,NA,NA,2,NA,NA,NA,0,0,0,0
3084,896,"ALT600A02",10.3,66.3,"イヌガシ","EB",NA,NA,0,NA,NA,NA,4,NA,NA,NA,0,0,0,0
3085,3085,"ALT600A03",11.3,57.35,"イヌガシ","EB",NA,NA,0,NA,NA,NA,2.5,NA,NA,NA,0,0,0,0
3086,3086,"ALT600A03",12.8,56.65,"イヌガシ","EB",NA,NA,0,NA,NA,NA,4.2,NA,NA,NA,1.44366443474008,1.44366443474008,0,0
3087,3087,"ALT600A03",13.2,56.75,"イヌガシ","EB",NA,NA,0,NA,NA,NA,2.5,NA,NA,NA,4.0745985006104,4.0745985006104,0,0
3088,3088,"ALT600A03",12.95,57.9,"イヌガシ","EB",NA,NA,0,NA,NA,NA,3,NA,NA,NA,0,0,0,0
3089,3089,"ALT600A03",13,59.35,"イヌガシ","EB",NA,NA,0,NA,NA,NA,2.5,NA,NA,NA,0,0,0,0
3090,3090,"ALT600A03",19.4,59.45,"イヌガシ","EB",NA,NA,0,NA,NA,NA,3.8,NA,NA,NA,0,0,0,0
3091,3091,"ALT600A03",16.1,54.8,"イヌガシ","EB",NA,NA,0,NA,NA,NA,2.7,NA,NA,NA,0,0,0,0
3092,3091,"ALT600A03",16.1,54.8,"イヌガシ","EB",NA,NA,0,NA,NA,NA,2.1,NA,NA,NA,0,0,0,0
3093,3093,"ALT600A03",15.7,51.75,"イヌガシ","EB",NA,NA,0,NA,NA,NA,3.2,NA,NA,NA,2.93775269875357,2.93775269875357,0,0
3094,3094,"ALT600A03",16.75,51.6,"イヌガシ","EB",NA,NA,0,NA,NA,NA,3.6,NA,NA,NA,1.18457052598923,1.18457052598923,0,0
3095,3095,"ALT600A03",16.55,52.05,"イヌガシ","EB",NA,NA,0,NA,NA,NA,2.1,NA,NA,NA,6.49241648853797,6.49241648853797,0,0
3096,3096,"ALT600A03",15.65,52.1,"イヌガシ","EB",NA,NA,0,NA,NA,NA,2.5,NA,NA,NA,4.55228304933349,4.55228304933349,0,0
3097,3097,"ALT600A03",12.7,53.2,"イヌガシ","EB",NA,NA,0,NA,NA,NA,2.2,NA,NA,NA,0,0,0,0
3098,3098,"ALT600A03",12.2,50.8,"ヤブニッケイ","EB",NA,NA,0,NA,NA,NA,4.5,NA,NA,NA,0,0,0,0
3099,3098,"ALT600A03",12.2,50.8,"ヤブニッケイ","EB",NA,NA,0,NA,NA,NA,2.5,NA,NA,NA,0,0,0,0
3100,3100,"ALT600A03",12.85,54.95,"アカガシ","EB",NA,NA,0,NA,NA,NA,3.3,NA,NA,NA,3.11815609350016,3.11815609350016,0,0
3101,3101,"ALT600A03",12.7,55.2,"イヌガシ","EB",NA,NA,0,NA,NA,NA,3,NA,NA,NA,3.77296887313519,3.77296887313519,0,0
3102,3102,"ALT600A03",13.6,55.8,"イヌガシ","EB",NA,NA,0,NA,NA,NA,2.8,NA,NA,NA,3.64107351870424,3.64107351870424,0,0
3103,3103,"ALT600A03",10,55.2,"イヌガシ","EB",NA,NA,0,NA,NA,NA,2.9,NA,NA,NA,0,0,0,0
3104,3104,"ALT600A03",13.5,47.2,"イヌガシ","EB",NA,NA,0,NA,NA,NA,4.2,NA,NA,NA,3.9142616025085,2.3485569615051,0,0
3105,3104,"ALT600A03",13.5,47.2,"イヌガシ","EB",NA,NA,0,NA,NA,NA,3,NA,NA,NA,6.79515814195476,4.60317164455,0,0
3106,3106,"ALT600A03",13.8,47.25,"イヌガシ","EB",NA,NA,0,NA,NA,NA,2,NA,NA,NA,14.9107209380042,14.9107209380042,0,0
3107,3107,"ALT600A03",14.9,50,"アカガシ","EB",NA,NA,0,NA,NA,NA,3,NA,NA,NA,8.73273876522235,8.73273876522235,0,0
3108,3108,"ALT600A03",15.65,49.7,"イヌガシ","EB",NA,NA,0,NA,NA,NA,3.3,NA,NA,NA,9.44730716495721,9.44730716495721,0,0
3109,3109,"ALT600A03",19.7,41.75,"イヌガシ","EB",NA,NA,0,NA,NA,NA,2.7,NA,NA,NA,7.87838597158332,7.87838597158332,0,0
3110,3110,"ALT600A03",19.2,40.35,"イヌガシ","EB",NA,NA,0,NA,NA,NA,2.4,NA,NA,NA,3.34434455803763,3.34434455803763,0,0
3111,3111,"ALT600A03",14.7,43.85,"イヌガシ","EB",NA,NA,0,NA,NA,NA,4.1,NA,NA,NA,1.74192957741991,1.74192957741991,0,0
3112,3112,"ALT600A03",14.75,43.25,"イヌガシ","EB",NA,NA,0,NA,NA,NA,4.3,NA,NA,NA,1.58365798790853,1.58365798790853,0,0
3113,3113,"ALT600A03",12.8,40.3,"ヤブニッケイ","EB",NA,NA,0,NA,NA,NA,2.7,NA,NA,NA,11.9413829654783,11.9413829654783,0,0
3114,3114,"ALT600A03",11.45,41.15,"シロダモ","EB",NA,NA,0,NA,NA,NA,2.8,NA,NA,NA,0,0,0,0
3115,3115,"ALT600A03",11.3,42.3,"イヌガシ","EB",NA,NA,0,NA,NA,NA,3.1,NA,NA,NA,5.91081211230141,5.91081211230141,0,0
3116,3116,"ALT600A03",12.75,44.3,"シロダモ","EB",NA,NA,0,NA,NA,NA,4,NA,NA,NA,1.24735013245727,1.24735013245727,0,0
3117,3117,"ALT600A03",13.35,45,"ヤブニッケイ","EB",NA,NA,0,NA,NA,NA,2.5,NA,NA,NA,14.0570936666489,12.2348778209722,0,0
3118,3117,"ALT600A03",13.35,45,"ヤブニッケイ","EB",NA,NA,0,NA,NA,NA,2.1,NA,NA,NA,17.1478361894747,14.5653307392526,0,0
3119,3119,"ALT600A04",13.55,37.35,"イヌガシ","EB",NA,NA,0,NA,NA,NA,3.6,NA,NA,NA,0,0,0,0
3120,3120,"ALT600A04",13.6,35.5,"イヌガシ","EB",NA,NA,0,NA,NA,NA,2.5,NA,NA,NA,2.44068086339101,2.44068086339101,0,0
3121,3121,"ALT600A04",14.2,35.9,"イヌガシ","EB",NA,NA,0,NA,NA,NA,4.4,NA,NA,NA,0.787926415092656,0.787926415092656,0,0
3122,3122,"ALT600A04",17.15,38.1,"イヌガシ","EB",NA,NA,0,NA,NA,NA,2,NA,NA,NA,0,0,0,0
3123,3123,"ALT600A04",18.65,38.2,"イヌガシ","EB",NA,NA,0,NA,NA,NA,4,NA,NA,NA,10.6193783301107,10.6193783301107,0,0
3124,3124,"ALT600A04",18.35,39.4,"イヌガシ","EB",NA,NA,0,NA,NA,NA,4.6,NA,NA,NA,5.23462626475457,5.23462626475457,0,0
3125,3125,"ALT600A04",19.1,38.45,"イヌガシ","EB",NA,NA,0,NA,NA,NA,2.1,NA,NA,NA,9.06006367074543,9.06006367074543,0,0
3126,2582,"ALT600A04",17.8,35.85,"イヌガシ","EB",NA,NA,0,NA,NA,NA,4.1,NA,NA,NA,0,0,0,0
3127,3127,"ALT600A04",16.35,35.5,"ヤブニッケイ","EB",NA,NA,0,NA,NA,NA,4.1,NA,NA,NA,0,0,0,0
3128,3127,"ALT600A04",16.35,35.5,"ヤブニッケイ","EB",NA,NA,0,NA,NA,NA,3.1,NA,NA,NA,0,0,0,0
3129,3127,"ALT600A04",16.35,35.5,"ヤブニッケイ","EB",NA,NA,0,NA,NA,NA,2.1,NA,NA,NA,0,0,0,0
3130,3130,"ALT600A04",18.25,34.7,"イヌガシ","EB",NA,NA,0,NA,NA,NA,3,NA,NA,NA,0,0,0,0
3131,923,"ALT600A04",19.45,32.25,"イヌガシ","EB",NA,NA,0,NA,NA,NA,2.1,NA,NA,NA,0,0,0,0
3132,3132,"ALT600A04",16.6,32.15,"イヌガシ","EB",NA,NA,0,NA,NA,NA,2.1,NA,NA,NA,9.84126984126978,9.84126984126978,0,0
3133,3133,"ALT600A04",12.05,29.55,"シロダモ","EB",NA,NA,0,NA,NA,NA,2.4,NA,NA,NA,7.49999999999999,7.49999999999999,0,0
3134,939,"ALT600A04",14.5,27.85,"イヌガシ","EB",NA,NA,0,NA,NA,NA,2.1,NA,NA,NA,0,0,0,0
3135,3135,"ALT600A04",18.75,27.95,"ヤブニッケイ","EB",NA,NA,0,NA,NA,NA,4.5,NA,NA,NA,0,0,0,0
3136,3135,"ALT600A04",18.75,27.95,"ヤブニッケイ","EB",NA,NA,0,NA,NA,NA,3.1,NA,NA,NA,0,0,0,0
3137,3137,"ALT600A04",19.1,20.4,"シキミ","EB",NA,NA,0,NA,NA,NA,3.1,NA,NA,NA,14.3148437735543,0,14.3148437735543,0
3138,932,"ALT600A04",16.65,21.8,"ヤブニッケイ","EB",NA,NA,0,NA,NA,NA,3,NA,NA,NA,18.2189232145113,4.90119455677948,0,0
3139,932,"ALT600A04",16.65,21.8,"ヤブニッケイ","EB",NA,NA,0,NA,NA,NA,3.1,NA,NA,NA,17.5985050381359,4.74309150656079,0,0
3140,942,"ALT600A04",12.55,22.55,"ヒイラギ","EB",NA,NA,0,NA,NA,NA,4.5,NA,NA,NA,0,0,0,0
3141,942,"ALT600A04",12.55,22.55,"ヒイラギ","EB",NA,NA,0,NA,NA,NA,3.1,NA,NA,NA,0,0,0,0
3142,942,"ALT600A04",12.55,22.55,"ヒイラギ","EB",NA,NA,0,NA,NA,NA,2.5,NA,NA,NA,0,0,0,0
3143,3143,"ALT600A04",13.8,25.35,"アカガシ","EB",NA,NA,0,NA,NA,NA,2.5,NA,NA,NA,0,0,0,0
3144,3144,"ALT600A05",13.45,19.9,"イヌガシ","EB",NA,NA,0,NA,NA,NA,3,NA,NA,NA,0,0,0,0
3145,3145,"ALT600A05",17.75,16.5,"イヌガシ","EB",NA,NA,0,NA,NA,NA,4.3,NA,NA,NA,4.26539777418059,4.26539777418059,0,0
3146,946,"ALT600A05",17.5,15.1,"ヒイラギ","EB",NA,NA,0,NA,NA,NA,3,NA,NA,NA,0,0,0,0
3147,946,"ALT600A05",17.5,15.1,"ヒイラギ","EB",NA,NA,0,NA,NA,NA,2.3,NA,NA,NA,0,0,0,0
3148,944,"ALT600A05",16.75,13,"アブラチャン","DB",NA,NA,0,NA,NA,NA,2.5,NA,NA,NA,0,0,0,0
3149,944,"ALT600A05",16.75,13,"アブラチャン","DB",NA,NA,0,NA,NA,NA,2.1,NA,NA,NA,0,0,0,0
3150,944,"ALT600A05",16.75,13,"アブラチャン","DB",NA,NA,0,NA,NA,NA,2.3,NA,NA,NA,0,0,0,0
3151,956,"ALT600A05",11.6,12.6,"アブラチャン","DB",NA,NA,0,NA,NA,NA,3.9,NA,NA,NA,18.146551663556,0,18.146551663556,0
3152,3152,"ALT600A05",14.85,6.9,"イヌガシ","EB",NA,NA,0,NA,NA,NA,3.4,NA,NA,NA,1.34715226829844,1.34715226829844,0,0
3153,3153,"ALT600A05",15.5,6.35,"シロダモ","EB",NA,NA,0,NA,NA,NA,3.9,NA,NA,NA,1.02387115197435,1.02387115197435,0,0
3154,3154,"ALT600A05",17.3,7.15,"イヌガシ","EB",NA,NA,0,NA,NA,NA,3.4,NA,NA,NA,0,0,0,0
3155,2878,"ALT600A05",12,5.6,"イヌガシ","EB",NA,NA,0,NA,NA,NA,2.9,NA,NA,NA,0,0,0,0
3156,3156,"ALT600B02",21.1,79.45,"イヌガシ","EB",NA,NA,0,NA,NA,NA,3.7,NA,NA,NA,0.99044036205642,0.99044036205642,0,0
3157,3157,"ALT600B02",21.9,79.1,"イヌガシ","EB",NA,NA,0,NA,NA,NA,3.2,NA,NA,NA,1.32413364810082,1.32413364810082,0,0
3158,3158,"ALT600B02",25.4,77.5,"ブナ","DB",NA,NA,0,NA,NA,NA,4.3,NA,NA,NA,5.41800191661856,0,5.41800191661856,0
3159,3159,"ALT600B02",25.55,77.6,"アブラチャン","DB",NA,NA,0,NA,NA,NA,4.2,NA,NA,NA,5.67907343754406,0,5.67907343754406,0
3160,3160,"ALT600B02",28.15,76.6,"アブラチャン","DB",NA,NA,0,NA,NA,NA,3.4,NA,NA,NA,0,0,0,0
3161,3160,"ALT600B02",28.15,76.6,"イヌガシ","EB",NA,NA,0,NA,NA,NA,2.7,NA,NA,NA,0,0,0,0
3162,2593,"ALT600B02",29.75,72.85,"アブラチャン","DB",NA,NA,0,NA,NA,NA,3.8,NA,NA,NA,0,0,0,0
3163,2593,"ALT600B02",29.75,72.85,"アブラチャン","DB",NA,NA,0,NA,NA,NA,3,NA,NA,NA,0,0,0,0
3164,2593,"ALT600B02",29.75,72.85,"アブラチャン","DB",NA,NA,0,NA,NA,NA,2.4,NA,NA,NA,0,0,0,0
3165,2593,"ALT600B02",29.75,72.85,"アブラチャン","DB",NA,NA,0,NA,NA,NA,2.3,NA,NA,NA,0,0,0,0
3166,3166,"ALT600B02",25.3,72.6,"イヌガシ","EB",NA,NA,0,NA,NA,NA,3.3,NA,NA,NA,2.87878787878784,2.87878787878784,0,0
3167,3167,"ALT600B02",24.55,70.05,"イヌガシ","EB",NA,NA,0,NA,NA,NA,3.1,NA,NA,NA,0,0,0,0
3168,3168,"ALT600B02",23.45,72.15,"イヌガシ","EB",NA,NA,0,NA,NA,NA,2.8,NA,NA,NA,7.64364968975775,7.64364968975775,0,0
3169,3169,"ALT600B02",23.4,73.1,"イヌガシ","EB",NA,NA,0,NA,NA,NA,2.1,NA,NA,NA,5.87328920839156,5.87328920839156,0,0
3170,3170,"ALT600B02",22.4,72.65,"イヌガシ","EB",NA,NA,0,NA,NA,NA,4.2,NA,NA,NA,2.64463846863069,2.64463846863069,0,0
3171,3171,"ALT600B02",21.95,70.5,"イヌガシ","EB",NA,NA,0,NA,NA,NA,4.1,NA,NA,NA,0,0,0,0
3172,3172,"ALT600B02",20.6,71.45,"イヌガシ","EB",NA,NA,0,NA,NA,NA,3.2,NA,NA,NA,0,0,0,0
3173,3173,"ALT600B02",20.55,75.1,"イヌガシ","EB",NA,NA,0,NA,NA,NA,2.8,NA,NA,NA,0,0,0,0
3174,3174,"ALT600B02",23.9,63.35,"イヌガシ","EB",NA,NA,0,NA,NA,NA,3.9,NA,NA,NA,20.0545455558353,20.0545455558353,0,0
3175,3175,"ALT600B02",21.9,61.75,"イヌガシ","EB",NA,NA,0,NA,NA,NA,4,NA,NA,NA,0,0,0,0
3176,3176,"ALT600B02",21.35,60.45,"イヌガシ","EB",NA,NA,0,NA,NA,NA,2.2,NA,NA,NA,0,0,0,0
3177,3177,"ALT600B03",24.55,56.4,"ヤブニッケイ","EB",NA,NA,0,NA,NA,NA,2.5,NA,NA,NA,0,0,0,0
3178,3178,"ALT600B03",25.65,56.1,"イヌガシ","EB",NA,NA,0,NA,NA,NA,2.7,NA,NA,NA,0,0,0,0
3179,3179,"ALT600B03",24.7,55.15,"ヤブニッケイ","EB",NA,NA,0,NA,NA,NA,2.6,NA,NA,NA,0,0,0,0
3180,825,"ALT600B03",27.55,58.6,"イヌガシ","EB",NA,NA,0,NA,NA,NA,3.7,NA,NA,NA,0,0,0,0
3181,825,"ALT600B03",27.55,58.6,"イヌガシ","EB",NA,NA,0,NA,NA,NA,3.3,NA,NA,NA,0,0,0,0
3182,825,"ALT600B03",27.55,58.6,"イヌガシ","EB",NA,NA,0,NA,NA,NA,2.7,NA,NA,NA,0,0,0,0
3183,3183,"ALT600B03",28.9,56.4,"イヌガシ","EB",NA,NA,0,NA,NA,NA,2.6,NA,NA,NA,0,0,0,0
3184,3184,"ALT600B03",28.35,52.75,"イヌガシ","EB",NA,NA,0,NA,NA,NA,2.4,NA,NA,NA,0,0,0,0
3185,3185,"ALT600B03",29.1,50.4,"イヌガシ","EB",NA,NA,0,NA,NA,NA,2.4,NA,NA,NA,0,0,0,0
3186,3186,"ALT600B03",25,50.35,"イヌガシ","EB",NA,NA,0,NA,NA,NA,3.2,NA,NA,NA,0,0,0,0
3187,3187,"ALT600B03",20,52.3,"イヌガシ","EB",NA,NA,0,NA,NA,NA,2.3,NA,NA,NA,11.4943642598039,11.4943642598039,0,0
3188,3188,"ALT600B03",22.5,47.45,"イヌガシ","EB",NA,NA,0,NA,NA,NA,2.6,NA,NA,NA,0,0,0,0
3189,3189,"ALT600B03",24.8,48.55,"イヌガシ","EB",NA,NA,0,NA,NA,NA,2,NA,NA,NA,7.10416995638699,7.10416995638699,0,0
3191,3191,"ALT600B03",27.15,47.95,"イヌガシ","EB",NA,NA,0,NA,NA,NA,3.6,NA,NA,NA,3.44020103064914,3.44020103064914,0,0
3192,3192,"ALT600B03",29.05,48.1,"イヌガシ","EB",NA,NA,0,NA,NA,NA,2.5,NA,NA,NA,4.52,4.52,0,0
3193,810,"ALT600B03",26.9,43.2,"イヌガシ","EB",NA,NA,0,NA,NA,NA,4.1,NA,NA,NA,0,0,0,0
3194,2883,"ALT600B03",24.55,44.25,"イヌガシ","EB",NA,NA,0,NA,NA,NA,2.1,NA,NA,NA,10.3468609208854,5.51187918215393,0,0
3195,3195,"ALT600B03",23.2,43.9,"イヌガシ","EB",NA,NA,0,NA,NA,NA,3.5,NA,NA,NA,1.5657046410034,1.5657046410034,0,0
3196,3196,"ALT600B03",20.4,45.3,"イヌガシ","EB",NA,NA,0,NA,NA,NA,2.4,NA,NA,NA,0,0,0,0
3197,3197,"ALT600B04",20.35,38.1,"イヌガシ","EB",NA,NA,0,NA,NA,NA,3.9,NA,NA,NA,2.93876235277327,2.93876235277327,0,0
3198,3198,"ALT600B04",23.25,34,"シロダモ","EB",NA,NA,0,NA,NA,NA,2.7,NA,NA,NA,3.8124184626736,3.8124184626736,0,0
3199,3199,"ALT600B04",28,36.85,"イヌガシ","EB",NA,NA,0,NA,NA,NA,3.7,NA,NA,NA,0,0,0,0
3200,3199,"ALT600B04",28,36.85,"イヌガシ","EB",NA,NA,0,NA,NA,NA,2.8,NA,NA,NA,0,0,0,0
3201,3199,"ALT600B04",28,36.85,"イヌガシ","EB",NA,NA,0,NA,NA,NA,2.5,NA,NA,NA,0,0,0,0
3202,3202,"ALT600B04",22.4,33.1,"イヌガシ","EB",NA,NA,0,NA,NA,NA,2.7,NA,NA,NA,0,0,0,0
3203,3202,"ALT600B04",22.4,33.1,"イヌガシ","EB",NA,NA,0,NA,NA,NA,2.2,NA,NA,NA,0,0,0,0
3204,3204,"ALT600B04",21.5,31.1,"イヌガシ","EB",NA,NA,0,NA,NA,NA,2.9,NA,NA,NA,0,0,0,0
3205,798,"ALT600B04",20.5,33.25,"イヌガシ","EB",NA,NA,0,NA,NA,NA,2.4,NA,NA,NA,0,0,0,0
3206,3206,"ALT600B04",20.9,30.1,"イヌガシ","EB",NA,NA,0,NA,NA,NA,2.6,NA,NA,NA,0,0,0,0
3207,3207,"ALT600B04",22.1,28.95,"イヌガシ","EB",NA,NA,0,NA,NA,NA,3.2,NA,NA,NA,0,0,0,0
3208,3208,"ALT600B04",23.75,27.4,"シロダモ","EB",NA,NA,0,NA,NA,NA,3.3,NA,NA,NA,0,0,0,0
3209,3209,"ALT600B04",28.3,26.8,"ヤブニッケイ","EB",NA,NA,0,NA,NA,NA,3.8,NA,NA,NA,1.430989399922,1.430989399922,0,0
3210,3210,"ALT600B04",28.75,27.15,"イヌガシ","EB",NA,NA,0,NA,NA,NA,3.1,NA,NA,NA,2.15020675701079,2.15020675701079,0,0
3211,791,"ALT600B04",27.45,24.7,"イヌガシ","EB",NA,NA,0,NA,NA,NA,4.2,NA,NA,NA,0,0,0,0
3212,3212,"ALT600B04",21.45,24.95,"イヌガシ","EB",NA,NA,0,NA,NA,NA,3.9,NA,NA,NA,6.06841147427339,6.06841147427339,0,0
3213,773,"ALT600B05",20.7,19.75,"ヒイラギ","EB",NA,NA,0,NA,NA,NA,2.7,NA,NA,NA,0,0,0,0
3214,3214,"ALT600B05",23.5,19.35,"イヌガシ","EB",NA,NA,0,NA,NA,NA,3.3,NA,NA,NA,0,0,0,0
3215,3215,"ALT600B05",28.15,11,"アカガシ","EB",NA,NA,0,NA,NA,NA,4.4,NA,NA,NA,0,0,0,0
3216,3216,"ALT600B05",25.45,12.9,"イヌガシ","EB",NA,NA,0,NA,NA,NA,3.3,NA,NA,NA,0,0,0,0
3217,779,"ALT600B05",21.8,10,"アブラチャン","DB",NA,NA,0,NA,NA,NA,3.9,NA,NA,NA,17.6366216235714,0,2.74979584453532,0
3218,779,"ALT600B05",21.8,10,"アブラチャン","DB",NA,NA,0,NA,NA,NA,2.2,NA,NA,NA,32.6936933835779,0,4.87463808803989,0
3219,3219,"ALT600B05",21.5,9.55,"イヌガシ","EB",NA,NA,0,NA,NA,NA,2.9,NA,NA,NA,24.3558017193147,0,24.3558017193147,0
3220,3220,"ALT600B05",23.15,7.7,"イヌガシ","EB",NA,NA,0,NA,NA,NA,2.4,NA,NA,NA,0,0,0,0
3222,3222,"ALT600B02",32.05,75.55,"イヌガシ","EB",NA,NA,0,NA,NA,NA,2.7,NA,NA,NA,0,0,0,0
3223,3223,"ALT600B02",38.75,75.3,"イヌガシ","EB",NA,NA,0,NA,NA,NA,2.2,NA,NA,NA,0,0,0,0
3224,3224,"ALT600B02",35.1,73.35,"アオハダ","DB",NA,NA,0,NA,NA,NA,4,NA,NA,NA,0,0,0,0
3225,3225,"ALT600B02",37.3,71.65,"イヌガシ","EB",NA,NA,0,NA,NA,NA,3.3,NA,NA,NA,5.28962808609983,5.28962808609983,0,0
3226,3226,"ALT600B02",38.1,72.75,"イヌガシ","EB",NA,NA,0,NA,NA,NA,2.3,NA,NA,NA,0,0,0,0
3227,2231,"ALT600B02",37.55,70.9,"ヤブニッケイ","EB",NA,NA,0,NA,NA,NA,2.3,NA,NA,NA,8.13942771660731,6.32455532033676,0,0
3228,3228,"ALT600B02",30.75,71.6,"アブラチャン","DB",NA,NA,0,NA,NA,NA,3.5,NA,NA,NA,8.35200254529039,5.31491071063934,0,0
3229,3228,"ALT600B02",30.75,71.6,"アブラチャン","DB",NA,NA,0,NA,NA,NA,3.3,NA,NA,NA,8.95884570543373,5.63702651128415,0,0
3230,3228,"ALT600B02",30.75,71.6,"アブラチャン","DB",NA,NA,0,NA,NA,NA,3.1,NA,NA,NA,9.64399120882138,6.00070564104441,0,0
3231,3231,"ALT600B02",34.3,74.9,"シロダモ","EB",NA,NA,0,NA,NA,NA,3.6,NA,NA,NA,0,0,0,0
3232,658,"ALT600B02",32.6,66.6,"イヌガシ","EB",NA,NA,0,NA,NA,NA,3.3,NA,NA,NA,0,0,0,0
3233,3233,"ALT600B02",39.25,68.2,"イヌガシ","EB",NA,NA,0,NA,NA,NA,4.4,NA,NA,NA,0,0,0,0
3234,3233,"ALT600B02",39.25,68.2,"イヌガシ","EB",NA,NA,0,NA,NA,NA,3.6,NA,NA,NA,0,0,0,0
3235,3233,"ALT600B02",39.25,68.2,"イヌガシ","EB",NA,NA,0,NA,NA,NA,3,NA,NA,NA,0,0,0,0
3236,3233,"ALT600B02",39.25,68.2,"イヌガシ","EB",NA,NA,0,NA,NA,NA,2.5,NA,NA,NA,0,0,0,0
3237,3237,"ALT600B02",37.95,65.55,"アカガシ","EB",NA,NA,0,NA,NA,NA,3.8,NA,NA,NA,0,0,0,0
3238,3237,"ALT600B02",37.95,65.55,"アカガシ","EB",NA,NA,0,NA,NA,NA,3.3,NA,NA,NA,0,0,0,0
3239,652,"ALT600B02",38,63.7,"イヌガシ","EB",NA,NA,0,NA,NA,NA,2.4,NA,NA,NA,0,0,0,0
3240,3240,"ALT600B02",31.3,62.1,"イヌガシ","EB",NA,NA,0,NA,NA,NA,3.3,NA,NA,NA,0,0,0,0
3241,3241,"ALT600B02",36.7,60.05,"ヤブニッケイ","EB",NA,NA,0,NA,NA,NA,3.3,NA,NA,NA,0,0,0,0
3242,3241,"ALT600B02",36.7,60.05,"ヤブニッケイ","EB",NA,NA,0,NA,NA,NA,2.2,NA,NA,NA,0,0,0,0
3243,2891,"ALT600B03",32.2,58.4,"イヌガシ","EB",NA,NA,0,NA,NA,NA,3.2,NA,NA,NA,0,0,0,0
3244,670,"ALT600B03",34.85,59.6,"イヌガシ","EB",NA,NA,0,NA,NA,NA,3.2,NA,NA,NA,24.9446289464152,0,18.9163436176982,0
3245,670,"ALT600B03",34.85,59.6,"イヌガシ","EB",NA,NA,0,NA,NA,NA,2.7,NA,NA,NA,29.8103713828765,0,22.4193702135683,0
3246,668,"ALT600B03",35,58.25,"ウラジロガシ","EB",NA,NA,0,NA,NA,NA,4.5,NA,NA,NA,22.8331926812996,4.63970475284007,0,0
3247,668,"ALT600B03",35,58.25,"ウラジロガシ","EB",NA,NA,0,NA,NA,NA,4.3,NA,NA,NA,23.9716662884788,4.8555049739024,0,0
3248,2346,"ALT600B03",36.7,52.35,"イヌガシ","EB",NA,NA,0,NA,NA,NA,3.6,NA,NA,NA,0,0,0,0
3249,3249,"ALT600B03",35.4,56.5,"ヤブニッケイ","EB",NA,NA,0,NA,NA,NA,2.8,NA,NA,NA,0,0,0,0
3250,3250,"ALT600B03",37.15,56.05,"ヤブニッケイ","EB",NA,NA,0,NA,NA,NA,3.2,NA,NA,NA,0,0,0,0
3251,3251,"ALT600B03",37.95,55.05,"イヌガシ","EB",NA,NA,0,NA,NA,NA,2.3,NA,NA,NA,0,0,0,0
3252,3252,"ALT600B03",39.65,52.4,"イヌガシ","EB",NA,NA,0,NA,NA,NA,3.5,NA,NA,NA,4.14681604491311,4.14681604491311,0,0
3253,3253,"ALT600B03",39.45,52.05,"ヤブニッケイ","EB",NA,NA,0,NA,NA,NA,2.6,NA,NA,NA,3.3393967004787,3.3393967004787,0,0
3254,3254,"ALT600B03",31.35,51.3,"イヌガシ","EB",NA,NA,0,NA,NA,NA,4.5,NA,NA,NA,0,0,0,0
3255,3255,"ALT600B03",30.4,51.7,"イヌガシ","EB",NA,NA,0,NA,NA,NA,2.4,NA,NA,NA,0,0,0,0
3256,681,"ALT600B03",30.5,49.25,"イヌガシ","EB",NA,NA,0,NA,NA,NA,3.9,NA,NA,NA,0,0,0,0
3257,681,"ALT600B03",30.5,49.25,"イヌガシ","EB",NA,NA,0,NA,NA,NA,4.1,NA,NA,NA,0,0,0,0
3258,681,"ALT600B03",30.5,49.25,"イヌガシ","EB",NA,NA,0,NA,NA,NA,3.1,NA,NA,NA,0,0,0,0
3259,680,"ALT600B03",34.3,46.45,"イヌガシ","EB",NA,NA,0,NA,NA,NA,4.4,NA,NA,NA,0,0,0,0
3260,680,"ALT600B03",34.3,46.45,"イヌガシ","EB",NA,NA,0,NA,NA,NA,3,NA,NA,NA,0,0,0,0
3261,2595,"ALT600B03",37.1,47.95,"イヌガシ","EB",NA,NA,0,NA,NA,NA,2.2,NA,NA,NA,0,0,0,0
3262,3262,"ALT600B03",38.35,45,"イヌガシ","EB",NA,NA,0,NA,NA,NA,4.3,NA,NA,NA,0,0,0,0
3263,680,"ALT600B03",34.3,46.45,"イヌガシ","EB",NA,NA,0,NA,NA,NA,3.7,NA,NA,NA,0,0,0,0
3264,3264,"ALT600B03",34.8,42.35,"イヌガシ","EB",NA,NA,0,NA,NA,NA,2.7,NA,NA,NA,0,0,0,0
3265,3265,"ALT600B03",33.5,42.25,"シロダモ","EB",NA,NA,0,NA,NA,NA,2,NA,NA,NA,10.375355415599,10.375355415599,0,0
3266,3266,"ALT600B03",33.15,44.55,"イヌガシ","EB",NA,NA,0,NA,NA,NA,2.2,NA,NA,NA,0,0,0,0
3267,3266,"ALT600B03",33.15,44.55,"イヌガシ","EB",NA,NA,0,NA,NA,NA,3,NA,NA,NA,0,0,0,0
3268,3268,"ALT600B04",31.75,38.6,"イヌガシ","EB",NA,NA,0,NA,NA,NA,4.2,NA,NA,NA,0,0,0,0
3269,3269,"ALT600B04",32.6,39.9,"イヌガシ","EB",NA,NA,0,NA,NA,NA,2.2,NA,NA,NA,3.41648040486557,3.41648040486557,0,0
3270,3270,"ALT600B04",34.35,38.25,"イヌガシ","EB",NA,NA,0,NA,NA,NA,4.6,NA,NA,NA,0,0,0,0
3271,3271,"ALT600B04",38.45,39.6,"シロダモ","EB",NA,NA,0,NA,NA,NA,3.9,NA,NA,NA,0,0,0,0
3272,688,"ALT600B04",35.7,36.05,"イヌガシ","EB",NA,NA,0,NA,NA,NA,2.6,NA,NA,NA,0,0,0,0
3273,688,"ALT600B04",35.7,36.05,"イヌガシ","EB",NA,NA,0,NA,NA,NA,2.2,NA,NA,NA,0,0,0,0
3274,3274,"ALT600B04",33.6,36.2,"シロダモ","EB",NA,NA,0,NA,NA,NA,2.8,NA,NA,NA,1.23960261610661,1.23960261610661,0,0
3275,3275,"ALT600B04",32.9,36.8,"イヌガシ","EB",NA,NA,0,NA,NA,NA,3.2,NA,NA,NA,0.949070752956622,0.949070752956622,0,0
3276,3276,"ALT600B04",32,36.3,"シロダモ","EB",NA,NA,0,NA,NA,NA,2.5,NA,NA,NA,13.5764501987825,13.5764501987825,0,0
3277,3277,"ALT600B04",32.05,36.25,"イヌガシ","EB",NA,NA,0,NA,NA,NA,2.4,NA,NA,NA,14.7313912747206,14.7313912747206,0,0
3278,3278,"ALT600B04",30.85,38,"イヌガシ","EB",NA,NA,0,NA,NA,NA,2.2,NA,NA,NA,0,0,0,0
3279,3279,"ALT600B04",37.1,26.65,"アカガシ","EB",NA,NA,0,NA,NA,NA,3.5,NA,NA,NA,0,0,0,0
3280,692,"ALT600B04",37.1,21.65,"イヌガシ","EB",NA,NA,0,NA,NA,NA,2.2,NA,NA,NA,0,0,0,0
3281,692,"ALT600B04",37.1,21.65,"イヌガシ","EB",NA,NA,0,NA,NA,NA,2.1,NA,NA,NA,0,0,0,0
3282,3282,"ALT600B04",34.3,24.25,"イヌガシ","EB",NA,NA,0,NA,NA,NA,3.9,NA,NA,NA,0,0,0,0
3283,3283,"ALT600B04",30.3,20.8,"シキミ","EB",NA,NA,0,NA,NA,NA,4.5,NA,NA,NA,0,0,0,0
3284,3284,"ALT600B05",39.35,13.8,"イヌガシ","EB",NA,NA,0,NA,NA,NA,2,NA,NA,NA,0,0,0,0
3285,3285,"ALT600B05",36.75,11.45,"イヌガシ","EB",NA,NA,0,NA,NA,NA,3.1,NA,NA,NA,0,0,0,0
3286,743,"ALT600B05",35.95,4.55,"アブラチャン","DB",NA,NA,0,NA,NA,NA,3.4,NA,NA,NA,0,0,0,0
3287,732,"ALT600B05",39.95,3.5,"アブラチャン","DB",NA,NA,0,NA,NA,NA,3.9,NA,NA,NA,0,0,0,0
3288,732,"ALT600B05",39.95,3.5,"アブラチャン","DB",NA,NA,0,NA,NA,NA,3.6,NA,NA,NA,0,0,0,0
3289,732,"ALT600B05",39.95,3.5,"アブラチャン","DB",NA,NA,0,NA,NA,NA,3.3,NA,NA,NA,0,0,0,0
3290,732,"ALT600B05",39.95,3.5,"アブラチャン","DB",NA,NA,0,NA,NA,NA,2.1,NA,NA,NA,0,0,0,0
3291,732,"ALT600B05",39.95,3.5,"アブラチャン","DB",NA,NA,0,NA,NA,NA,2.3,NA,NA,NA,0,0,0,0
3292,732,"ALT600B05",39.95,3.5,"アブラチャン","DB",NA,NA,0,NA,NA,NA,2,NA,NA,NA,0,0,0,0
3293,732,"ALT600B05",39.95,3.5,"アブラチャン","DB",NA,NA,0,NA,NA,NA,2.1,NA,NA,NA,0,0,0,0
3294,732,"ALT600B05",39.95,3.5,"アブラチャン","DB",NA,NA,0,NA,NA,NA,2.1,NA,NA,NA,0,0,0,0
3295,732,"ALT600B05",39.95,3.5,"アブラチャン","DB",NA,NA,0,NA,NA,NA,2.2,NA,NA,NA,0,0,0,0
3296,621,"ALT600C01",44.9,89.6,"アブラチャン","DB",NA,NA,0,NA,NA,NA,2.3,NA,NA,NA,0,0,0,0
3297,621,"ALT600C01",44.9,89.6,"アブラチャン","DB",NA,NA,0,NA,NA,NA,2.4,NA,NA,NA,0,0,0,0
3298,3298,"ALT600C02",40.95,76.5,"イヌガシ","EB",NA,NA,0,NA,NA,NA,2.2,NA,NA,NA,0,0,0,0
3299,3298,"ALT600C02",40.95,76.5,"イヌガシ","EB",NA,NA,0,NA,NA,NA,2.2,NA,NA,NA,0,0,0,0
3300,3300,"ALT600C02",42.4,76.05,"イヌガシ","EB",NA,NA,0,NA,NA,NA,2.9,NA,NA,NA,8.29029175000211,0,8.29029175000211,0
3301,3302,"ALT600C02",49.15,78.3,"シロダモ","EB",NA,NA,0,NA,NA,NA,3.7,NA,NA,NA,0,0,0,0
3302,3302,"ALT600C02",49.15,78.3,"シロダモ","EB",NA,NA,0,NA,NA,NA,3.9,NA,NA,NA,0,0,0,0
3303,3303,"ALT600C02",47.55,77.7,"カマツカ","DB",NA,NA,0,NA,NA,NA,3.2,NA,NA,NA,0,0,0,0
3304,3304,"ALT600C02",46.6,73.8,"イヌガシ","EB",NA,NA,0,NA,NA,NA,2.5,NA,NA,NA,0,0,0,0
3305,3305,"ALT600C02",45.45,73.7,"カマツカ","DB",NA,NA,0,NA,NA,NA,2.9,NA,NA,NA,25.090428922512,25.090428922512,0,0
3306,3306,"ALT600C02",43.55,71,"シロダモ","EB",NA,NA,0,NA,NA,NA,3.8,NA,NA,NA,0,0,0,0
3307,3307,"ALT600C02",42.75,72.65,"カマツカ","DB",NA,NA,0,NA,NA,NA,4.2,NA,NA,NA,0,0,0,0
3308,3308,"ALT600C02",42.4,73.9,"イヌガシ","EB",NA,NA,0,NA,NA,NA,2.8,NA,NA,NA,0,0,0,0
3309,2599,"ALT600C02",45.35,73.3,"イヌガシ","EB",NA,NA,0,NA,NA,NA,2.9,NA,NA,NA,19.9046478478091,10.4541217688073,0,0
3310,3310,"ALT600C02",49.7,68.25,"シロダモ","EB",NA,NA,0,NA,NA,NA,2.9,NA,NA,NA,4.49759357706166,4.49759357706166,0,0
3311,3311,"ALT600C02",49.5,67.45,"ヒサカキ","EB",NA,NA,0,NA,NA,NA,2.2,NA,NA,NA,43.6743556128409,43.6743556128409,0,0
3312,3312,"ALT600C02",49.45,63.6,"イヌガシ","EB",NA,NA,0,NA,NA,NA,3.7,NA,NA,NA,0,0,0,0
3314,3314,"ALT600C02",47.95,62.35,"ヤブニッケイ","EB",NA,NA,0,NA,NA,NA,2.1,NA,NA,NA,6.90195686735434,6.90195686735434,0,0
3315,3315,"ALT600C02",49.85,61.45,"イヌガシ","EB",NA,NA,0,NA,NA,NA,4.2,NA,NA,NA,0.687795600693787,0.687795600693787,0,0
3316,3316,"ALT600C02",48.65,60.9,"アカガシ","EB",NA,NA,0,NA,NA,NA,2,NA,NA,NA,6.21217283754965,6.21217283754965,0,0
3317,3317,"ALT600C02",48.25,60.9,"イヌガシ","EB",NA,NA,0,NA,NA,NA,3,NA,NA,NA,5.6767819061962,5.6767819061962,0,0
3318,3318,"ALT600C02",47.85,61.25,"イヌガシ","EB",NA,NA,0,NA,NA,NA,4.3,NA,NA,NA,17.9657723431176,2.56768363870194,15.3980887044157,0
3319,3319,"ALT600C02",47.8,60.35,"アカガシ","EB",NA,NA,0,NA,NA,NA,2.8,NA,NA,NA,25.1962499166388,3.21143105568526,21.9848188609536,0
3320,593,"ALT600C02",45.25,64.3,"イヌガシ","EB",NA,NA,0,NA,NA,NA,4.6,NA,NA,NA,0,0,0,0
3321,593,"ALT600C02",45.25,64.3,"イヌガシ","EB",NA,NA,0,NA,NA,NA,2.9,NA,NA,NA,0,0,0,0
3322,3322,"ALT600C02",43.8,63.85,"ヤブニッケイ","EB",NA,NA,0,NA,NA,NA,2.4,NA,NA,NA,0,0,0,0
3323,3323,"ALT600C02",43.6,61.25,"イヌガシ","EB",NA,NA,0,NA,NA,NA,2.8,NA,NA,NA,15.1428571428571,0,15.1428571428571,0
3324,2601,"ALT600C02",42.75,60.15,"ヤブニッケイ","EB",NA,NA,0,NA,NA,NA,3.2,NA,NA,NA,0,0,0,0
3325,3325,"ALT600C02",41.35,62.65,"ヤブニッケイ","EB",NA,NA,0,NA,NA,NA,4.1,NA,NA,NA,4.21637021355782,4.21637021355782,0,0
3326,591,"ALT600C02",43.65,66.9,"アカガシ","EB",NA,NA,0,NA,NA,NA,3.2,NA,NA,NA,0,0,0,0
3327,2602,"ALT600C02",40.4,67,"ヤブニッケイ","EB",NA,NA,0,NA,NA,NA,2.3,NA,NA,NA,0,0,0,0
3328,2602,"ALT600C02",40.4,67,"ヤブニッケイ","EB",NA,NA,0,NA,NA,NA,2.1,NA,NA,NA,0,0,0,0
3329,3329,"ALT600C03",43.05,57.8,"イヌガシ","EB",NA,NA,0,NA,NA,NA,4,NA,NA,NA,0,0,0,0
3330,575,"ALT600C03",47.65,57.65,"イヌガシ","EB",NA,NA,0,NA,NA,NA,3.9,NA,NA,NA,20.2051282051282,14.8717948717949,0,0
3331,575,"ALT600C03",47.65,57.65,"イヌガシ","EB",NA,NA,0,NA,NA,NA,2.2,NA,NA,NA,38.9090909090909,26.3636363636364,0,0
3332,3332,"ALT600C03",47.9,57.65,"ヒイラギ","EB",NA,NA,0,NA,NA,NA,3,NA,NA,NA,27.4666666666667,27.4666666666667,0,0
3333,3333,"ALT600C03",46.05,50.25,"イヌガシ","EB",NA,NA,0,NA,NA,NA,2.2,NA,NA,NA,0,0,0,0
3334,572,"ALT600C03",45.5,52.45,"イヌガシ","EB",NA,NA,0,NA,NA,NA,2.8,NA,NA,NA,0,0,0,0
3335,3335,"ALT600C03",43.15,52.9,"イヌガシ","EB",NA,NA,0,NA,NA,NA,3.8,NA,NA,NA,0,0,0,0
3336,3336,"ALT600C03",40.15,49.65,"イヌガシ","EB",NA,NA,0,NA,NA,NA,4.3,NA,NA,NA,0,0,0,0
3337,563,"ALT600C03",49.15,49.55,"イヌガシ","EB",NA,NA,0,NA,NA,NA,3.7,NA,NA,NA,11.7299791442774,5.5361116522057,0,0
3338,3338,"ALT600C03",46.5,45.45,"イヌガシ","EB",NA,NA,0,NA,NA,NA,4.4,NA,NA,NA,0,0,0,0
3339,3339,"ALT600C03",46.4,40.6,"イヌガシ","EB",NA,NA,0,NA,NA,NA,4,NA,NA,NA,3.18198051533948,3.18198051533948,0,0
3340,3340,"ALT600C03",45.6,43.1,"イヌガシ","EB",NA,NA,0,NA,NA,NA,3.1,NA,NA,NA,4.04884924156251,4.04884924156251,0,0
3341,3341,"ALT600C03",43.45,43.2,"イヌガシ","EB",NA,NA,0,NA,NA,NA,2.1,NA,NA,NA,0,0,0,0
3342,3342,"ALT600C03",41.55,44.85,"イヌガシ","EB",NA,NA,0,NA,NA,NA,2.1,NA,NA,NA,1.13630239809772,1.13630239809772,0,0
3343,3343,"ALT600C03",40.95,44.15,"イヌガシ","EB",NA,NA,0,NA,NA,NA,2.2,NA,NA,NA,1.03534991231632,1.03534991231632,0,0
3344,3344,"ALT600C03",41.45,46.35,"ヤブニッケイ","EB",NA,NA,0,NA,NA,NA,3.9,NA,NA,NA,0,0,0,0
3345,3345,"ALT600C03",40.2,48.15,"イヌガシ","EB",NA,NA,0,NA,NA,NA,3.1,NA,NA,NA,16.9094092075111,16.9094092075111,0,0
3346,3346,"ALT600C03",41.5,48.75,"イヌガシ","EB",NA,NA,0,NA,NA,NA,2.2,NA,NA,NA,0,0,0,0
3347,555,"ALT600C04",42.05,37.55,"イヌガシ","EB",NA,NA,0,NA,NA,NA,3,NA,NA,NA,0,0,0,0
3348,554,"ALT600C04",48.3,38.25,"ヤブニッケイ","EB",NA,NA,0,NA,NA,NA,3,NA,NA,NA,11.3922685968943,9.68730322865158,0,0
3349,554,"ALT600C04",48.3,38.25,"ヤブニッケイ","EB",NA,NA,0,NA,NA,NA,3.3,NA,NA,NA,10.2509281437731,8.70095962718888,0,0
3350,3350,"ALT600C04",49,38.75,"イヌガシ","EB",NA,NA,0,NA,NA,NA,2.9,NA,NA,NA,11.8251908377333,10.0614335602409,0,0
3351,3350,"ALT600C04",49,38.75,"イヌガシ","EB",NA,NA,0,NA,NA,NA,2.3,NA,NA,NA,15.213277939952,12.6861553585646,0,0
3352,3350,"ALT600C04",49,38.75,"イヌガシ","EB",NA,NA,0,NA,NA,NA,2.1,NA,NA,NA,16.7728735901796,13.8943606308088,0,0
3353,553,"ALT600C04",47.65,33.55,"アカガシ","EB",NA,NA,0,NA,NA,NA,2.6,NA,NA,NA,0,0,0,0
3354,3354,"ALT600C04",49.15,31.75,"イヌガシ","EB",NA,NA,0,NA,NA,NA,3.1,NA,NA,NA,0.809492924562088,0.809492924562088,0,0
3355,3355,"ALT600C04",42.25,31.7,"イヌガシ","EB",NA,NA,0,NA,NA,NA,3.7,NA,NA,NA,2.86922716099934,1.9254024369864,0,0
3356,3355,"ALT600C04",42.25,31.7,"イヌガシ","EB",NA,NA,0,NA,NA,NA,2.5,NA,NA,NA,4.91694928221781,2.84959560673987,0,0
3357,3357,"ALT600C04",42.8,33.75,"イヌガシ","EB",NA,NA,0,NA,NA,NA,2.6,NA,NA,NA,0,0,0,0
3358,2303,"ALT600C04",44.45,38.15,"イヌガシ","EB",NA,NA,0,NA,NA,NA,2.3,NA,NA,NA,0,0,0,0
3359,3359,"ALT600C04",41.7,29.95,"アカガシ","EB",NA,NA,0,NA,NA,NA,4.2,NA,NA,NA,16.4510557255646,0,16.4510557255646,0
3360,3360,"ALT600C04",45,25.75,"ヤブニッケイ","EB",NA,NA,0,NA,NA,NA,2.4,NA,NA,NA,0,0,0,0
3361,3361,"ALT600C04",49.85,28.7,"イヌガシ","EB",NA,NA,0,NA,NA,NA,4.6,NA,NA,NA,1.50831673896779,1.50831673896779,0,0
3362,3362,"ALT600C04",49.7,25.2,"イヌガシ","EB",NA,NA,0,NA,NA,NA,4.1,NA,NA,NA,0,0,0,0
3363,3363,"ALT600C04",46.85,25.8,"アオハダ","DB",NA,NA,0,NA,NA,NA,4.2,NA,NA,NA,0,0,0,0
3364,3364,"ALT600C04",46.35,24.75,"イヌガシ","EB",NA,NA,0,NA,NA,NA,2.3,NA,NA,NA,0,0,0,0
3365,541,"ALT600C04",46.9,23.65,"イヌガシ","EB",NA,NA,0,NA,NA,NA,2.4,NA,NA,NA,0,0,0,0
3366,3366,"ALT600C04",44.25,23.45,"イヌガシ","EB",NA,NA,0,NA,NA,NA,2.4,NA,NA,NA,26.1111111111111,26.1111111111111,0,0
3367,3367,"ALT600C04",40.3,26.6,"イヌガシ","EB",NA,NA,0,NA,NA,NA,2.5,NA,NA,NA,0,0,0,0
3368,3368,"ALT600C05",40.7,17.15,"イヌガシ","EB",NA,NA,0,NA,NA,NA,3.9,NA,NA,NA,0,0,0,0
3369,3369,"ALT600C05",42.8,17.85,"イヌガシ","EB",NA,NA,0,NA,NA,NA,2.4,NA,NA,NA,0,0,0,0
3370,3370,"ALT600C05",43.35,20,"イヌガシ","EB",NA,NA,0,NA,NA,NA,3.6,NA,NA,NA,0,0,0,0
3371,3371,"ALT600C05",47.05,17.25,"イヌガシ","EB",NA,NA,0,NA,NA,NA,4.1,NA,NA,NA,0,0,0,0
3372,3372,"ALT600C05",40.5,14.7,"アカガシ","EB",NA,NA,0,NA,NA,NA,3.7,NA,NA,NA,0,0,0,0
3373,3373,"ALT600C05",44.05,16.45,"イヌガシ","EB",NA,NA,0,NA,NA,NA,3.7,NA,NA,NA,0,0,0,0
3374,399,"ALT600C01",54.15,97.25,"アブラチャン","DB",NA,NA,0,NA,NA,NA,3.5,NA,NA,NA,0,0,0,0
3375,399,"ALT600C01",54.15,97.25,"アブラチャン","DB",NA,NA,0,NA,NA,NA,4,NA,NA,NA,0,0,0,0
3376,399,"ALT600C01",54.15,97.25,"アブラチャン","DB",NA,NA,0,NA,NA,NA,3.3,NA,NA,NA,0,0,0,0
3377,399,"ALT600C01",54.15,97.25,"アブラチャン","DB",NA,NA,0,NA,NA,NA,2.6,NA,NA,NA,0,0,0,0
3378,399,"ALT600C01",54.15,97.25,"アブラチャン","DB",NA,NA,0,NA,NA,NA,3.2,NA,NA,NA,0,0,0,0
3379,399,"ALT600C01",54.15,97.25,"アブラチャン","DB",NA,NA,0,NA,NA,NA,2,NA,NA,NA,0,0,0,0
3380,408,"ALT600C01",55.5,88.05,"アブラチャン","DB",NA,NA,0,NA,NA,NA,3.4,NA,NA,NA,0,0,0,0
3381,408,"ALT600C01",55.5,88.05,"アブラチャン","DB",NA,NA,0,NA,NA,NA,2.2,NA,NA,NA,0,0,0,0
3382,2905,"ALT600C01",55.15,87.1,"アブラチャン","DB",NA,NA,0,NA,NA,NA,4.4,NA,NA,NA,0,0,0,0
3383,2905,"ALT600C01",55.15,87.1,"アブラチャン","DB",NA,NA,0,NA,NA,NA,3.7,NA,NA,NA,0,0,0,0
3384,407,"ALT600C01",58.2,84.9,"アブラチャン","DB",NA,NA,0,NA,NA,NA,3.6,NA,NA,NA,0,0,0,0
3385,3385,"ALT600C01",57.4,80,"イヌガシ","EB",NA,NA,0,NA,NA,NA,4.6,NA,NA,NA,3.18663420835543,0,2.3650800765138,0
3386,3385,"ALT600C01",57.4,80,"イヌガシ","EB",NA,NA,0,NA,NA,NA,3.3,NA,NA,NA,4.89311303868214,0,3.29677828847378,0
3387,3387,"ALT600C02",57.4,78.25,"シキミ","EB",NA,NA,0,NA,NA,NA,3.5,NA,NA,NA,0,0,0,0
3388,415,"ALT600C02",57.85,75.05,"イヌガシ","EB",NA,NA,0,NA,NA,NA,2.6,NA,NA,NA,15.7027176777064,7.04609126563747,0,0
3389,415,"ALT600C02",57.85,75.05,"イヌガシ","EB",NA,NA,0,NA,NA,NA,2.7,NA,NA,NA,15.0823633990809,6.78512492246571,0,0
3390,415,"ALT600C02",57.85,75.05,"イヌガシ","EB",NA,NA,0,NA,NA,NA,2.5,NA,NA,NA,16.3727002986218,7.32793491626297,0,0
3391,3391,"ALT600C02",55.45,70.9,"アカガシ","EB",NA,NA,0,NA,NA,NA,3.2,NA,NA,NA,0,0,0,0
3392,3392,"ALT600C02",53.2,71.2,"イヌガシ","EB",NA,NA,0,NA,NA,NA,2.2,NA,NA,NA,0,0,0,0
3393,420,"ALT600C02",50.85,72.05,"ヤブニッケイ","EB",NA,NA,0,NA,NA,NA,2.8,NA,NA,NA,6.1764705882353,3.61344537815126,0,0
3394,3394,"ALT600C02",53.1,73.55,"シロダモ","EB",NA,NA,0,NA,NA,NA,2.7,NA,NA,NA,1.64431127421321,1.64431127421321,0,0
3395,3395,"ALT600C02",53.65,74.05,"ヤブニッケイ","EB",NA,NA,0,NA,NA,NA,3.3,NA,NA,NA,3.85132004984945,3.85132004984945,0,0
3396,2832,"ALT600C02",52.65,74.65,"イヌガシ","EB",NA,NA,0,NA,NA,NA,4.4,NA,NA,NA,0,0,0,0
3397,3397,"ALT600C02",52,69.7,"イヌガシ","EB",NA,NA,0,NA,NA,NA,2.7,NA,NA,NA,11.8399408389747,11.8399408389747,0,0
3398,2286,"ALT600C02",55.65,66.95,"イヌガシ","EB",NA,NA,0,NA,NA,NA,3.3,NA,NA,NA,46.3101604278099,45.2762923351183,0,0
3399,3399,"ALT600C02",55.6,66.95,"イヌガシ","EB",NA,NA,0,NA,NA,NA,2.9,NA,NA,NA,74.4827586206937,74.4827586206937,0,0
3400,3400,"ALT600C02",55.8,69.75,"イヌガシ","EB",NA,NA,0,NA,NA,NA,3.5,NA,NA,NA,0,0,0,0
3401,3401,"ALT600C02",59.6,64.3,"イヌガシ","EB",NA,NA,0,NA,NA,NA,2.6,NA,NA,NA,0,0,0,0
3402,3402,"ALT600C02",58.2,64.35,"イヌガシ","EB",NA,NA,0,NA,NA,NA,2.6,NA,NA,NA,0,0,0,0
3403,440,"ALT600C02",56.35,60.9,"アカガシ","EB",NA,NA,0,NA,NA,NA,2.3,NA,NA,NA,0,0,0,0
3404,3404,"ALT600C02",55.05,61.9,"イヌガシ","EB",NA,NA,0,NA,NA,NA,3.6,NA,NA,NA,7.39600261633632,6.06061325505338,0,0
3405,3404,"ALT600C02",55.05,61.9,"イヌガシ","EB",NA,NA,0,NA,NA,NA,2.6,NA,NA,NA,10.9517731049596,8.39161835315083,0,0
3406,439,"ALT600C02",53.4,60.4,"アオハダ","DB",NA,NA,0,NA,NA,NA,3.4,NA,NA,NA,7.40262864700596,2.02374020565631,4.20724937491706,0
3407,3407,"ALT600C02",52.85,60.45,"アカガシ","EB",NA,NA,0,NA,NA,NA,3.8,NA,NA,NA,6.43280300828424,0,5.38449436989718,0
3408,3407,"ALT600C02",52.85,60.45,"アカガシ","EB",NA,NA,0,NA,NA,NA,2.2,NA,NA,NA,12.4280887749276,0,9.30049027527694,0
3409,3409,"ALT600C02",52.55,68.95,"イヌガシ","EB",NA,NA,0,NA,NA,NA,2.6,NA,NA,NA,9.53814027954806,9.53814027954806,0,0
3410,3410,"ALT600C02",50.55,61.15,"イヌガシ","EB",NA,NA,0,NA,NA,NA,2.2,NA,NA,NA,2.50675917277653,2.50675917277653,0,0
3411,3411,"ALT600C02",51.6,62.85,"イヌガシ","EB",NA,NA,0,NA,NA,NA,3.3,NA,NA,NA,6.97165467106485,6.97165467106485,0,0
3412,3412,"ALT600C02",50.85,63,"イヌガシ","EB",NA,NA,0,NA,NA,NA,2.5,NA,NA,NA,6.89710710812233,5.73719268892839,0,0
3413,3412,"ALT600C02",50.85,63,"イヌガシ","EB",NA,NA,0,NA,NA,NA,2.4,NA,NA,NA,7.23483007873828,5.97624238430041,0,0
3414,3414,"ALT600C02",52.3,64.05,"イヌガシ","EB",NA,NA,0,NA,NA,NA,3.1,NA,NA,NA,2.70460197412368,2.70460197412368,0,0
3415,3415,"ALT600C02",53.55,64.3,"イヌガシ","EB",NA,NA,0,NA,NA,NA,2.5,NA,NA,NA,0,0,0,0
3416,2911,"ALT600C02",59.05,69.7,"イヌガシ","EB",NA,NA,0,NA,NA,NA,4.2,NA,NA,NA,0,0,0,0
3417,2911,"ALT600C02",59.05,69.7,"イヌガシ","EB",NA,NA,0,NA,NA,NA,3.5,NA,NA,NA,0,0,0,0
3418,2911,"ALT600C02",59.05,69.7,"イヌガシ","EB",NA,NA,0,NA,NA,NA,0.7,NA,NA,NA,0,0,0,0
3419,447,"ALT600C03",51.5,57.35,"イヌガシ","EB",NA,NA,0,NA,NA,NA,4.6,NA,NA,NA,0,0,0,0
3420,447,"ALT600C03",51.5,57.35,"イヌガシ","EB",NA,NA,0,NA,NA,NA,3.6,NA,NA,NA,0,0,0,0
3421,3421,"ALT600C03",54.3,59.5,"イヌガシ","EB",NA,NA,0,NA,NA,NA,2.5,NA,NA,NA,0,0,0,0
3422,3422,"ALT600C03",56.25,57.9,"イヌガシ","EB",NA,NA,0,NA,NA,NA,2.1,NA,NA,NA,2.92177138608523,2.92177138608523,0,0
3423,3423,"ALT600C03",56.9,57.85,"イヌガシ","EB",NA,NA,0,NA,NA,NA,4,NA,NA,NA,0.805313238289741,0.805313238289741,0,0
3424,3424,"ALT600C03",58.1,58.5,"イヌガシ","EB",NA,NA,0,NA,NA,NA,2.6,NA,NA,NA,0,0,0,0
3425,3425,"ALT600C03",59.1,58.2,"イヌガシ","EB",NA,NA,0,NA,NA,NA,4.6,NA,NA,NA,0,0,0,0
3427,3427,"ALT600C03",58.85,56.9,"イヌガシ","EB",NA,NA,0,NA,NA,NA,3.9,NA,NA,NA,0.980286162791744,0.980286162791744,0,0
3428,444,"ALT600C03",58.2,57.1,"アカガシ","EB",NA,NA,0,NA,NA,NA,2.6,NA,NA,NA,2.20564386628142,2.20564386628142,0,0
3429,3429,"ALT600C03",58.4,55.7,"イヌガシ","EB",NA,NA,0,NA,NA,NA,3,NA,NA,NA,0,0,0,0
3430,3430,"ALT600C03",57.1,53.9,"アカガシ","EB",NA,NA,0,NA,NA,NA,4.1,NA,NA,NA,27.9593019008071,10.6881257321447,17.2711761686624,0
3431,459,"ALT600C03",58.3,50.35,"イヌガシ","EB",NA,NA,0,NA,NA,NA,4.5,NA,NA,NA,14.2905982905983,0,4.51282051282052,0
3432,459,"ALT600C03",58.3,50.35,"イヌガシ","EB",NA,NA,0,NA,NA,NA,2.3,NA,NA,NA,29.4314381270904,0,8.82943143812711,0
3433,459,"ALT600C03",58.3,50.35,"イヌガシ","EB",NA,NA,0,NA,NA,NA,2.8,NA,NA,NA,23.901098901099,0,7.25274725274727,0
3434,3434,"ALT600C03",54.55,50.05,"アカガシ","EB",NA,NA,0,NA,NA,NA,3.4,NA,NA,NA,1.91334776085773,1.91334776085773,0,0
3435,454,"ALT600C03",53.25,51.95,"イヌガシ","EB",NA,NA,0,NA,NA,NA,4.3,NA,NA,NA,0,0,0,0
3436,3436,"ALT600C03",50.6,53.2,"アカガシ","EB",NA,NA,0,NA,NA,NA,2.7,NA,NA,NA,0,0,0,0
3437,3436,"ALT600C03",50.6,53.2,"アカガシ","EB",NA,NA,0,NA,NA,NA,2.3,NA,NA,NA,0,0,0,0
3438,2614,"ALT600C03",53.5,56.25,"イヌガシ","EB",NA,NA,0,NA,NA,NA,2.8,NA,NA,NA,0,0,0,0
3439,3439,"ALT600C03",51.8,48.6,"ヤブニッケイ","EB",NA,NA,0,NA,NA,NA,2.1,NA,NA,NA,0,0,0,0
3440,464,"ALT600C03",53.55,46.8,"イヌガシ","EB",NA,NA,0,NA,NA,NA,3.1,NA,NA,NA,0,0,0,0
3441,3441,"ALT600C03",53.85,49.95,"アカガシ","EB",NA,NA,0,NA,NA,NA,4.6,NA,NA,NA,1.0452882852323,1.0452882852323,0,0
3442,3442,"ALT600C03",56.3,46.5,"ヤブニッケイ","EB",NA,NA,0,NA,NA,NA,4.3,NA,NA,NA,0,0,0,0
3443,3443,"ALT600C03",57.2,45.85,"イヌガヤ","EC",NA,NA,0,NA,NA,NA,4.2,NA,NA,NA,0,0,0,0
3444,3444,"ALT600C03",58.65,48.1,"アカガシ","EB",NA,NA,0,NA,NA,NA,3.3,NA,NA,NA,0,0,0,0
3445,3445,"ALT600C03",57.35,42.85,"イヌガシ","EB",NA,NA,0,NA,NA,NA,3.6,NA,NA,NA,0,0,0,0
3446,3446,"ALT600C03",58.65,41.75,"アカガシ","EB",NA,NA,0,NA,NA,NA,4,NA,NA,NA,0,0,0,0
3447,3447,"ALT600C03",55.05,43.65,"イヌガシ","EB",NA,NA,0,NA,NA,NA,4.3,NA,NA,NA,2.71186399119275,2.71186399119275,0,0
3448,3448,"ALT600C03",54.3,42.8,"イヌガヤ","EC",NA,NA,0,NA,NA,NA,4.1,NA,NA,NA,0,0,0,0
3449,3449,"ALT600C03",52.95,41.7,"イヌガシ","EB",NA,NA,0,NA,NA,NA,2.7,NA,NA,NA,0,0,0,0
3450,3450,"ALT600C04",55.5,39.3,"アカガシ","EB",NA,NA,0,NA,NA,NA,3.8,NA,NA,NA,14.1225345947351,0,14.1225345947351,0
3451,471,"ALT600C04",58.05,35.55,"ヤブニッケイ","EB",NA,NA,0,NA,NA,NA,3.8,NA,NA,NA,0,0,0,0
3452,473,"ALT600C04",55.4,34.75,"イヌガシ","EB",NA,NA,0,NA,NA,NA,3.8,NA,NA,NA,0,0,0,0
3453,3453,"ALT600C04",59.1,32.45,"アカガシ","EB",NA,NA,0,NA,NA,NA,4.5,NA,NA,NA,0,0,0,0
3454,3454,"ALT600C04",58.3,31.2,"アカガシ","EB",NA,NA,0,NA,NA,NA,3.7,NA,NA,NA,0,0,0,0
3455,3455,"ALT600C04",57.1,31.45,"シキミ","EB",NA,NA,0,NA,NA,NA,4.2,NA,NA,NA,0,0,0,0
3456,3456,"ALT600C04",50.1,32.05,"ヤブニッケイ","EB",NA,NA,0,NA,NA,NA,2.5,NA,NA,NA,1.24467632080667,1.24467632080667,0,0
3457,3457,"ALT600C04",51.35,33.9,"イヌガシ","EB",NA,NA,0,NA,NA,NA,3.1,NA,NA,NA,0,0,0,0
3458,3458,"ALT600C04",57.25,24.25,"イヌガシ","EB",NA,NA,0,NA,NA,NA,2.1,NA,NA,NA,0,0,0,0
3459,491,"ALT600C04",53.5,22.4,"イヌガシ","EB",NA,NA,0,NA,NA,NA,2.5,NA,NA,NA,0,0,0,0
3460,3460,"ALT600C04",52.25,25.65,"イヌガシ","EB",NA,NA,0,NA,NA,NA,4.5,NA,NA,NA,0,0,0,0
3461,3461,"ALT600C05",52.9,19.4,"アカガシ","EB",NA,NA,0,NA,NA,NA,3.2,NA,NA,NA,26.9435186359644,13.2974376999948,13.6460809359696,0
3462,494,"ALT600C05",53.45,19.45,"イヌガシ","EB",NA,NA,0,NA,NA,NA,2.4,NA,NA,NA,39.4889531675621,8.73652809054737,27.6134025429679,0
3463,494,"ALT600C05",53.45,19.45,"イヌガシ","EB",NA,NA,0,NA,NA,NA,2.2,NA,NA,NA,43.2434684483268,9.53075791696076,30.1237118650559,0
3464,3464,"ALT600C05",59.5,17.8,"アブラチャン","DB",NA,NA,0,NA,NA,NA,2.6,NA,NA,NA,0,0,0,0
3465,3465,"ALT600C05",56.35,12.95,"イヌガシ","EB",NA,NA,0,NA,NA,NA,3.5,NA,NA,NA,10.6465201371762,10.6465201371762,0,0
3466,3466,"ALT600C05",50.2,12.6,"イヌガシ","EB",NA,NA,0,NA,NA,NA,3.6,NA,NA,NA,0,0,0,0
3467,3467,"ALT600C05",52.95,14.15,"イヌガシ","EB",NA,NA,0,NA,NA,NA,2.3,NA,NA,NA,0,0,0,0
3468,3468,"ALT600C05",52.05,16.15,"ヤブニッケイ","EB",NA,NA,0,NA,NA,NA,2,NA,NA,NA,0,0,0,0
3469,2697,"ALT600D01",69.35,97.9,"アブラチャン","DB",NA,NA,0,NA,NA,NA,4.4,NA,NA,NA,0,0,0,0
3470,2697,"ALT600D01",69.35,97.9,"アブラチャン","DB",NA,NA,0,NA,NA,NA,4.3,NA,NA,NA,0,0,0,0
3471,395,"ALT600D01",68.8,96.2,"アブラチャン","DB",NA,NA,0,NA,NA,NA,3.4,NA,NA,NA,0,0,0,0
3472,395,"ALT600D01",68.8,96.2,"アブラチャン","DB",NA,NA,0,NA,NA,NA,4,NA,NA,NA,0,0,0,0
3473,395,"ALT600D01",68.8,96.2,"アブラチャン","DB",NA,NA,0,NA,NA,NA,3.6,NA,NA,NA,0,0,0,0
3474,389,"ALT600D01",62.25,87.15,"アブラチャン","DB",NA,NA,0,NA,NA,NA,4.2,NA,NA,NA,0,0,0,0
3475,389,"ALT600D01",62.25,87.15,"アブラチャン","DB",NA,NA,0,NA,NA,NA,3,NA,NA,NA,0,0,0,0
3476,389,"ALT600D01",62.25,87.15,"アブラチャン","DB",NA,NA,0,NA,NA,NA,2.8,NA,NA,NA,0,0,0,0
3477,389,"ALT600D01",62.25,87.15,"アブラチャン","DB",NA,NA,0,NA,NA,NA,2.6,NA,NA,NA,0,0,0,0
3478,389,"ALT600D01",62.25,87.15,"アブラチャン","DB",NA,NA,0,NA,NA,NA,2.6,NA,NA,NA,0,0,0,0
3479,390,"ALT600D01",69.2,88.45,"アブラチャン","DB",NA,NA,0,NA,NA,NA,4.3,NA,NA,NA,0,0,0,0
3480,390,"ALT600D01",69.2,88.45,"アブラチャン","DB",NA,NA,0,NA,NA,NA,2.8,NA,NA,NA,0,0,0,0
3481,390,"ALT600D01",69.2,88.45,"アブラチャン","DB",NA,NA,0,NA,NA,NA,3.9,NA,NA,NA,0,0,0,0
3482,390,"ALT600D01",69.2,88.45,"アブラチャン","DB",NA,NA,0,NA,NA,NA,2.3,NA,NA,NA,0,0,0,0
3483,2920,"ALT600D01",68.75,81,"アブラチャン","DB",NA,NA,0,NA,NA,NA,3.4,NA,NA,NA,0,0,0,0
3484,2920,"ALT600D01",68.75,81,"アブラチャン","DB",NA,NA,0,NA,NA,NA,2.6,NA,NA,NA,0,0,0,0
3485,2244,"ALT600D02",64,72.55,"アブラチャン","DB",NA,NA,0,NA,NA,NA,3.6,NA,NA,NA,0,0,0,0
3486,3486,"ALT600D02",63.4,67.75,"アカガシ","EB",NA,NA,0,NA,NA,NA,4.4,NA,NA,NA,0,0,0,0
3487,2696,"ALT600D02",60.95,68.7,"アカガシ","EB",NA,NA,0,NA,NA,NA,2.4,NA,NA,NA,0,0,0,0
3488,3488,"ALT600D02",67.95,63.9,"アブラチャン","DB",NA,NA,0,NA,NA,NA,2.6,NA,NA,NA,0,0,0,0
3489,2837,"ALT600D02",65.7,64.7,"ヤブニッケイ","EB",NA,NA,0,NA,NA,NA,2.3,NA,NA,NA,6.98430295769574,3.03665345986771,0,0
3490,2623,"ALT600D02",61.55,63.1,"イヌガシ","EB",NA,NA,0,NA,NA,NA,3.9,NA,NA,NA,0,0,0,0
3491,3491,"ALT600D03",63.35,58.85,"イヌガシ","EB",NA,NA,0,NA,NA,NA,3.6,NA,NA,NA,0,0,0,0
3492,3492,"ALT600D03",65.65,55.25,"イヌガシ","EB",NA,NA,0,NA,NA,NA,2.7,NA,NA,NA,0,0,0,0
3493,366,"ALT600D03",69.75,52.55,"イヌガシ","EB",NA,NA,0,NA,NA,NA,2.9,NA,NA,NA,0,0,0,0
3494,366,"ALT600D03",69.75,52.55,"イヌガシ","EB",NA,NA,0,NA,NA,NA,2.8,NA,NA,NA,0,0,0,0
3495,3495,"ALT600D03",66.05,52.3,"ヒサカキ","EB",NA,NA,0,NA,NA,NA,3.9,NA,NA,NA,29.5848993946126,29.5848993946126,0,0
3496,3496,"ALT600D03",62.35,50.15,"イヌガシ","EB",NA,NA,0,NA,NA,NA,4.1,NA,NA,NA,0,0,0,0
3497,3496,"ALT600D03",62.35,50.15,"イヌガシ","EB",NA,NA,0,NA,NA,NA,2.8,NA,NA,NA,0,0,0,0
3498,3498,"ALT600D03",61.2,50.8,"イヌガシ","EB",NA,NA,0,NA,NA,NA,3.6,NA,NA,NA,2.70370370370369,2.70370370370369,0,0
3499,364,"ALT600D03",60.6,49.05,"イヌガシ","EB",NA,NA,0,NA,NA,NA,2,NA,NA,NA,12.5547449843324,6.50986776965386,0,0
3500,3500,"ALT600D03",63.4,47.8,"イヌガシ","EB",NA,NA,0,NA,NA,NA,2.6,NA,NA,NA,22.0071505764892,0,22.0071505764892,0
3501,3501,"ALT600D03",68.7,46.6,"イヌガシ","EB",NA,NA,0,NA,NA,NA,2.6,NA,NA,NA,0,0,0,0
3502,3501,"ALT600D03",68.7,46.6,"イヌガシ","EB",NA,NA,0,NA,NA,NA,2.4,NA,NA,NA,0,0,0,0
3503,3503,"ALT600D03",69.75,46.55,"ヤブニッケイ","EB",NA,NA,0,NA,NA,NA,4.6,NA,NA,NA,1.87537015879912,1.87537015879912,0,0
3504,3504,"ALT600D03",64.85,43.45,"イヌガシ","EB",NA,NA,0,NA,NA,NA,3.8,NA,NA,NA,4.28853533885616,4.28853533885616,0,0
3505,358,"ALT600D03",65,41.15,"アオハダ","DB",NA,NA,0,NA,NA,NA,4,NA,NA,NA,4.18499572152578,2.9632888959872,0,0
3506,358,"ALT600D03",65,41.15,"アオハダ","DB",NA,NA,0,NA,NA,NA,2.4,NA,NA,NA,7.66815986242302,4.93881482664533,0,0
3507,358,"ALT600D03",65,41.15,"アオハダ","DB",NA,NA,0,NA,NA,NA,2.3,NA,NA,NA,8.04676466034663,5.1535459060647,0,0
3508,3508,"ALT600D03",62.85,42.5,"イヌガシ","EB",NA,NA,0,NA,NA,NA,3.8,NA,NA,NA,0,0,0,0
3509,3509,"ALT600D03",62.75,44.15,"イヌガシ","EB",NA,NA,0,NA,NA,NA,2,NA,NA,NA,0,0,0,0
3510,2247,"ALT600D04",60.5,32.8,"イヌガシ","EB",NA,NA,0,NA,NA,NA,3.1,NA,NA,NA,42.1333374200098,0,33.4030062428907,0
3511,2247,"ALT600D04",60.5,32.8,"イヌガシ","EB",NA,NA,0,NA,NA,NA,2.3,NA,NA,NA,57.4705543839722,0,45.0214431969396,0
3512,2247,"ALT600D04",60.5,32.8,"イヌガシ","EB",NA,NA,0,NA,NA,NA,2.4,NA,NA,NA,54.9942328949991,0,43.1455497304005,0
3513,2247,"ALT600D04",60.5,32.8,"イヌガシ","EB",NA,NA,0,NA,NA,NA,2.3,NA,NA,NA,57.4705543839722,0,45.0214431969396,0
3514,3514,"ALT600D04",69.3,26.75,"イヌガシ","EB",NA,NA,0,NA,NA,NA,2.2,NA,NA,NA,0,0,0,0
3515,3515,"ALT600D04",67,24.7,"イヌガシ","EB",NA,NA,0,NA,NA,NA,3.3,NA,NA,NA,0,0,0,0
3516,3516,"ALT600D04",65,23.45,"イヌガシ","EB",NA,NA,0,NA,NA,NA,3.3,NA,NA,NA,1.95234540961711,1.95234540961711,0,0
3517,3517,"ALT600D04",64.05,21.75,"イヌガシ","EB",NA,NA,0,NA,NA,NA,4.1,NA,NA,NA,0,0,0,0
3518,3518,"ALT600D04",62.15,23.05,"イヌガシ","EB",NA,NA,0,NA,NA,NA,2,NA,NA,NA,0,0,0,0
3519,3519,"ALT600D05",66.1,20,"イヌガシ","EB",NA,NA,0,NA,NA,NA,2.4,NA,NA,NA,0,0,0,0
3520,3521,"ALT600D01",70.65,90.45,"アブラチャン","DB",NA,NA,0,NA,NA,NA,3.9,NA,NA,NA,0,0,0,0
3521,3521,"ALT600D01",70.65,90.45,"アブラチャン","DB",NA,NA,0,NA,NA,NA,4.4,NA,NA,NA,0,0,0,0
3522,2631,"ALT600D01",71.55,94.05,"アブラチャン","DB",NA,NA,0,NA,NA,NA,2.7,NA,NA,NA,0,0,0,0
3523,3523,"ALT600D01",75.55,88.7,"アブラチャン","DB",NA,NA,0,NA,NA,NA,4,NA,NA,NA,0,0,0,0
3524,3523,"ALT600D01",75.55,88.7,"アブラチャン","DB",NA,NA,0,NA,NA,NA,3.3,NA,NA,NA,0,0,0,0
3525,211,"ALT600D01",79.1,86.9,"アブラチャン","DB",NA,NA,0,NA,NA,NA,2.2,NA,NA,NA,0,0,0,0
3526,211,"ALT600D01",79.1,86.9,"アブラチャン","DB",NA,NA,0,NA,NA,NA,2.3,NA,NA,NA,0,0,0,0
3527,216,"ALT600D01",79.35,81.4,"イヌガシ","EB",NA,NA,0,NA,NA,NA,2.1,NA,NA,NA,0,0,0,0
3528,3528,"ALT600D01",76.75,80.4,"イタヤカエデ","DB",NA,NA,0,NA,NA,NA,4.4,NA,NA,NA,0,0,0,0
3529,227,"ALT600D02",75.45,75.25,"アブラチャン","DB",NA,NA,0,NA,NA,NA,3,NA,NA,NA,0,0,0,0
3530,227,"ALT600D02",75.45,75.25,"アブラチャン","DB",NA,NA,0,NA,NA,NA,2.9,NA,NA,NA,0,0,0,0
3531,227,"ALT600D02",75.45,75.25,"アブラチャン","DB",NA,NA,0,NA,NA,NA,2.4,NA,NA,NA,0,0,0,0
3532,227,"ALT600D02",75.45,75.25,"アブラチャン","DB",NA,NA,0,NA,NA,NA,2.7,NA,NA,NA,0,0,0,0
3533,227,"ALT600D02",75.45,75.25,"アブラチャン","DB",NA,NA,0,NA,NA,NA,3.4,NA,NA,NA,0,0,0,0
3534,227,"ALT600D02",75.45,75.25,"アブラチャン","DB",NA,NA,0,NA,NA,NA,2,NA,NA,NA,0,0,0,0
3535,227,"ALT600D02",75.45,75.25,"アブラチャン","DB",NA,NA,0,NA,NA,NA,2,NA,NA,NA,0,0,0,0
3536,3536,"ALT600D02",78,77.1,"イヌガシ","EB",NA,NA,0,NA,NA,NA,4.5,NA,NA,NA,0,0,0,0
3537,234,"ALT600D02",76.75,73,"アブラチャン","DB",NA,NA,0,NA,NA,NA,2.7,NA,NA,NA,0,0,0,0
3538,234,"ALT600D02",76.75,73,"アブラチャン","DB",NA,NA,0,NA,NA,NA,2.5,NA,NA,NA,0,0,0,0
3539,3539,"ALT600D02",73.75,74.1,"イヌガシ","EB",NA,NA,0,NA,NA,NA,2.2,NA,NA,NA,0,0,0,0
3540,2835,"ALT600D02",70.6,75.6,"アブラチャン","DB",NA,NA,0,NA,NA,NA,2.6,NA,NA,NA,0,0,0,0
3541,3541,"ALT600D02",79.85,71.6,"イヌガシ","EB",NA,NA,0,NA,NA,NA,3.4,NA,NA,NA,0,0,0,0
3542,3542,"ALT600D02",75.35,66.1,"イヌガシ","EB",NA,NA,0,NA,NA,NA,3.4,NA,NA,NA,0,0,0,0
3543,3543,"ALT600D02",78.95,68.1,"シキミ","EB",NA,NA,0,NA,NA,NA,3.9,NA,NA,NA,0,0,0,0
3544,2633,"ALT600D02",78.35,66.25,"ヤブニッケイ","EB",NA,NA,0,NA,NA,NA,4,NA,NA,NA,0,0,0,0
3545,3545,"ALT600D02",77.5,61.9,"ヒサカキ","EB",NA,NA,0,NA,NA,NA,3.7,NA,NA,NA,0,0,0,0
3546,3546,"ALT600D02",75.85,63.2,"イヌガシ","EB",NA,NA,0,NA,NA,NA,4.2,NA,NA,NA,0,0,0,0
3547,3547,"ALT600D02",74.3,63.6,"イヌガシ","EB",NA,NA,0,NA,NA,NA,2.4,NA,NA,NA,3.95554164016357,3.95554164016357,0,0
3548,3548,"ALT600D02",73.85,64.3,"イヌガシ","EB",NA,NA,0,NA,NA,NA,4.3,NA,NA,NA,1.6767677250031,0.67070709000124,0,0
3549,3548,"ALT600D02",73.85,64.3,"イヌガシ","EB",NA,NA,0,NA,NA,NA,3.6,NA,NA,NA,2.2364665813583,0.801122357501482,0,0
3550,3550,"ALT600D02",70.95,62.35,"アカガシ","EB",NA,NA,0,NA,NA,NA,2.7,NA,NA,NA,11.1875467743111,11.1875467743111,0,0
3551,3551,"ALT600D02",70.1,62.75,"イヌガシ","EB",NA,NA,0,NA,NA,NA,3.2,NA,NA,NA,0.898165623508333,0.898165623508333,0,0
3552,3552,"ALT600D02",72.2,64.5,"イヌガシ","EB",NA,NA,0,NA,NA,NA,3.5,NA,NA,NA,0,0,0,0
3553,3553,"ALT600D03",79.45,58.85,"ヤブニッケイ","EB",NA,NA,0,NA,NA,NA,2.2,NA,NA,NA,0,0,0,0
3554,3554,"ALT600D03",76.65,45.2,"イヌガシ","EB",NA,NA,0,NA,NA,NA,3.4,NA,NA,NA,0,0,0,0
3555,258,"ALT600D03",74.35,44.25,"イヌガシ","EB",NA,NA,0,NA,NA,NA,4.2,NA,NA,NA,12.3779820216675,2.10425694368347,0,0
3556,258,"ALT600D03",74.35,44.25,"イヌガシ","EB",NA,NA,0,NA,NA,NA,3,NA,NA,NA,17.7450750262625,2.94595972115686,0,0
3557,258,"ALT600D03",74.35,44.25,"イヌガシ","EB",NA,NA,0,NA,NA,NA,2.4,NA,NA,NA,22.4412814052832,3.68244965144608,0,0
3558,3558,"ALT600D04",70.55,38.65,"ウラジロガシ","EB",NA,NA,0,NA,NA,NA,4.5,NA,NA,NA,0,0,0,0
3559,3559,"ALT600D04",75.8,37.65,"イヌガシ","EB",NA,NA,0,NA,NA,NA,2.2,NA,NA,NA,1.57541152960212,1.57541152960212,0,0
3560,3560,"ALT600D04",76.2,36.85,"イヌガシ","EB",NA,NA,0,NA,NA,NA,3.1,NA,NA,NA,0.793443475887022,0.793443475887022,0,0
3561,266,"ALT600D04",76.1,35.7,"イヌガシ","EB",NA,NA,0,NA,NA,NA,2.1,NA,NA,NA,0,0,0,0
3562,273,"ALT600D04",79.55,33.4,"ヤブニッケイ","EB",NA,NA,0,NA,NA,NA,3.4,NA,NA,NA,9.02940124964917,5.84637490984478,0,0
3563,3563,"ALT600D04",78.6,32.9,"イヌガシ","EB",NA,NA,0,NA,NA,NA,3.2,NA,NA,NA,0,0,0,0
3564,3564,"ALT600D04",73.7,32.05,"イヌガシ","EB",NA,NA,0,NA,NA,NA,2.4,NA,NA,NA,1.55238502828602,1.55238502828602,0,0
3565,3565,"ALT600D04",73.3,31.2,"イヌガシ","EB",NA,NA,0,NA,NA,NA,3.5,NA,NA,NA,0.729937776565507,0.729937776565507,0,0
3566,3566,"ALT600D04",73.45,30.05,"イヌガシ","EB",NA,NA,0,NA,NA,NA,2.1,NA,NA,NA,1.89311187556879,1.89311187556879,0,0
3567,3567,"ALT600D04",71.65,30.9,"ヤブニッケイ","EB",NA,NA,0,NA,NA,NA,2.8,NA,NA,NA,0,0,0,0
3568,3568,"ALT600D04",70.65,30.65,"イヌガシ","EB",NA,NA,0,NA,NA,NA,2.8,NA,NA,NA,0,0,0,0
3569,3569,"ALT600D04",71.65,32.45,"イヌガシ","EB",NA,NA,0,NA,NA,NA,2,NA,NA,NA,4.66690475583121,4.66690475583121,0,0
3571,3571,"ALT600D04",74.4,35.85,"イヌガシ","EB",NA,NA,0,NA,NA,NA,2.4,NA,NA,NA,0,0,0,0
3572,3572,"ALT600D04",74.05,27.85,"イヌガシ","EB",NA,NA,0,NA,NA,NA,2.4,NA,NA,NA,0,0,0,0
3573,3573,"ALT600D04",76.8,28.65,"イヌガシ","EB",NA,NA,0,NA,NA,NA,3.1,NA,NA,NA,0,0,0,0
3574,3574,"ALT600D04",77.35,26,"イヌガシ","EB",NA,NA,0,NA,NA,NA,3.3,NA,NA,NA,0,0,0,0
3575,3575,"ALT600D04",70.55,24.7,"イヌガシ","EB",NA,NA,0,NA,NA,NA,3,NA,NA,NA,0,0,0,0
3576,3575,"ALT600D04",70.55,24.7,"イヌガシ","EB",NA,NA,0,NA,NA,NA,2.9,NA,NA,NA,0,0,0,0
3577,3577,"ALT600D04",72.55,29.95,"イヌガシ","EB",NA,NA,0,NA,NA,NA,3.6,NA,NA,NA,0.644183902103267,0.644183902103267,0,0
3578,3578,"ALT600D05",70.5,19.2,"イヌガシ","EB",NA,NA,0,NA,NA,NA,3.9,NA,NA,NA,0,0,0,0
3579,289,"ALT600D05",77.4,16.9,"イヌガシ","EB",NA,NA,0,NA,NA,NA,3.6,NA,NA,NA,0,0,0,0
3580,297,"ALT600D05",79.2,14.65,"イヌガシ","EB",NA,NA,0,NA,NA,NA,2.8,NA,NA,NA,0,0,0,0
3581,303,"ALT600D05",72.4,7.5,"アブラチャン","DB",NA,NA,0,NA,NA,NA,3.4,NA,NA,NA,0,0,0,0
3582,303,"ALT600D05",72.4,7.5,"アブラチャン","DB",NA,NA,0,NA,NA,NA,3.3,NA,NA,NA,0,0,0,0
3583,303,"ALT600D05",72.4,7.5,"アブラチャン","DB",NA,NA,0,NA,NA,NA,3.3,NA,NA,NA,0,0,0,0
3584,303,"ALT600D05",72.4,7.5,"アブラチャン","DB",NA,NA,0,NA,NA,NA,2.6,NA,NA,NA,0,0,0,0
3585,303,"ALT600D05",72.4,7.5,"アブラチャン","DB",NA,NA,0,NA,NA,NA,2.9,NA,NA,NA,0,0,0,0
3586,303,"ALT600D05",72.4,7.5,"アブラチャン","DB",NA,NA,0,NA,NA,NA,2.7,NA,NA,NA,0,0,0,0
3587,3587,"ALT600D05",78.15,5.15,"ケヤキ","DB",NA,NA,0,NA,NA,NA,4.5,NA,NA,NA,0,0,0,0
3588,3588,"ALT600D05",79.45,1.15,"カマツカ","DB",NA,NA,0,NA,NA,NA,3.9,NA,NA,NA,0,0,0,0
3589,194,"ALT600E01",84.7,86.25,"イヌガシ","EB",NA,NA,0,NA,NA,NA,3.2,NA,NA,NA,0,0,0,0
3590,3590,"ALT600E01",86.9,88.9,"カマツカ","DB",NA,NA,0,NA,NA,NA,4,NA,NA,NA,0,0,0,0
3591,3591,"ALT600E01",89.05,80.2,"イヌガシ","EB",NA,NA,0,NA,NA,NA,2.1,NA,NA,NA,0,0,0,0
3592,2641,"ALT600E01",80.85,85.45,"アブラチャン","DB",NA,NA,0,NA,NA,NA,4,NA,NA,NA,0,0,0,0
3593,2641,"ALT600E01",80.85,85.45,"アブラチャン","DB",NA,NA,0,NA,NA,NA,2.7,NA,NA,NA,0,0,0,0
3594,3594,"ALT600E02",86.45,75.55,"イヌガシ","EB",NA,NA,0,NA,NA,NA,3.9,NA,NA,NA,3.59106128502458,3.59106128502458,0,0
3595,3595,"ALT600E02",86.4,75.15,"イヌガシ","EB",NA,NA,0,NA,NA,NA,3.4,NA,NA,NA,5.27085898505703,5.27085898505703,0,0
3596,3596,"ALT600E02",86.8,75.05,"イヌガシ","EB",NA,NA,0,NA,NA,NA,3.4,NA,NA,NA,4.30477065626,4.30477065626,0,0
3597,3597,"ALT600E02",89.35,75.65,"オオモミジ","DB",NA,NA,0,NA,NA,NA,2.7,NA,NA,NA,4.57964299839398,4.57964299839398,0,0
3598,3598,"ALT600E02",88.55,73.7,"イヌガシ","EB",NA,NA,0,NA,NA,NA,2.8,NA,NA,NA,0,0,0,0
3599,186,"ALT600E02",85,71.35,"アカガシ","EB",NA,NA,0,NA,NA,NA,2.2,NA,NA,NA,47.0031650068493,0,41.1744736387503,0
3600,2842,"ALT600E02",86.05,73.35,"ヤブニッケイ","EB",NA,NA,0,NA,NA,NA,3.6,NA,NA,NA,11.5862014879286,9.12021667834829,0,0
3601,189,"ALT600E02",80.85,73.25,"アブラチャン","DB",NA,NA,0,NA,NA,NA,2.7,NA,NA,NA,0,0,0,0
3602,189,"ALT600E02",80.85,73.25,"アブラチャン","DB",NA,NA,0,NA,NA,NA,2.7,NA,NA,NA,0,0,0,0
3603,189,"ALT600E02",80.85,73.25,"アブラチャン","DB",NA,NA,0,NA,NA,NA,2.1,NA,NA,NA,0,0,0,0
3604,189,"ALT600E02",80.85,73.25,"アブラチャン","DB",NA,NA,0,NA,NA,NA,2.9,NA,NA,NA,0,0,0,0
3605,3605,"ALT600E02",87.2,66.85,"イヌガシ","EB",NA,NA,0,NA,NA,NA,2.5,NA,NA,NA,1.7431510742491,1.7431510742491,0,0
3606,3606,"ALT600E02",87.65,66.05,"シキミ","EB",NA,NA,0,NA,NA,NA,4,NA,NA,NA,4.48475567225285,4.48475567225285,0,0
3607,3607,"ALT600E02",88.65,63.1,"イヌガシ","EB",NA,NA,0,NA,NA,NA,4.1,NA,NA,NA,0,0,0,0
3608,3608,"ALT600E02",87.1,62.75,"アカガシ","EB",NA,NA,0,NA,NA,NA,2,NA,NA,NA,1.83412104289767,1.83412104289767,0,0
3609,3609,"ALT600E02",86.45,63.2,"イヌガシ","EB",NA,NA,0,NA,NA,NA,2.9,NA,NA,NA,0.87235245797749,0.87235245797749,0,0
3610,3610,"ALT600E02",85.4,60.65,"イヌガシ","EB",NA,NA,0,NA,NA,NA,3.2,NA,NA,NA,0,0,0,0
3611,3611,"ALT600E02",85.65,62.1,"イヌガシ","EB",NA,NA,0,NA,NA,NA,3.6,NA,NA,NA,0,0,0,0
3612,3612,"ALT600E02",83.8,60.4,"イヌガシ","EB",NA,NA,0,NA,NA,NA,4.3,NA,NA,NA,3.16949378985133,3.16949378985133,0,0
3613,3613,"ALT600E02",82.55,61.15,"イヌガシ","EB",NA,NA,0,NA,NA,NA,3.7,NA,NA,NA,19.1463425370447,19.1463425370447,0,0
3614,169,"ALT600E02",81.65,61.5,"イヌガシ","EB",NA,NA,0,NA,NA,NA,3.1,NA,NA,NA,9.19066670106844,7.20829073036626,0,0
3615,3615,"ALT600E02",80.95,60.4,"イヌガシ","EB",NA,NA,0,NA,NA,NA,2.9,NA,NA,NA,2.18054559895435,2.18054559895435,0,0
3616,3616,"ALT600E03",89.7,59.9,"イヌガシ","EB",NA,NA,0,NA,NA,NA,4.3,NA,NA,NA,0,0,0,0
3617,3617,"ALT600E03",86.5,59.6,"イヌガシ","EB",NA,NA,0,NA,NA,NA,3.2,NA,NA,NA,1.97551671326863,1.97551671326863,0,0
3619,3619,"ALT600E03",85.25,58.8,"イヌガシ","EB",NA,NA,0,NA,NA,NA,2,NA,NA,NA,1.66251598213759,1.66251598213759,0,0
3620,3620,"ALT600E03",86,59.45,"イヌガシ","EB",NA,NA,0,NA,NA,NA,3.3,NA,NA,NA,2.46826033722875,2.46826033722875,0,0
3621,152,"ALT600E03",87.15,51,"イヌガシ","EB",NA,NA,0,NA,NA,NA,2.9,NA,NA,NA,0,0,0,0
3622,3622,"ALT600E03",85.65,50.5,"イヌガシ","EB",NA,NA,0,NA,NA,NA,3.1,NA,NA,NA,0,0,0,0
3623,154,"ALT600E03",83.3,50.6,"イヌガシ","EB",NA,NA,0,NA,NA,NA,4.1,NA,NA,NA,0,0,0,0
3624,154,"ALT600E03",83.3,50.6,"イヌガシ","EB",NA,NA,0,NA,NA,NA,2.2,NA,NA,NA,0,0,0,0
3625,154,"ALT600E03",83.3,50.6,"イヌガシ","EB",NA,NA,0,NA,NA,NA,2.4,NA,NA,NA,0,0,0,0
3626,3626,"ALT600E03",80.15,53.45,"イヌガシ","EB",NA,NA,0,NA,NA,NA,2,NA,NA,NA,0,0,0,0
3627,3627,"ALT600E03",83.1,54.85,"イヌガシ","EB",NA,NA,0,NA,NA,NA,2.1,NA,NA,NA,0,0,0,0
3628,3628,"ALT600E03",81.9,55.05,"イヌガシ","EB",NA,NA,0,NA,NA,NA,4.5,NA,NA,NA,0,0,0,0
3629,3629,"ALT600E03",85.65,44.7,"ヤブニッケイ","EB",NA,NA,0,NA,NA,NA,3.4,NA,NA,NA,0,0,0,0
3630,3630,"ALT600E03",85.75,48.9,"イヌガシ","EB",NA,NA,0,NA,NA,NA,2.7,NA,NA,NA,0,0,0,0
3631,3631,"ALT600E03",86.7,49.35,"イヌガシ","EB",NA,NA,0,NA,NA,NA,3.3,NA,NA,NA,0,0,0,0
3632,3632,"ALT600E03",87.85,48,"イヌガシ","EB",NA,NA,0,NA,NA,NA,3,NA,NA,NA,0,0,0,0
3633,3633,"ALT600E03",88.85,43.65,"イヌガシ","EB",NA,NA,0,NA,NA,NA,2.6,NA,NA,NA,0,0,0,0
3634,3634,"ALT600E03",85.75,40.15,"イヌガシ","EB",NA,NA,0,NA,NA,NA,4.3,NA,NA,NA,0,0,0,0
3635,3635,"ALT600E03",81.1,46.1,"イヌガシ","EB",NA,NA,0,NA,NA,NA,2.6,NA,NA,NA,0,0,0,0
3636,3636,"ALT600E03",85,43.7,"イヌガシ","EB",NA,NA,0,NA,NA,NA,3.1,NA,NA,NA,0,0,0,0
3638,134,"ALT600E04",82.15,37.4,"イヌガシ","EB",NA,NA,0,NA,NA,NA,2.8,NA,NA,NA,0,0,0,0
3639,134,"ALT600E04",82.15,37.4,"イヌガシ","EB",NA,NA,0,NA,NA,NA,2.4,NA,NA,NA,0,0,0,0
3640,3640,"ALT600E04",85.35,36,"イヌガシ","EB",NA,NA,0,NA,NA,NA,3.2,NA,NA,NA,17.5828794099916,17.5828794099916,0,0
3641,3641,"ALT600E04",89.4,38.4,"イヌガシ","EB",NA,NA,0,NA,NA,NA,3,NA,NA,NA,0,0,0,0
3642,128,"ALT600E04",85.35,33.9,"イヌガシ","EB",NA,NA,0,NA,NA,NA,2.1,NA,NA,NA,0,0,0,0
3643,2293,"ALT600E04",81,29.65,"イヌガシ","EB",NA,NA,0,NA,NA,NA,3.2,NA,NA,NA,4.0914116978775,2.61003849692186,0,0
3644,3644,"ALT600E04",81.85,29.4,"イヌガシ","EB",NA,NA,0,NA,NA,NA,4.2,NA,NA,NA,2.84853622315281,2.84853622315281,0,0
3645,2936,"ALT600E04",84.2,28.95,"イヌガシ","EB",NA,NA,0,NA,NA,NA,2,NA,NA,NA,38.6491949977307,0,34.5939261435791,0
3646,124,"ALT600E04",89.65,29.35,"ウラジロガシ","EB",NA,NA,0,NA,NA,NA,4.3,NA,NA,NA,19.5123705016352,16.0766087041092,0,0
3647,124,"ALT600E04",89.65,29.35,"ウラジロガシ","EB",NA,NA,0,NA,NA,NA,2.6,NA,NA,NA,33.0383622705313,26.5882374721805,0,0
3648,3648,"ALT600E04",89.6,28.5,"イヌガシ","EB",NA,NA,0,NA,NA,NA,3,NA,NA,NA,26.3146237787094,26.3146237787094,0,0
3649,3649,"ALT600E04",88.05,21.6,"シキミ","EB",NA,NA,0,NA,NA,NA,4.2,NA,NA,NA,13.4687005940296,13.4687005940296,0,0
3650,3650,"ALT600E04",82.55,21.45,"ヤブニッケイ","EB",NA,NA,0,NA,NA,NA,2.6,NA,NA,NA,0,0,0,0
3651,103,"ALT600E05",84,16.3,"イヌガシ","EB",NA,NA,0,NA,NA,NA,3,NA,NA,NA,0,0,0,0
3652,103,"ALT600E05",84,16.3,"イヌガシ","EB",NA,NA,0,NA,NA,NA,2.8,NA,NA,NA,0,0,0,0
3653,91,"ALT600E05",89.45,12.5,"アブラチャン","DB",NA,NA,0,NA,NA,NA,2.7,NA,NA,NA,46.1728395061711,0,18.024691358024,0
3654,91,"ALT600E05",89.45,12.5,"アブラチャン","DB",NA,NA,0,NA,NA,NA,2.6,NA,NA,NA,48.2051282051264,0,18.717948717948,0
3655,91,"ALT600E05",89.45,12.5,"アブラチャン","DB",NA,NA,0,NA,NA,NA,2.6,NA,NA,NA,48.2051282051264,0,18.717948717948,0
3656,91,"ALT600E05",89.45,12.5,"アブラチャン","DB",NA,NA,0,NA,NA,NA,2.2,NA,NA,NA,58.181818181816,0,22.1212121212113,0
3657,91,"ALT600E05",89.45,12.5,"アブラチャン","DB",NA,NA,0,NA,NA,NA,2,NA,NA,NA,64.6666666666642,0,24.3333333333324,0
3658,91,"ALT600E05",89.45,12.5,"アブラチャン","DB",NA,NA,0,NA,NA,NA,2,NA,NA,NA,64.6666666666642,0,24.3333333333324,0
3659,3659,"ALT600E01",95.15,95.35,"アブラチャン","DB",NA,NA,0,NA,NA,NA,4.6,NA,NA,NA,0,0,0,0
3662,3662,"ALT600E01",96.45,85.25,"イヌガシ","EB",NA,NA,0,NA,NA,NA,3,NA,NA,NA,0,0,0,0
3663,3662,"ALT600E01",96.45,85.25,"イヌガシ","EB",NA,NA,0,NA,NA,NA,2.7,NA,NA,NA,0,0,0,0
3664,3664,"ALT600E02",96.05,78.7,"イヌガシ","EB",NA,NA,0,NA,NA,NA,4.5,NA,NA,NA,0,0,0,0
3665,3664,"ALT600E02",96.05,78.7,"イヌガシ","EB",NA,NA,0,NA,NA,NA,2.5,NA,NA,NA,0,0,0,0
3666,3666,"ALT600E02",97.55,70.15,"イヌガシ","EB",NA,NA,0,NA,NA,NA,2.3,NA,NA,NA,0,0,0,0
3667,3667,"ALT600E02",94.75,70.4,"カジカエデ","DB",NA,NA,0,NA,NA,NA,2,NA,NA,NA,0,0,0,0
3668,3668,"ALT600E02",92.55,70.65,"アブラチャン","DB",NA,NA,0,NA,NA,NA,2.8,NA,NA,NA,0,0,0,0
3669,3669,"ALT600E02",91.4,72.25,"イヌガシ","EB",NA,NA,0,NA,NA,NA,3.1,NA,NA,NA,0,0,0,0
3670,3669,"ALT600E02",91.4,72.25,"イヌガシ","EB",NA,NA,0,NA,NA,NA,2.8,NA,NA,NA,0,0,0,0
3671,3669,"ALT600E02",91.4,72.25,"イヌガシ","EB",NA,NA,0,NA,NA,NA,2.5,NA,NA,NA,0,0,0,0
3672,3669,"ALT600E02",91.4,72.25,"イヌガシ","EB",NA,NA,0,NA,NA,NA,2,NA,NA,NA,0,0,0,0
3673,3673,"ALT600E02",93.15,72.9,"アカガシ","EB",NA,NA,0,NA,NA,NA,2.3,NA,NA,NA,0,0,0,0
3674,3674,"ALT600E02",90.95,63.25,"イヌガシ","EB",NA,NA,0,NA,NA,NA,2.6,NA,NA,NA,11.3926886455489,0,11.3926886455489,0
3675,3675,"ALT600E02",91.6,68.65,"アカガシ","EB",NA,NA,0,NA,NA,NA,2.2,NA,NA,NA,0,0,0,0
3676,3676,"ALT600E02",90.6,66.55,"アブラチャン","DB",NA,NA,0,NA,NA,NA,3.6,NA,NA,NA,0,0,0,0
3677,3676,"ALT600E02",90.6,66.55,"アブラチャン","DB",NA,NA,0,NA,NA,NA,3.6,NA,NA,NA,0,0,0,0
3678,3678,"ALT600E02",92.55,61.45,"ヒサカキ","EB",NA,NA,0,NA,NA,NA,3.3,NA,NA,NA,0,0,0,0
3679,3678,"ALT600E02",92.55,61.45,"ヒサカキ","EB",NA,NA,0,NA,NA,NA,2.2,NA,NA,NA,0,0,0,0
3680,2652,"ALT600E02",97.45,60.3,"イヌガシ","EB",NA,NA,0,NA,NA,NA,2.2,NA,NA,NA,0,0,0,0
3681,2652,"ALT600E02",97.45,60.3,"イヌガシ","EB",NA,NA,0,NA,NA,NA,2.1,NA,NA,NA,0,0,0,0
3682,19,"ALT600E02",96.45,64,"ウラジロガシ","EB",NA,NA,0,NA,NA,NA,2.8,NA,NA,NA,0,0,0,0
3683,2203,"ALT600E02",96.05,69,"アカガシ","EB",NA,NA,0,NA,NA,NA,3.9,NA,NA,NA,0,0,0,0
3684,2203,"ALT600E02",96.05,69,"アカガシ","EB",NA,NA,0,NA,NA,NA,3.3,NA,NA,NA,0,0,0,0
3685,2203,"ALT600E02",96.05,69,"アカガシ","EB",NA,NA,0,NA,NA,NA,2,NA,NA,NA,0,0,0,0
3686,3686,"ALT600E02",98.95,69.3,"イヌガシ","EB",NA,NA,0,NA,NA,NA,2.3,NA,NA,NA,0,0,0,0
3687,32,"ALT600E03",90.15,56.85,"イヌガシ","EB",NA,NA,0,NA,NA,NA,2.9,NA,NA,NA,0,0,0,0
3688,32,"ALT600E03",90.15,56.85,"イヌガシ","EB",NA,NA,0,NA,NA,NA,2.8,NA,NA,NA,0,0,0,0
3689,3689,"ALT600E03",92.25,57.55,"イヌガシ","EB",NA,NA,0,NA,NA,NA,2.1,NA,NA,NA,0,0,0,0
3690,2944,"ALT600E03",94.45,56.85,"イヌガシ","EB",NA,NA,0,NA,NA,NA,4,NA,NA,NA,0,0,0,0
3691,2944,"ALT600E03",94.45,56.85,"イヌガシ","EB",NA,NA,0,NA,NA,NA,3,NA,NA,NA,0,0,0,0
3692,2944,"ALT600E03",94.45,56.85,"イヌガシ","EB",NA,NA,0,NA,NA,NA,2.3,NA,NA,NA,0,0,0,0
3693,2945,"ALT600E03",95.45,56.9,"イヌガシ","EB",NA,NA,0,NA,NA,NA,2.3,NA,NA,NA,0,0,0,0
3694,3694,"ALT600E03",96.85,56,"イヌガシ","EB",NA,NA,0,NA,NA,NA,3,NA,NA,NA,0,0,0,0
3695,3694,"ALT600E03",96.85,56,"イヌガシ","EB",NA,NA,0,NA,NA,NA,2.2,NA,NA,NA,0,0,0,0
3696,2946,"ALT600E03",97.5,57.95,"イヌガシ","EB",NA,NA,0,NA,NA,NA,2.2,NA,NA,NA,0,0,0,0
3697,28,"ALT600E03",98.95,56.5,"ヤブニッケイ","EB",NA,NA,0,NA,NA,NA,2.2,NA,NA,NA,79.3129238022265,75.3824057607765,0,0
3698,28,"ALT600E03",98.95,56.5,"ヤブニッケイ","EB",NA,NA,0,NA,NA,NA,2.7,NA,NA,NA,64.2900277423975,61.4227009902623,0,0
3699,27,"ALT600E03",99.5,56.45,"アカガシ","EB",NA,NA,0,NA,NA,NA,3.2,NA,NA,NA,55.233388656941,53.7055979424735,0,0
3700,3700,"ALT600E03",96.7,50.8,"イヌガシ","EB",NA,NA,0,NA,NA,NA,2.4,NA,NA,NA,0,0,0,0
3701,3700,"ALT600E03",96.7,50.8,"イヌガシ","EB",NA,NA,0,NA,NA,NA,2.2,NA,NA,NA,0,0,0,0
3702,3700,"ALT600E03",96.7,50.8,"イヌガシ","EB",NA,NA,0,NA,NA,NA,2,NA,NA,NA,0,0,0,0
3703,2850,"ALT600E03",93.35,51.85,"イヌガシ","EB",NA,NA,0,NA,NA,NA,2.9,NA,NA,NA,6.79231572537675,3.85131304016208,0,0
3704,3704,"ALT600E03",92.9,51.65,"シキミ","EB",NA,NA,0,NA,NA,NA,4.2,NA,NA,NA,4.06138466053455,4.06138466053455,0,0
3705,3705,"ALT600E03",94.15,53.5,"イヌガシ","EB",NA,NA,0,NA,NA,NA,4.1,NA,NA,NA,9.36504659363479,6.61373347008107,0,0
3706,3705,"ALT600E03",94.15,53.5,"イヌガシ","EB",NA,NA,0,NA,NA,NA,2.8,NA,NA,NA,14.7202810662662,9.684395438333,0,0
3707,3705,"ALT600E03",94.15,53.5,"イヌガシ","EB",NA,NA,0,NA,NA,NA,2.4,NA,NA,NA,17.5352120070083,11.2984613447218,0,0
3708,3708,"ALT600E03",92.45,54.35,"アカガシ","EB",NA,NA,0,NA,NA,NA,4,NA,NA,NA,6.2909832767409,6.2909832767409,0,0
3709,3709,"ALT600E03",90.65,52.85,"イヌガシ","EB",NA,NA,0,NA,NA,NA,2.3,NA,NA,NA,0,0,0,0
3710,2849,"ALT600E03",91.45,54.5,"イヌガシ","EB",NA,NA,0,NA,NA,NA,2.4,NA,NA,NA,9.01249133147994,6.11373680965891,0,0
3711,2853,"ALT600E03",91.5,48.55,"イヌガシ","EB",NA,NA,0,NA,NA,NA,4.2,NA,NA,NA,31.8294783653861,28.6157608934782,0,0
3712,2853,"ALT600E03",91.5,48.55,"イヌガシ","EB",NA,NA,0,NA,NA,NA,2.9,NA,NA,NA,46.7415518438027,41.4435157767615,0,0
3713,2853,"ALT600E03",91.5,48.55,"イヌガシ","EB",NA,NA,0,NA,NA,NA,3.6,NA,NA,NA,37.3737108124897,33.3850543757246,0,0
3714,40,"ALT600E03",92.15,48.3,"アカガシ","EB",NA,NA,0,NA,NA,NA,2.9,NA,NA,NA,46.7415518438027,43.5231187189646,0,0
3715,3715,"ALT600E03",90.35,42.9,"ヤブニッケイ","EB",NA,NA,0,NA,NA,NA,2.8,NA,NA,NA,0,0,0,0
3716,3716,"ALT600E03",95.25,45.75,"シキミ","EB",NA,NA,0,NA,NA,NA,4.5,NA,NA,NA,7.54247233265693,7.54247233265693,0,0
3717,3717,"ALT600E03",95.2,45.8,"イヌガシ","EB",NA,NA,0,NA,NA,NA,2.4,NA,NA,NA,26.516504294497,26.516504294497,0,0
3718,3718,"ALT600E03",96.55,45.8,"イヌガシ","EB",NA,NA,0,NA,NA,NA,4,NA,NA,NA,1.03067700176496,1.03067700176496,0,0
3719,3719,"ALT600E03",97.75,45.95,"シロダモ","EB",NA,NA,0,NA,NA,NA,3.4,NA,NA,NA,0,0,0,0
3720,2654,"ALT600E03",99.7,42.75,"イヌガシ","EB",NA,NA,0,NA,NA,NA,2.2,NA,NA,NA,57.6670070279207,45.2669936981493,0,0
3721,3721,"ALT600E03",97.25,49.4,"イヌガシ","EB",NA,NA,0,NA,NA,NA,2.7,NA,NA,NA,0,0,0,0
3722,3722,"ALT600E03",98.95,49.5,"ヤブニッケイ","EB",NA,NA,0,NA,NA,NA,2.4,NA,NA,NA,4.08575281537883,4.08575281537883,0,0
3723,3723,"ALT600E03",96.75,46.65,"シキミ","EB",NA,NA,0,NA,NA,NA,3.6,NA,NA,NA,1.2724407429197,1.2724407429197,0,0
3724,3724,"ALT600E03",92.7,44.7,"イヌガシ","EB",NA,NA,0,NA,NA,NA,2.8,NA,NA,NA,0,0,0,0
3725,3725,"ALT600E04",93.9,39.7,"イヌガシ","EB",NA,NA,0,NA,NA,NA,4.6,NA,NA,NA,8.15978101793582,0,8.15978101793582,0
3726,3726,"ALT600E04",97.65,38,"イヌガシ","EB",NA,NA,0,NA,NA,NA,4.3,NA,NA,NA,0,0,0,0
3727,2658,"ALT600E04",96.7,35.35,"イヌガシ","EB",NA,NA,0,NA,NA,NA,2.3,NA,NA,NA,8.49057695804272,3.69437318021706,0,0
3728,2658,"ALT600E04",96.7,35.35,"イヌガシ","EB",NA,NA,0,NA,NA,NA,2.2,NA,NA,NA,8.9442719099992,3.86229923386329,0,0
3729,3729,"ALT600E04",96.05,34.3,"イヌガシ","EB",NA,NA,0,NA,NA,NA,2.3,NA,NA,NA,0,0,0,0
3730,3730,"ALT600E04",96.55,33.15,"イヌガシ","EB",NA,NA,0,NA,NA,NA,2.7,NA,NA,NA,0,0,0,0
3731,3731,"ALT600E04",99.9,32.05,"イヌガシ","EB",NA,NA,0,NA,NA,NA,3.5,NA,NA,NA,0,0,0,0
3732,3732,"ALT600E04",90.05,29.2,"イヌガシ","EB",NA,NA,0,NA,NA,NA,4,NA,NA,NA,36.1306479582251,36.1306479582251,0,0
3733,3733,"ALT600E04",90.1,28.1,"ヤブニッケイ","EB",NA,NA,0,NA,NA,NA,2.2,NA,NA,NA,2.1296422075719,2.1296422075719,0,0
3734,70,"ALT600E04",94.35,27.8,"イヌガシ","EB",NA,NA,0,NA,NA,NA,2.2,NA,NA,NA,0,0,0,0
3735,3735,"ALT600E04",91.5,23.35,"イヌガシ","EB",NA,NA,0,NA,NA,NA,2.3,NA,NA,NA,0,0,0,0
3736,3736,"ALT600E04",93.95,23.85,"ウラジロガシ","EB",NA,NA,0,NA,NA,NA,2.1,NA,NA,NA,0,0,0,0
3737,81,"ALT600E05",97.25,8.8,"アブラチャン","DB",NA,NA,0,NA,NA,NA,3.8,NA,NA,NA,0,0,0,0
3738,81,"ALT600E05",97.25,8.8,"アブラチャン","DB",NA,NA,0,NA,NA,NA,3.1,NA,NA,NA,0,0,0,0
3739,81,"ALT600E05",97.25,8.8,"アブラチャン","DB",NA,NA,0,NA,NA,NA,2.4,NA,NA,NA,0,0,0,0
3740,81,"ALT600E05",97.25,8.8,"アブラチャン","DB",NA,NA,0,NA,NA,NA,2.1,NA,NA,NA,0,0,0,0
1051,1051,"ALT600A01",7.15,90.5,"シキミ","EB",0,0,0,7.4,7.9,8.3,8.8,0.911956427758088,1.30765518525703,2.1577792402237,0,0,0,0
1052,1052,"ALT600A01",6.5,91.55,"ヒメシャラ","DB",0,0,0,13.4,13.9,14.4,15.2,0.663372215238763,0.732682663595608,1.78813175431169,0,0,0,0
1053,1053,"ALT600A01",5.5,91.75,"ケヤキ","DB",0,0,0,40,40.4,40.6,40.7,0.091308622813753,0.199006617063362,0.147966149628899,0,0,0,0
1055,1055,"ALT600A01",5.1,94.65,"タンナサワフタギ","DB",0,0,0,5.9,5.9,6,7.2,1.04804565847545,0,3.98257350220671,0,0,0,0
1040,1040,"ALT600A01",9.6,83.15,"イヌガシ","EB",0,0,0,7.3,8.5,8.8,8.9,1.04303646623026,3.04383630683851,0.919702264836469,0,0,0,0
1041,1041,"ALT600A01",4.8,81.85,"アカガシ","EB",0,0,0,9.9,12.1,13,13.4,1.59326289377011,4.01341390924302,2.04098508708341,0,0,0,0
1042,1042,"ALT600A01",3.85,80.75,"イヌガシ","EB",0,0,0,9.2,10.9,12,12.9,1.77907277532964,3.39118610360207,3.36929044265057,0,0,0,0
1043,1043,"ALT600A01",0.7,82.65,"アカガシ","EB",0,0,0,13.3,15.8,16.7,17.2,1.35339657153526,3.44491809610426,1.69798887572972,0,0,0,0
1044,1044,"ALT600A01",0.5,85,"イヌガシ","EB",0,0,0,6,7.4,8.5,9.3,2.30660489963766,4.19441061964138,4.57068799898172,0.674602915775473,0.674602915775473,0,0
1046,1046,"ALT600A01",3.25,88.5,"カジカエデ","DB",0,0,0,25.3,25.8,26.5,28.1,0.552448318980134,0.391401923881946,1.70790168824257,0,0,0,0
1047,1047,"ALT600A01",5.55,86.75,"ケヤキ","DB",0,0,0,67.6,69.5,70.2,71.7,0.309909287140297,0.554375390436562,0.623279900696566,0,0,0,0
1049,1049,"ALT600A01",6.45,85.4,"イヌガシ","EB",0,0,0,11.3,12.6,13.1,13.5,0.936247156453099,2.17788176478275,1.37985742973903,0,0,0,0
1050,1050,"ALT600A01",7.55,85.6,"オオモミジ","DB",0,0,0,12.5,13.3,14,14.9,0.924381940227147,1.24070781838905,2.27194355447411,0,0,0,0
2686,2686,"ALT600A01",0.4,80.9,"イヌガシ","EB",NA,0,0,NA,4.9,6.3,6.2,NA,NA,4.7062817386893,0,0,0,0
2688,2688,"ALT600A02",0.15,78.1,"イヌガシ","EB",NA,0,0,NA,5.3,5.8,7,NA,NA,5.56406656994475,0.626294577622372,0.626294577622372,0,0
2689,2689,"ALT600A02",1,79.3,"イヌガシ","EB",NA,0,0,NA,5,5.8,6,NA,NA,3.64643113587909,0,0,0,0
2794,2794,"ALT600A01",8.3,87.9,"イヌガシ","EB",NA,NA,0,NA,NA,5.3,5.5,NA,NA,NA,0,0,0,0
2795,2795,"ALT600A01",4.45,86.8,"アカガシ","EB",NA,NA,0,NA,NA,5.2,5.7,NA,NA,NA,0,0,0,0
1080,1080,"ALT600A01",9.85,84.35,"イヌガシ","EB",0,0,0,5,6.4,7.3,7.7,2.27253903381862,4.93720155863052,3.69844676988024,0,0,0,0
1029,1029,"ALT600A02",6.65,70.4,"アカガシ","EB",0,0,0,11,14.1,14.7,15,1.63239435949389,4.96559049171504,1.23750807436175,0.315352998736582,0.315352998736582,0,0
1030,1030,"ALT600A02",3.8,72.95,"イヌシデ","DB",0,0,0,38.2,39.3,39.8,40.2,0.26858673690761,0.567780065253718,0.452849534995199,0.314282071789266,0.314282071789266,0,0
1032,1032,"ALT600A02",4.25,74.5,"アカガシ","EB",0,0,0,8.4,9.7,10.3,10.7,1.27374755588733,2.87788359320138,1.96235711917047,0.289719626168225,0.289719626168225,0,0
1034,1034,"ALT600A02",4,75.95,"イヌガヤ","EC",0,0,0,6.8,6.8,6.7,6.8,0,0,0,0.425944445855512,0.425944445855512,0,0
1035,1035,"ALT600A02",1.8,72.15,"イヌガシ","EB",0,0,0,6.2,8.6,9.6,10.1,2.56834806208509,6.54425822416832,3.21546441175504,1.56314528474257,1.56314528474257,0,0
1037,1037,"ALT600A02",1.2,74.1,"イヌガシ","EB",0,0,0,6.4,8.2,9.1,9.5,2.0789147802151,4.95672327809162,2.94315288672576,0.856679686912265,0.856679686912265,0,0
1038,1038,"ALT600A02",2.45,77.8,"イヌガシ","EB",0,0,0,5.6,6.7,7.5,8,1.87723654704596,3.58681857311634,3.54668030565831,0,0,0,0
1039,1039,"ALT600A02",4.15,78.85,"アカガシ","EB",0,0,0,32,38,41.8,43.8,1.65209428727723,3.43700513853319,2.84095315312029,0.189626238894364,0.189626238894364,0,0
2361,2361,"ALT600A02",4.75,71.05,"イヌガシ","EB",NA,0,0,NA,5.3,5.6,6.2,NA,NA,3.13684942985939,0,0,0,0
2576,2576,"ALT600A02",1.25,76.95,"イヌガシ","EB",NA,0,0,NA,4.9,5.7,6.2,NA,NA,4.7062817386893,0,0,0,0
2796,2796,"ALT600A02",1.8,74.05,"イヌガシ","EB",NA,NA,0,NA,NA,4.8,4.9,NA,NA,NA,3.22013085147155,3.22013085147155,0,0
1018,1018,"ALT600A02",8.8,69.45,"ヤブニッケイ","EB",0,0,0,11.9,13.9,14.8,15.8,1.49195547323914,3.10700880038325,2.5624219979255,0,0,0,0
1019,1019,"ALT600A02",9.4,67.65,"オオモミジ","DB",0,0,0,51.2,54.8,56.9,58.6,0.710500865986867,1.35901323817015,1.34089005257994,1.34526294830284,1.34526294830284,0,0
1020,1020,"ALT600A02",9.05,68.05,"イヌガシ","EB",0,0,0,16.3,22,24.9,26.5,2.55778750094453,5.99754691091198,3.72204559267721,5.25383730267072,0,4.16047116130411,0
1021,1020,"ALT600A02",9.05,68.05,"イヌガシ","EB",0,0,0,13.8,15,15.3,15.4,0.577362722402234,1.66763217878102,0.526346166347467,10.3967981687591,0,7.15925232302331,0
1022,1022,"ALT600A02",5.35,63.45,"イヌガシ","EB",0,0,0,16.3,18.7,19.9,20.4,1.18089364756555,2.74716832095648,1.74022753979259,0,0,0,0
1023,1023,"ALT600A02",5.25,61.55,"イヌガシ","EB",0,0,0,15.4,19.2,20.7,21.4,1.73170217162222,4.41085539228305,2.1696128598814,0,0,0,0
1025,1025,"ALT600A02",1.5,64.95,"アカガシ","EB",0,0,0,26.2,31.2,34.1,35.7,1.62837514746601,3.49317368096771,2.69465187940314,1.90391276438279,0,1.90391276438279,0
1026,1026,"ALT600A02",1.45,65.65,"ケヤキ","DB",0,0,0,44.7,46.2,47,47.7,0.341883664604065,0.660125929363402,0.639031996132049,1.15289300000697,1.15289300000697,0,0
1027,1027,"ALT600A02",3.8,68.9,"ウラジロガシ","EB",0,0,0,11,14,14.9,15.7,1.87244968187311,4.82324113633776,2.29206765478008,0.29298797885348,0.29298797885348,0,0
2797,2797,"ALT600A02",7.75,64.15,"イヌガシ","EB",NA,NA,0,NA,NA,5,5.3,NA,NA,NA,0,0,0,0
1008,1008,"ALT600A03",9.7,53.8,"アカガシ","EB",0,0,0,6.9,7.1,7.8,8.5,1.09760395733188,0.571467448881119,3.59942758898002,1.47450980392157,1.47450980392157,0,0
1009,1010,"ALT600A03",8.95,53.8,"アカガシ","EB",0,0,0,7.4,8.8,9.3,9.4,1.25910362666228,3.46543442548074,1.31915935583595,4.25970400071943,4.25970400071943,0,0
1011,1011,"ALT600A03",8.3,53.75,"イヌガシ","EB",0,0,0,6.4,7.8,9.8,10.7,2.70497763738018,3.9565148665984,6.32240015544629,2.34741692193882,1.70802690369439,0,0
1012,1012,"ALT600A03",5.95,53.35,"イヌガシ","EB",0,0,0,6.2,7.2,8.4,9.1,2.01960590248294,2.99063467941928,4.68386775001589,0,0,0,0
1014,1014,"ALT600A03",5.9,51.15,"イヌガシ","EB",0,0,0,8.4,8.7,10.7,12,1.87723654704596,0.7018263962254,6.43167248254925,0,0,0,0
1016,1016,"ALT600A03",5.85,55.45,"アカガシ","EB",0,0,0,18.6,22.9,26.8,29.7,2.46308139520789,4.15950659682076,5.2002027049692,1.05978892657044,1.05978892657044,0,0
1017,1017,"ALT600A03",6.3,55.25,"イヌガシ","EB",0,0,0,10.4,12.4,14.1,15.5,2.10018009356776,3.51781332927328,4.4628710262842,3.89106852960883,3.89106852960883,0,0
2266,2266,"ALT600A03",4.55,48.95,"アカガシ","EB",NA,0,0,NA,6.4,7,7.4,NA,NA,2.90364019688996,0,0,0,0
2798,2798,"ALT600A03",4.1,57.65,"イヌガシ","EB",NA,NA,0,NA,NA,5.5,5.9,NA,NA,NA,0,0,0,0
2799,2798,"ALT600A03",4.1,57.65,"イヌガシ","EB",NA,NA,0,NA,NA,5,5.5,NA,NA,NA,0,0,0,0
2800,1014,"ALT600A03",5.9,51.15,"イヌガシ","EB",NA,NA,0,NA,NA,7.5,7.8,NA,NA,NA,0,0,0,0
997,997,"ALT600A03",9.45,41.55,"イヌガシ","EB",0,0,0,5.9,7.2,7.2,7.3,1.1206420907509,3.98257350220671,0.275866442646715,0.631414750354007,0.631414750354007,0,0
998,998,"ALT600A03",7.6,41.7,"イヌガシ","EB",0,0,0,5.5,6.5,7.9,8.7,2.41355228116901,3.34108169326332,5.83041697517893,0.75785138730311,0.75785138730311,0,0
1003,1003,"ALT600A03",1.2,45.25,"ヤブニッケイ","EB",0,0,0,6,8.7,8.8,9,2.13402688477981,7.43127112864966,0.678031033513628,7.92026675858227,7.92026675858227,0,0
1004,1004,"ALT600A03",1.2,45.5,"ヤブニッケイ","EB",0,0,0,6.5,11.5,14.5,16.6,4.93473957084687,11.4108971693523,7.34111319986586,2.3759502449506,2.3759502449506,0,0
1005,1005,"ALT600A03",4.3,47.9,"イヌガヤ","EC",0,0,0,6.8,7,7,7.1,0.227221957185309,0.579750737465048,0.283692699839128,0,0,0,0
2164,2164,"ALT600A03",7.85,48.55,"イヌガシ","EB",0,0,0,5.2,8.1,10.3,11.3,4.08496894805744,8.86410872182022,6.65877328079804,0,0,0,0
2267,2267,"ALT600A03",9.05,42.65,"イヌガシ","EB",NA,0,0,NA,6.3,7.5,8.3,NA,NA,5.51411762810131,0.850624200599352,0.850624200599352,0,0
2268,2268,"ALT600A03",6,43.95,"イヌガシ","EB",NA,1,0,NA,5.9,7.8,9.5,NA,NA,9.52678895389643,1.88814480693373,1.88814480693373,0,0
2362,2362,"ALT600A03",5.25,44.9,"イヌガシ","EB",NA,0,0,NA,6,8,9.1,NA,NA,8.33029888589499,2.19314309003478,2.19314309003478,0,0
2801,2801,"ALT600A03",5.25,47.5,"イヌガシ","EB",NA,NA,0,NA,NA,5.5,5.5,NA,NA,NA,2.9481272291726,2.07539995644533,0,0
2802,2801,"ALT600A03",5.25,47.5,"イヌガシ","EB",NA,NA,0,NA,NA,5.3,6.2,NA,NA,NA,2.46473652050257,1.69054297211548,0,0
2803,2803,"ALT600A03",8.2,46.9,"アカガシ","EB",NA,NA,0,NA,NA,5.3,6,NA,NA,NA,0,0,0,0
2804,2804,"ALT600A03",6.8,44.4,"イヌガシ","EB",NA,NA,0,NA,NA,5,5.4,NA,NA,NA,2.77491712583839,2.77491712583839,0,0
2805,2805,"ALT600A03",5.6,44.6,"イヌガシ","EB",NA,NA,0,NA,NA,7.8,9.2,NA,NA,NA,3.49869407837237,3.49869407837237,0,0
987,987,"ALT600A04",8.95,36.65,"ケヤキ","DB",0,0,0,104,108.5,109.6,111.2,0.352313066711102,0.847185476782833,0.491604176719356,0,0,0,0
989,989,"ALT600A04",9.6,33.35,"イヌガシ","EB",0,0,0,14.5,15.6,16.1,16.3,0.61587609676941,1.46244529657925,0.877883871144507,0,0,0,0
990,990,"ALT600A04",10,32.4,"アカガシ","EB",0,0,0,23.7,28.1,31.1,33.9,1.88389455918589,3.40589056397229,3.75290876093409,0,0,0,0
991,991,"ALT600A04",3.4,32.95,"ムラサキシキブ","DB",0,0,0,6.1,6,6,6.2,0.0855816887988438,-0.330586039024209,0.655796456459819,5.03244186779481,0,2.41421197711778,0
992,991,"ALT600A04",3.4,32.95,"ムラサキシキブ","DB",0,0,0,5.6,6.6,6.7,7.1,1.24909571740087,3.28606102582553,1.4605027002978,4.12729196960941,0,1.84095037493369,0
993,994,"ALT600A04",3.85,36.35,"ヒサカキ","EB",0,0,0,6.5,7.5,8.3,8.7,1.53432025662603,2.86201687281346,2.96840010236546,0,0,0,0
994,994,"ALT600A04",3.85,36.35,"ヒサカキ","EB",0,0,0,16,17.4,18.1,18.8,0.848779724190117,1.67762967961404,1.54773327230841,0,0,0,0
2806,2806,"ALT600A04",4.25,33.65,"イヌガシ","EB",NA,NA,0,NA,NA,5,5.6,NA,NA,NA,0.562066627127539,0.562066627127539,0,0
2807,2807,"ALT600A04",6.75,32.05,"イヌガシ","EB",NA,NA,0,NA,NA,5.2,5.4,NA,NA,NA,1.55265710232838,1.55265710232838,0,0
2808,2808,"ALT600A04",6.65,31.45,"イヌガシ","EB",NA,NA,0,NA,NA,4.9,5.1,NA,NA,NA,1.74069515970379,1.74069515970379,0,0
977,978,"ALT600A04",9.3,26.55,"ヤブニッケイ","EB",0,0,0,33.9,39.9,42.8,45.5,1.54893321879211,3.25922619018827,2.62672004122174,0,0,0,0
978,978,"ALT600A04",9.3,26.55,"ヤブニッケイ","EB",0,0,0,42.2,44.3,44.5,45.1,0.349800134035086,0.971289120182475,0.357951389150858,0,0,0,0
983,983,"ALT600A04",3.75,21.05,"ミズキ","DB",0,0,0,29.7,32.8,34.5,35.3,0.909136411213669,1.98562939162888,1.46908897098306,0,0,0,0
2270,2270,"ALT600A04",3.2,29.65,"イヌガシ","EB",NA,0,0,NA,8.8,11,12.3,NA,NA,6.69695081788422,0.704108590857136,0.442907016829488,0,0
2342,978,"ALT600A04",9.3,26.55,"ヤブニッケイ","EB",NA,0,0,NA,5.1,5.3,5.3,NA,NA,0.769325616555923,0,0,0,0
2578,2578,"ALT600A04",0.2,27.25,"アブラチャン","DB",NA,0,0,NA,5.5,6.7,7.7,NA,NA,6.72944473242426,0,0,0,0
974,974,"ALT600A05",4.35,15.35,"イヌガシ","EB",0,0,0,5.9,8.8,10,11.9,3.69255815371479,7.99598741144974,6.03573357266646,0,0,0,0
976,975,"ALT600A05",1.55,12.35,"ヤブニッケイ","EB",0,0,0,6,10.1,12.5,15.6,5.02900760540756,10.4155190923832,8.69470980816555,0,0,0,0
958,958,"ALT600A05",8.6,2.55,"イタヤカエデ","DB",0,0,0,67.4,70,71.5,72.8,0.405636512023046,0.757004482621951,0.784414263065627,0,0,0,0
959,959,"ALT600A05",7.25,0.9,"アカガシ","EB",0,0,0,8.4,9.4,9.6,9.6,0.702796803286961,2.24955966853381,0.421068183956645,4.66352155163583,4.66352155163583,0,0
960,960,"ALT600A05",6.9,0.45,"イヌガシ","EB",0,0,0,11.3,13,13.7,13.9,1.08992691799132,2.80293263486484,1.33878965350219,3.83085541611997,3.83085541611997,0,0
961,961,"ALT600A05",6.7,0.65,"アカガシ","EB",0,0,0,6.3,6.8,6.9,7.3,0.775393235562413,1.52745957569148,1.41903471944569,12.2311666927759,12.2311666927759,0,0
962,962,"ALT600A05",3.7,1.15,"イヌガシ","EB",0,0,0,9.3,10.6,11.3,11.5,1.11754018531576,2.61679201917622,1.62986068502366,15.2865915729207,0,15.2865915729207,0
964,964,"ALT600A05",2.8,0.1,"ウラジロガシ","EB",0,0,0,18.3,19.6,20.4,21.2,0.774211167529429,1.37257012778193,1.5694323088299,0,0,0,0
965,965,"ALT600A05",4.1,1.3,"オオモミジ","DB",0,0,0,40,40.1,40.1,40.1,0.013141474729406,0.0499376039717429,0,2.71442062075814,0.671308325563842,0,0
966,965,"ALT600A05",4.1,1.3,"オオモミジ","DB",0,0,0,33.9,34.3,34.6,35,0.168068668963206,0.234606795709792,0.404054146350389,3.45104182589734,0.76912753871743,0,0
968,968,"ALT600A05",2.3,2.4,"アオハダ","DB",0,0,0,10.2,10,10.1,10.4,0.102200451879483,-0.396052545923593,0.784414263065627,0,0,0,0
969,969,"ALT600A05",2.05,3.75,"イヌガシ","EB",0,0,0,12,13.2,13.8,14,0.811319367511886,1.90620359608649,1.17681000045867,0,0,0,0
970,970,"ALT600A05",3.65,4.4,"イヌガシ","EB",0,0,0,5.7,6.3,6.7,7.1,1.15594004845666,2.00166917113965,2.39090301299565,0,0,0,0
972,972,"ALT600A05",3.8,8.8,"カジカエデ","DB",0,0,0,33.9,34.1,34.3,34.8,0.137907223126443,0.117647398061332,0.406400049819151,0,0,0,0
2809,2809,"ALT600A05",5.5,4.2,"ヤブニッケイ","EB",NA,NA,0,NA,NA,5.1,5.9,NA,NA,NA,0,0,0,0
861,861,"ALT600A01",17.9,92.95,"イヌガシ","EB",0,0,0,29.7,32.6,34.8,35.7,0.968440226194419,1.86330485128016,1.81676800825863,0,0,0,0
866,866,"ALT600A01",11.35,92.1,"イヌガヤ","EC",0,0,0,14.3,15,15.4,16,0.59120623670484,0.95581327672697,1.29077042275142,0,0,0,0
867,867,"ALT600A01",13.3,91.8,"オオモミジ","DB",0,0,0,34.5,35.5,36.2,37.1,0.382408660926712,0.571467448881119,0.881685462640386,0,0,0,0
868,868,"ALT600A01",14.4,90.55,"アカガシ","EB",0,0,0,14.2,15.7,16,16.9,0.916166617483225,2.00837495494095,1.47305819149531,0,0,0,0
870,870,"ALT600A01",18.65,87.85,"イヌガシ","EB",0,0,0,14.7,15,15.6,16,0.446006465553109,0.404054146350389,1.29077042275142,0,0,0,0
871,871,"ALT600A01",16.55,87.55,"イヌガシ","EB",0,0,0,29.9,31.5,32.5,33.5,0.598352412812527,1.04258130869893,1.23115785998867,0,0,0,0
873,873,"ALT600A01",13.35,84.35,"イヌガシ","EB",0,0,0,10.4,12.4,14.3,15.7,2.16765740108913,3.51781332927328,4.71928479486542,0,0,0,0
874,874,"ALT600A02",15.6,70.2,"アカガシ","EB",0,0,0,15,15.7,15.7,16.5,0.501632525285921,0.912210225041045,0.993993371045451,0.532940721182762,0.532940721182762,0,0
875,875,"ALT600A02",16.55,70.1,"イヌガシ","EB",0,0,0,7.4,7.7,8.1,8.4,0.66711424020602,0.794806572990282,1.74022753979259,2.05630826731869,2.05630826731869,0,0
876,876,"ALT600A02",16.2,72.65,"イヌガシ","EB",0,0,0,12.4,13.1,13.6,14.4,0.787009126162968,1.09831515192229,1.89231952749698,0,0,0,0
877,877,"ALT600A02",17.95,73.7,"イヌガシ","EB",0,0,0,16,17.1,17.9,18.4,0.735589170395572,1.32979482537666,1.46544402212651,0,0,0,0
878,878,"ALT600A02",17.55,76.7,"イヌガシ","EB",0,0,0,10.6,11.4,12.4,13,1.0741860860185,1.45518708564857,2.62672004122174,0,0,0,0
879,879,"ALT600A02",10.5,77.9,"イヌガシ","EB",0,0,0,20.2,21.9,23.3,23.9,0.885241339633189,1.61608064830592,1.7478364423002,4.02007353996808,0.262047940427772,3.00732861148273,0
880,880,"ALT600A02",10.75,77.45,"ヒメシャラ","DB",0,0,0,36.5,36.9,36.9,37,0.0716086950304141,0.217985809160713,0.0541272319548613,1.84806823540408,1.84806823540408,0,0
882,882,"ALT600A02",15.4,74.7,"アカガシ","EB",0,0,0,75,78.2,79.7,81.8,0.456784895117847,0.835630680299098,0.900151921148718,0,0,0,0
884,884,"ALT600A02",14.3,73.75,"ヒメシャラ","DB",0,0,0,25.5,25.4,25.5,25.6,0.0205994701112438,-0.0785855627977932,0.156863549220522,0,0,0,0
885,885,"ALT600A02",10.55,71.2,"イヌガシ","EB",0,0,0,15.2,16.6,17.7,18.5,1.03408054858973,1.76214535020534,2.16736073443563,0,0,0,0
887,887,"ALT600A02",13.25,70.7,"ヤブニッケイ","EB",0,0,0,5.5,6,6.1,6.4,0.797631042774743,1.74022753979259,1.29077042275142,0,0,0,0
2165,885,"ALT600A02",10.55,71.2,"イヌガシ","EB",0,0,0,4.8,4.9,4.9,4.9,0.108522564224925,0.412385744054716,0,0,0,0,0
2579,2579,"ALT600A02",13.15,78.65,"イヌガシ","EB",NA,0,0,NA,5,5.8,6.2,NA,NA,4.30222759233891,0.775422538420023,0.775422538420023,0,0
888,888,"ALT600A02",19.7,61.95,"アカガシ","EB",0,0,0,60.2,64.6,66.7,68.6,0.687474644300337,1.41084116947561,1.20156247886567,0,0,0,0
889,889,"ALT600A02",17.8,62.6,"イヌガシ","EB",0,0,0,9.9,11.4,12.1,13.1,1.47409196350822,2.82157196519811,2.77997749613312,0.990508086980444,0.990508086980444,0,0
890,890,"ALT600A02",18.6,62.8,"イヌガシ","EB",0,0,0,8.7,9.5,10,10.7,1.08905639898591,1.75937545891914,2.37903885722731,1.48468069531587,1.48468069531587,0,0
891,891,"ALT600A02",19.8,68.15,"イヌガシ","EB",0,0,0,15.7,16.7,16.9,17.5,0.571264045132663,1.23496014136894,0.935843230135182,0,0,0,0
892,892,"ALT600A02",17.3,67.95,"イヌガシ","EB",0,0,0,7,7.1,7.3,7.6,0.432832095984063,0.283692699839128,1.36106926490031,0,0,0,0
893,892,"ALT600A02",17.3,67.95,"イヌガシ","EB",0,0,0,6.6,6.7,6.7,6.8,0.157120858682532,0.30075754729081,0.296301715702814,0,0,0,0
894,894,"ALT600A02",14.3,68.6,"イヌガシ","EB",0,0,0,9.8,10,10.1,10.3,0.261902681889809,0.404054146350389,0.591176044830889,0,0,0,0
895,895,"ALT600A02",15,66.95,"イヌガシ","EB",0,0,0,6.1,6,6.2,6.1,0,-0.330586039024209,0.33058603902421,0,0,0,0
896,896,"ALT600A02",10.3,66.3,"イヌガシ","EB",0,0,0,8,10.6,10.7,11.1,1.72370298230764,5.62824918876371,0.921822144005342,0,0,0,0
897,897,"ALT600A02",14.85,65.25,"イヌガシ","EB",0,0,0,6.4,7,7.2,8,1.174439743759,1.79224317379374,2.67062785249045,12.5203042132207,12.5203042132207,0,0
898,898,"ALT600A02",15.4,66,"アカガシ","EB",0,0,0,36.5,NA,NA,80.7,4.17592797203925,NA,NA,0.184974284425987,0.184974284425987,0,0
901,901,"ALT600A02",15.95,60.5,"イヌガシ","EB",0,0,0,15.9,18.8,20.2,22,1.70907023227437,3.35075521219435,3.14371167044825,0,0,0,0
902,902,"ALT600A02",10.95,60,"イヌガシ","EB",0,0,0,13.7,16,16.5,17.1,1.16675068776071,3.10385778811404,1.32979482537666,0,0,0,0
903,902,"ALT600A02",10.95,60,"イヌガシ","EB",0,0,0,7.4,7.7,7.8,8,0.410323902472167,0.794806572990282,0.764424256403954,0,0,0,0
2166,2166,"ALT600A02",13.3,61.25,"イヌガシ","EB",0,0,0,5.3,6,6.3,6.7,1.2336879254676,2.48105297339958,2.20696114337731,0,0,0,0
2273,2273,"ALT600A02",14.7,65.6,"イヌガシ","EB",NA,0,0,NA,4.9,4.9,5.1,NA,NA,0.80010669227398,23.7460902100092,23.7460902100092,0,0
2274,2274,"ALT600A02",12.1,63.15,"イヌガシ","EB",NA,0,0,NA,5.6,5.7,6.2,NA,NA,2.03565388619885,1.44739002037811,1.44739002037811,0,0
2275,2275,"ALT600A02",12.3,63.95,"イヌガシ","EB",NA,0,0,NA,6.6,6.7,7.4,NA,NA,2.28820702355489,1.01602761839544,1.01602761839544,0,0
2307,902,"ALT600A02",10.95,60,"イヌガシ","EB",NA,0,0,NA,5.8,6.8,8,NA,NA,6.43167248254925,0,0,0,0
2343,2343,"ALT600A02",10.15,63.25,"ヤブニッケイ","EB",NA,0,0,NA,6.8,7.4,8.7,NA,NA,4.92800826956954,0,0,0,0
904,904,"ALT600A03",19.3,51.85,"イヌガシ","EB",0,0,0,13.4,17,19.2,22,2.60940919158658,4.75917274198701,5.156582186042,0.125630551517278,0.125630551517278,0,0
905,905,"ALT600A03",19.15,53.8,"イヌガシ","EB",0,0,0,6.8,7.8,8.7,9.6,1.81494992785121,2.7440224302697,4.15278729556489,0,0,0,0
907,907,"ALT600A03",16.9,59.65,"イヌガシ","EB",0,0,0,5.5,6,6.7,7.5,1.63239435949389,1.74022753979259,4.4628710262842,0,0,0,0
908,908,"ALT600A03",11.45,56.35,"イヌガシ","EB",0,0,0,10.7,12.2,13.1,14.1,1.45226871534875,2.62384420542701,2.89477691289824,0,0,0,0
909,909,"ALT600A03",10.75,51.75,"イロハモミジ","DB",0,0,0,49,49.5,50,51.1,0.22086420578438,0.203047429280358,0.636236552700282,0,0,0,0
910,910,"ALT600A03",13.6,51.15,"イヌガシ","EB",0,0,0,15.5,18,19.9,22.2,1.89080139448965,2.99063467941928,4.19441061964138,0,0,0,0
2167,2167,"ALT600A03",14.6,57.8,"イヌガシ","EB",0,0,0,5.1,6.7,8.1,9.4,3.21825868181936,5.45733973333281,6.77204325758076,0,0,0,0
2690,2690,"ALT600A03",14.25,56.05,"イヌガシ","EB",NA,0,0,NA,4.9,5.8,7.1,NA,NA,7.41719157861377,0.566276857501314,0.566276857501314,0,0
911,911,"ALT600A03",18.6,41.05,"イヌガシ","EB",0,0,0,6.2,6.7,7.4,7.4,0.931214253468833,1.55116468691749,1.98744947626408,0.351779120787012,0.351779120787012,0,0
912,912,"ALT600A03",18.85,44.1,"イヌガシ","EB",0,0,0,8,9.2,10.2,10.9,1.62800656608033,2.79523884750317,3.39118610360207,6.42628009512698,6.42628009512698,0,0
913,913,"ALT600A03",18.65,44.25,"イヌガシ","EB",0,0,0,10.7,13.1,14.9,15.9,2.08460719872803,4.04736977478491,3.8741375803816,3.28682614261274,3.28682614261274,0,0
914,914,"ALT600A03",18,44.55,"イヌガシ","EB",0,0,0,5.3,6,6.1,6.2,0.825486692068262,2.48105297339958,0.655796456459819,5.41021995879217,5.41021995879217,0,0
916,916,"ALT600A03",17.3,47.3,"イヌガシ","EB",0,0,0,12,13.1,13.1,13.1,0.461608317995292,1.75411160838211,0,0,0,0,0
917,917,"ALT600A03",13.9,48.75,"イヌガシ","EB",0,0,0,5.9,6.2,6.5,8.8,2.10420721353941,0.99193882278744,7.0040485886623,0,0,0,0
918,918,"ALT600A03",13.8,45.1,"イヌガシ","EB",0,0,0,6.5,9.5,11.3,12.1,3.2705435563216,7.58979243409807,4.838273079924,0.824694302451087,0.824694302451087,0,0
920,920,"ALT600A03",12.25,42.55,"イヌガシ","EB",0,0,0,13.5,15.6,17.1,18,1.51411617079885,2.89162457622215,2.86201687281347,0.175317606170421,0.175317606170421,0,0
922,922,"ALT600A03",13.05,40.45,"イヌガシ","EB",0,0,0,5.3,7,8.5,9.4,3.01580457219938,5.56406656994475,5.8959908044129,0.9852046380527,0.9852046380527,0,0
2276,2276,"ALT600A03",18.1,46.2,"ヤブニッケイ","EB",NA,0,0,NA,5.1,5.4,6,NA,NA,3.2503785899555,0,0,0,0
2363,2363,"ALT600A03",15.45,49.25,"イヌガシ","EB",NA,0,0,NA,6.3,7.2,8.1,NA,NA,5.02628856561812,1.22554378682774,1.22554378682774,0,0
2580,2580,"ALT600A03",15.35,50.25,"イヌガシ","EB",NA,0,0,NA,5.5,5.2,6.9,NA,NA,4.53546638729577,1.60798385675796,1.60798385675796,0,0
2581,2581,"ALT600A03",17.75,48.4,"イヌガシ","EB",NA,0,0,NA,4.7,7.1,5.7,NA,NA,3.85807332248983,0,0,0,0
2692,2692,"ALT600A03",10.45,40.55,"イヌガシ","EB",NA,0,0,NA,5.8,6.5,7.4,NA,NA,4.87244165315501,0,0,0,0
2810,2810,"ALT600A03",14.3,46.45,"イヌガシ","EB",NA,NA,0,NA,NA,5.1,5.8,NA,NA,NA,0.365516510347022,0.365516510347022,0,0
923,923,"ALT600A04",19.45,32.25,"イヌガシ","EB",0,0,0,9.4,9.7,9.8,9.9,0.272763515076768,0.628323924667578,0.408177432624145,0,0,0,0
924,924,"ALT600A04",16.6,32.6,"ヤブニッケイ","EB",0,0,0,7,7.6,8,9.3,1.49528553212577,1.64476196473944,4.0373230573385,0.501792114695337,0.501792114695337,0,0
925,925,"ALT600A04",18.45,37.25,"イヌガシ","EB",0,0,0,11.8,15.4,18,19.5,2.64376281104254,5.32535955895929,4.72093912300235,0.48069112244963,0.269398321372869,0,0
926,926,"ALT600A04",18.25,38.95,"イヌガシ","EB",0,0,0,7.4,9,10.3,11.1,2.13402688477981,3.91489154252191,4.19441061964138,1.51478990487979,1.51478990487979,0,0
929,929,"ALT600A04",11.45,30,"イヌガシ","EB",0,0,0,8.4,8.5,8.5,8.6,0.123844723211548,0.236689152940056,0.233920795263825,1.13178294573643,0.759689922480619,0,0
2582,2582,"ALT600A04",17.8,35.85,"イヌガシ","EB",NA,0,0,NA,5.1,5.4,5.4,NA,NA,1.14316827679898,0,0,0,0
2811,923,"ALT600A04",19.45,32.25,"イヌガシ","EB",NA,NA,0,NA,NA,5.7,6.7,NA,NA,NA,0,0,0,0
931,932,"ALT600A04",16.65,21.8,"ヤブニッケイ","EB",0,0,0,10.7,12.4,13.4,14.5,1.59949951557194,2.94905462286262,3.12904353631075,2.96519356776385,1.51756368916216,0,0
932,932,"ALT600A04",16.65,21.8,"ヤブニッケイ","EB",0,0,0,15.7,18.2,20.1,21.7,1.70342920101132,2.95521763456974,3.51781332927328,1.64489478848217,0.677584500937256,0,0
933,933,"ALT600A04",17.15,22.65,"イヌガシ","EB",0,0,0,12.6,13.5,14.3,14.6,0.775393235562413,1.37985742973903,1.56663686539814,2.93793854159337,2.93793854159337,0,0
934,934,"ALT600A04",19.4,21.25,"ヒメシャラ","DB",0,0,0,38.2,39,39.1,40,0.242336518428457,0.414522610342339,0.506356159685796,0.0859785304149105,0.0859785304149105,0,0
935,935,"ALT600A04",18.75,23.5,"イヌガシ","EB",0,0,0,6.5,7.6,8.1,8.7,1.53432025662603,3.12692140781388,2.70349556736505,0,0,0,0
936,936,"ALT600A04",16.75,25.35,"イヌガシ","EB",0,0,0,38.9,40.8,42.4,42.7,0.490550892685149,0.953756615714307,0.910336776489258,0,0,0,0
937,937,"ALT600A04",17.95,25.9,"イヌガシ","EB",0,0,0,7.4,8.2,8.7,9.4,1.25910362666228,2.05308308120166,2.73151070011502,0,0,0,0
938,938,"ALT600A04",15.25,29.65,"イヌガシ","EB",0,0,0,22.7,24.3,25.1,25.4,0.591496050195442,1.36222851718292,0.885456473559761,0,0,0,0
939,939,"ALT600A04",14.5,27.85,"イヌガシ","EB",0,0,0,11.6,12.2,12.3,12.3,0.308390338242384,1.00861707253784,0.163266212783221,0,0,0,0
941,941,"ALT600A04",10.85,27.95,"イヌガシ","EB",0,0,0,16.9,17.4,17.9,18.1,0.361043770225013,0.58313168582911,0.788834641025937,0,0,0,0
942,942,"ALT600A04",12.55,22.55,"ヒイラギ","EB",0,0,0,17.3,18.2,18.9,19.7,0.683748074948471,1.01430185158032,1.58394083322386,0,0,0,0
2812,942,"ALT600A04",12.55,22.55,"ヒイラギ","EB",NA,NA,0,NA,NA,5.1,6,NA,NA,NA,0,0,0,0
2813,942,"ALT600A04",12.55,22.55,"ヒイラギ","EB",NA,NA,0,NA,NA,5.1,5.9,NA,NA,NA,0,0,0,0
943,943,"ALT600A05",17.9,13.4,"ケヤキ","DB",0,0,0,53,55.4,56.6,57.7,0.447185578747011,0.885753604022326,0.813551595216318,0,0,0,0
946,946,"ALT600A05",17.5,15.1,"ヒイラギ","EB",0,0,0,13.1,14.6,15.4,16.5,1.21446395104963,2.1681859701437,2.44677704384488,0,0,0,0
947,947,"ALT600A05",18.05,16.4,"シキミ","EB",0,0,0,5.3,5.2,5.7,5.8,0.474479457864724,-0.380963899413887,2.18398583929984,2.34444723081448,2.34444723081448,0,0
948,948,"ALT600A05",18.25,18.65,"アカガシ","EB",0,0,0,10.1,11.6,12.2,12.8,1.24689340567557,2.7693934853021,1.96880145626505,0,0,0,0
949,949,"ALT600A05",16.65,18.35,"ヒイラギ","EB",0,0,0,23.2,25.3,26.5,27.7,0.93305333958436,1.73304234122421,1.81256034919636,1.10249804742084,0,1.10249804742084,0
950,950,"ALT600A05",15.7,18.6,"オオモミジ","DB",0,0,0,28.5,29.1,29.5,30,0.269964707302897,0.416681738056841,0.609184149694169,0.939928585339485,0.939928585339485,0,0
951,951,"ALT600A05",13.5,18.05,"イヌガシ","EB",0,0,0,8,8.5,8.8,9.2,0.735589170395572,1.2124924363287,1.58274641117448,0,0,0,0
952,952,"ALT600A05",13.7,16.55,"イヌガヤ","EC",0,0,0,10.9,10.8,10.7,10.8,-0.0485087110785471,-0.184333102098479,0,0,0,0,0
953,953,"ALT600A05",12.7,17.25,"ケヤキ","DB",0,0,0,25,25.9,26.3,26.9,0.385528745997855,0.707342876745827,0.757666358046026,0,0,0,0
954,954,"ALT600A05",10.95,19.25,"ミズキ","DB",0,0,0,16.7,18.4,19.7,20.1,0.975321556012214,1.93883890384461,1.7673830090018,0,0,0,0
955,955,"ALT600A05",11.2,13.4,"ケヤキ","DB",0,0,0,60.4,61.8,62.4,63.3,0.246822232680848,0.458285190457517,0.479639293729708,0.0688836106812731,0,0.0688836106812731,0
2814,944,"ALT600A05",16.75,13,"アブラチャン","DB",NA,NA,0,NA,NA,5.3,5.7,NA,NA,NA,0,0,0,0
858,858,"ALT600B01",28.1,98.45,"イタヤカエデ","DB",0,0,0,16.4,20.6,23.2,25.7,2.36426135300538,4.56019481930766,4.42399832211277,0,0,0,0
853,854,"ALT600B01",24.6,86.1,"ミズキ","DB",0,0,0,21.6,23,20.5,21.8,0.0485087110785476,1.2560180247806,-1.07168492268213,7.1924429112996,0,7.1924429112996,0
854,854,"ALT600B01",24.9,86.55,"オオモミジ","DB",0,0,0,75.1,76.1,75.3,84.8,0.639342021198781,0.264554121951023,2.16494555860435,0.475332715318788,0,0.475332715318788,0
839,839,"ALT600B02",20.25,72.9,"イヌガシ","EB",0,0,0,16.3,18.2,19.3,20,1.07666929337513,2.20512972540066,1.88621358942483,0,0,0,0
841,841,"ALT600B02",23.05,72.3,"シキミ","EB",0,0,0,6.9,7.1,7.2,8.2,0.908488119299966,0.571467448881119,2.88078740445875,1.78639208823437,1.78639208823437,0,0
842,842,"ALT600B02",25.3,73.4,"シキミ","EB",0,0,0,5.4,6,6.7,7.6,1.79868049327398,2.10721031315652,4.72777556128461,0.542763157894729,0.542763157894729,0,0
843,843,"ALT600B02",28.15,71.65,"イヌガシ","EB",0,0,0,16.3,19.3,21.1,22,1.57830181866105,3.37879976196247,2.61874714894952,0,0,0,0
844,844,"ALT600B02",27.2,72.6,"アカガシ","EB",0,0,0,6.8,8,8.6,9,1.47527350081136,3.2503785899555,2.35566071312767,0,0,0,0
2585,2585,"ALT600B02",23.3,75.6,"イヌガシ","EB",NA,0,0,NA,6.3,7,7.8,NA,NA,4.27148200596118,0,0,0,0
2815,2815,"ALT600B02",23.95,68.8,"イヌガシ","EB",NA,NA,0,NA,NA,5.8,6.5,NA,NA,NA,0,0,0,0
833,833,"ALT600B02",20.4,63.85,"イヌガシ","EB",0,0,0,13.9,16.5,17.6,18.7,1.56123517749418,3.42943081539778,2.50326285908012,0,0,0,0
834,834,"ALT600B02",24,63.2,"イヌガシ","EB",0,0,0,9.7,11.3,12.4,14.1,1.9686784835515,3.05353680417916,4.42744143331655,1.53427713849532,1.53427713849532,0,0
835,835,"ALT600B02",29.05,64.2,"イヌガシ","EB",0,0,0,18.8,21.1,22.2,24.5,1.39376972481462,2.30832341292235,2.98800154137321,0,0,0,0
837,837,"ALT600B02",29.55,66.55,"アカガシ","EB",0,0,0,9.4,11.1,11.1,35,6.91914932743924,3.3247083808466,22.9680590634225,0,0,0,0
838,838,"ALT600B02",21.25,67.15,"アカガシ","EB",0,0,0,24.2,25.7,26.6,28,0.76764145796086,1.20276717477067,1.7142703654806,0,0,0,0
2586,2586,"ALT600B02",22.5,68.45,"イヌガシ","EB",NA,0,0,NA,5.5,5.9,6.3,NA,NA,2.71603082318124,0,0,0,0
819,819,"ALT600B03",21.75,50,"イヌガシ","EB",0,0,0,11.5,12.7,13.3,14,1.03531733813713,1.98509916190682,1.94910672301426,0.470881099542496,0.470881099542496,0,0
820,820,"ALT600B03",26.25,52.55,"イヌガシ","EB",0,0,0,20.2,23.6,25.5,27.3,1.58528472517766,3.11128215248811,2.91279980318699,0,0,0,0
822,822,"ALT600B03",29.35,51.75,"アカガシ","EB",0,0,0,89.8,93.3,94.3,95.7,0.334912227109236,0.764702650902884,0.507963812112208,0,0,0,0
823,823,"ALT600B03",29.55,58.3,"ヒメシャラ","DB",0,0,0,36.1,37.4,38.3,39.3,0.447008702823053,0.707556781633018,0.991076289094586,0,0,0,0
824,825,"ALT600B03",27.55,58.6,"イヌガシ","EB",0,0,0,10.5,12.4,13.2,14.1,1.55157652747708,3.32642430895027,2.56956649546263,0,0,0,0
825,825,"ALT600B03",27.55,58.6,"イヌガシ","EB",0,0,0,18.2,20.3,21.4,22,0.998004522502981,2.18398583929984,1.60843134621148,0,0,0,0
826,826,"ALT600B03",26.65,57.8,"アカガシ","EB",0,0,0,26.4,29.1,31.2,32.9,1.15846656641608,1.94748328050353,2.45468967187759,0,0,0,0
827,828,"ALT600B03",21.85,57.7,"イヌガシ","EB",0,0,0,9.6,10.4,10.8,10.9,0.668419425059513,1.60085415347073,0.939139661755422,0,0,0,0
828,828,"ALT600B03",21.85,57.7,"イヌガシ","EB",0,0,0,17,20.3,22.4,24.5,1.92347249207613,3.54815083983051,3.76104463005879,0,0,0,0
2345,2345,"ALT600B03",24.35,48.2,"イヌガシ","EB",NA,0,0,NA,5.8,6.7,8.1,NA,NA,6.68012288252039,0.433115071262734,0.433115071262734,0,0
2587,2587,"ALT600B03",24.1,60,"アカガシ","EB",NA,0,0,NA,4.9,5.3,5.9,NA,NA,3.71434291590186,0,0,0,0
2816,820,"ALT600B03",26.25,52.55,"イヌガシ","EB",NA,NA,0,NA,NA,4.8,5.3,NA,NA,NA,0,0,0,0
2817,2817,"ALT600B03",22.55,49.45,"ヒサカキ","EB",NA,NA,0,NA,NA,5.5,6.4,NA,NA,NA,2.25323963648265,2.25323963648265,0,0
807,807,"ALT600B03",20,42.45,"イヌガシ","EB",0,0,0,12.5,14.5,15.4,16.2,1.36464525226359,2.96840010236546,2.21725185623619,0.218844054766203,0.218844054766203,0,0
808,808,"ALT600B03",23.85,41.6,"ヤブニッケイ","EB",0,0,0,8.8,10,10.1,10.5,0.929597556206931,2.5566674301977,0.975803283388641,0,0,0,0
810,810,"ALT600B03",26.9,43.2,"イヌガシ","EB",0,0,0,11.5,13.3,13.7,14,1.03531733813713,2.90833999717007,1.02586588775101,0,0,0,0
811,811,"ALT600B03",28.55,45,"イヌガシ","EB",0,0,0,8.3,11.5,13,14.5,2.93627965591567,6.52183041133304,4.63603228114649,0,0,0,0
812,812,"ALT600B03",26.65,44.85,"ケヤキ","DB",0,0,0,31.9,32.1,32.2,32.6,0.11424357148349,0.125000406903427,0.309125164733833,0,0,0,0
813,813,"ALT600B03",26.4,46.4,"イヌガシ","EB",0,0,0,6.4,7.4,8.1,8.4,1.43123008149285,2.90364019688996,2.53503411278288,0,0,0,0
814,814,"ALT600B03",25.65,45.55,"アカガシ","EB",0,0,0,84.7,86.7,87.2,89,0.260635621442795,0.46676564256975,0.523649718912874,0,0,0,0
815,815,"ALT600B03",28.05,48.1,"イヌガシ","EB",0,0,0,8,9.6,10.4,11.3,1.81769044230768,3.64643113587909,3.26079254489009,0.570404928790139,0.570404928790139,0,0
2588,2588,"ALT600B03",21.5,42.1,"イヌガシ","EB",NA,0,0,NA,5,5.3,6.4,NA,NA,4.93720155863052,0,0,0,0
2589,2589,"ALT600B03",22.1,40.45,"イヌガシ","EB",NA,0,0,NA,5.1,5.3,5.4,NA,NA,1.14316827679898,0,0,0,0
798,798,"ALT600B04",20.5,33.25,"イヌガシ","EB",0,0,0,7.5,7.7,7.8,7.9,0.273472310161638,0.526346166347467,0.512848612266753,0,0,0,0
799,799,"ALT600B04",22.3,34.15,"イヌガシ","EB",0,0,0,8.4,9.7,9.8,9.9,0.864752901533033,2.87788359320138,0.408177432624145,0.283568315405475,0.283568315405475,0,0
800,800,"ALT600B04",27.2,32.4,"イヌガシ","EB",0,0,0,22.7,23.9,24.9,25.1,0.528962745528323,1.03027068900216,0.979787744005467,0,0,0,0
801,800,"ALT600B04",27.2,32.4,"イヌガシ","EB",0,0,0,4.9,6,6.6,6.7,1.64669642779126,4.05048528222948,2.20696114337731,0,0,0,0
802,802,"ALT600B04",29.15,30.45,"アカガシ","EB",0,0,0,94,97,98.5,102.9,0.476120318789475,0.628323924667578,1.18093328673242,0,0,0,0
803,803,"ALT600B04",29.75,32.05,"イヌガシ","EB",0,0,0,10.4,12.7,14.1,15.1,1.96257335617659,3.99592374634437,3.46185500712666,0,0,0,0
805,805,"ALT600B04",25.8,38.95,"イヌガシ","EB",0,0,0,8.5,10.2,10.9,12.3,1.9449110467479,3.64643113587909,3.74423084176293,0,0,0,0
806,806,"ALT600B04",24.2,35.55,"イヌガシ","EB",0,0,0,10.2,11.7,13.3,15.5,2.20238054544724,2.7440224302697,5.62502364242981,0,0,0,0
2590,2590,"ALT600B04",24.2,31.6,"ヤブニッケイ","EB",NA,0,0,NA,4.9,6.4,8.1,NA,NA,10.0525771312362,0,0,0,0
2818,2818,"ALT600B04",20.8,38.35,"イヌガシ","EB",NA,NA,0,NA,NA,5.2,5.9,NA,NA,NA,1.28407283498079,1.28407283498079,0,0
785,785,"ALT600B04",20.95,22.75,"アカガシ","EB",0,0,0,38.9,42.7,44.5,46,0.882353399287866,1.86409339220357,1.48884952509032,0.113391602066109,0.113391602066109,0,0
786,786,"ALT600B04",22.85,21.35,"イヌガシ","EB",0,0,0,7.8,9.2,10.1,10.7,1.66378951459113,3.30159500718897,3.02080514825732,21.8173361542972,21.8173361542972,0,0
787,787,"ALT600B04",23.05,21.45,"アカガシ","EB",0,0,0,41.7,47,49.8,52.2,1.18200718991493,2.39292945810605,2.09869786357069,0.916702197672334,0.916702197672334,0,0
788,788,"ALT600B04",26.75,23,"イヌガシ","EB",0,0,0,7,7,7.2,7.4,0.292472900814794,0,1.11139702309622,0,0,0,0
789,791,"ALT600B04",27.45,24.7,"イヌガシ","EB",0,0,0,7.2,8.8,9.7,10.4,1.93539357960693,4.01341390924302,3.34108169326332,0,0,0,0
790,791,"ALT600B04",27.45,24.7,"イヌガシ","EB",0,0,0,5.2,5.4,5.6,5.7,0.483197627648015,0.754806559656942,1.08134442540552,0,0,0,0
791,791,"ALT600B04",27.45,24.7,"イヌガシ","EB",0,0,0,10.6,12.1,13.2,13.8,1.38849784760599,2.64702902969348,2.62926279120928,0,0,0,0
792,791,"ALT600B04",27.45,24.7,"イヌガシ","EB",0,0,0,5.8,6.5,6.9,7.5,1.35286896310469,2.27888518698436,2.86201687281346,0,0,0,0
795,795,"ALT600B04",24.9,27.7,"イヌガシ","EB",0,0,0,8.8,9.4,9.9,10.7,1.02890536833526,1.31915935583595,2.59068104383804,0,0,0,0
796,796,"ALT600B04",24.65,25.7,"ケヤキ","DB",0,0,0,34.5,35.4,35.7,37,0.368203097931108,0.515049922048291,0.884121850089914,0,0,0,0
797,797,"ALT600B04",21.75,25.45,"イヌガシ","EB",0,0,0,13.1,13.7,13.8,13.8,0.27398085240028,0.895672052539469,0.145455186581598,0.484669914533177,0.484669914533177,0,0
765,765,"ALT600B05",26.6,12.15,"アカガシ","EB",0,0,0,20.5,25.9,28.6,30.5,2.09106209194212,4.67636165122259,3.26967429815748,0,0,0,0
766,766,"ALT600B05",29.4,13.05,"イヌガシ","EB",0,0,0,31.9,35.5,37.1,38,0.92094815755572,2.13853373381143,1.36106926490031,0,0,0,0
767,766,"ALT600B05",29.4,13.05,"イヌガシ","EB",0,0,0,9.7,10.9,11.7,12.1,1.16357666891241,2.33273807451522,2.08885326735195,0,0,0,0
768,766,"ALT600B05",29.4,13.05,"イヌガシ","EB",0,0,0,5.6,5.6,6,6,0.363120376247113,0,1.37985742973903,0,0,0,0
769,771,"ALT600B04",26.65,20,"アカガシ","EB",0,0,0,10.5,10.8,10.8,10.9,0.196776484587476,0.563417539333929,0.184333102098481,0,0,0,0
770,771,"ALT600B04",26.65,20,"アカガシ","EB",0,0,0,14.4,15.2,15.6,15.8,0.488324912899822,1.08134442540552,0.774290243613808,0,0,0,0
771,771,"ALT600B04",26.65,20,"アカガシ","EB",0,0,0,16.3,18.7,19.9,20.4,1.18089364756555,2.74716832095648,1.74022753979259,0,0,0,0
773,773,"ALT600B05",20.7,19.75,"ヒイラギ","EB",0,0,0,5.5,5.5,5.6,5.6,0.0948342394877801,0,0.360370110053564,0,0,0,0
774,774,"ALT600B05",23.75,15.8,"シキミ","EB",0,0,0,5.6,6.3,6.8,7.2,1.32270751726793,2.35566071312767,2.67062785249046,0,0,0,0
775,775,"ALT600B05",22.3,17.1,"ケヤキ","DB",0,0,0,55.6,59.1,61.3,64.3,0.765139105194931,1.22095446311032,1.68657413663042,0.234116037964854,0.234116037964854,0,0
776,776,"ALT600B05",21.65,17.2,"アカガシ","EB",0,0,0,7.2,9,9.7,9.9,1.67607226904492,4.4628710262842,1.9062035960865,10.5977917801785,0.721754459442756,9.87603732073574,0
777,777,"ALT600B05",20.4,13.95,"シキミ","EB",0,0,0,8.2,9,9.5,9.9,0.991582120370195,1.86180846132024,1.9062035960865,0,0,0,0
778,779,"ALT600B05",21.8,10,"アブラチャン","DB",0,0,0,5.5,5.7,5.8,5.8,0.279525396389202,0.714361652041585,0.34783485423738,11.2534005326153,0,2.39094912166047,0
783,779,"ALT600B05",21.8,10,"アブラチャン","DB",0,0,0,6.3,6.9,7.3,7.5,0.917649406025146,1.81943556411454,1.66763217878102,8.28352293029676,0,1.42989383915837,0
784,784,"ALT600B05",24.15,11.9,"イヌツゲ","EB",0,0,0,8.9,9,9,9.2,0.174485301667896,0.223466011962505,0.439578134375503,0,0,0,0
2583,2583,"ALT600B05",20.75,16.85,"イヌガシ","EB",NA,0,0,NA,5.3,6.4,6.9,NA,NA,5.27629182090275,1.48580454883395,1.48580454883395,0,0
2591,779,"ALT600B05",21.8,10,"アブラチャン","DB",NA,0,0,NA,5,5.5,5.6,NA,NA,2.26657370614006,11.7213434321403,0,1.91503639172996,0
2592,779,"ALT600B05",21.8,10,"アブラチャン","DB",NA,0,0,NA,5.1,6.2,7.4,NA,NA,7.44478920959688,8.42044892468028,0,1.44921672887673,0
2819,779,"ALT600B05",21.8,10,"アブラチャン","DB",NA,NA,0,NA,NA,5.4,5.8,NA,NA,NA,11.2534005326153,0,1.8490006540841,0
755,755,"ALT600B05",27.2,6.1,"アオキ","EB",0,0,0,4.9,4.9,5.2,5.1,0.210554392703679,0,0.80010669227398,0,0,0,0
756,756,"ALT600B05",28.45,7.1,"イヌガヤ","EC",0,0,0,25.7,26.9,26.5,27,0.259715126858711,0.912705894132387,0.0742115879307155,0,0,0,0
758,758,"ALT600B05",24.7,5.35,"ヒイラギ","EB",0,0,0,13.5,14.8,15,15.4,0.693041178816841,1.83874990651371,0.794806572990282,0,0,0,0
759,758,"ALT600B05",24.7,5.35,"ヒイラギ","EB",0,0,0,13.5,13.1,13.1,13.2,-0.118278188695045,-0.601549104745559,0.152091987704384,0,0,0,0
631,632,"ALT600B01",37.3,98.6,"ケヤキ","DB",0,0,0,14.2,15.2,15.7,16.7,0.853509235871023,1.36106926490031,1.88226583140957,0,0,0,0
632,632,"ALT600B01",37.3,98.6,"ケヤキ","DB",0,0,0,37.2,47.8,53,56,2.15285752345289,5.01433756436619,3.16652102475478,0,0,0,0
637,637,"ALT600B01",39.5,80.4,"ケヤキ","DB",0,0,0,54.2,60.2,60.2,62.6,0.758338787686591,2.0998288773835,0.781858515825551,0,0,0,0
640,640,"ALT600B01",31.45,87.75,"アカガシ","EB",0,0,0,26.3,31.2,33.7,35.9,1.63772819110797,3.41698311263435,2.80638401357593,0,0,0,0
641,641,"ALT600B02",36.45,72.95,"イヌシデ","DB",0,0,0,46,48,48.9,49.4,0.375310672130431,0.851192288375918,0.574988265719716,0,0,0,0
642,642,"ALT600B02",36.85,76.25,"シラキ","DB",0,0,0,14.1,14.3,14.4,14.4,0.110807416830697,0.28169479763478,0.139373386321864,0,0,0,0
643,643,"ALT600B02",34.05,76.75,"アカガシ","EB",0,0,0,5.9,7.5,7.9,7.9,1.53637057137527,4.79901339261182,1.03919477861422,0,0,0,0
648,648,"ALT600B02",30.15,71.65,"アカガシ","EB",0,0,0,5.4,8.4,10.1,11.2,3.83955170910958,8.83665504558079,5.75364144903562,1.46812544741433,0,1.46812544741433,0
650,650,"ALT600B02",34.9,70.6,"イヌガシ","EB",0,0,0,5,5.3,5.6,5.7,0.689622433717917,1.16537816247952,1.45518708564857,0,0,0,0
2232,2231,"ALT600B02",37.55,70.9,"ヤブニッケイ","EB",NA,0,0,NA,7.6,9.8,11.5,NA,NA,8.28397576153838,0.61595669206758,0.36297447925411,0,0
2593,2593,"ALT600B02",29.75,72.85,"アブラチャン","DB",NA,0,0,NA,5,5.1,5.2,NA,NA,0.784414263065627,0,0,0,0
2693,2593,"ALT600B02",29.75,72.85,"アブラチャン","DB",NA,0,0,NA,4.9,5.4,6,NA,NA,4.05048528222948,0,0,0,0
651,651,"ALT600B02",37.65,61.1,"ブナ","DB",0,0,0,27.5,30.5,33.6,35.9,1.40290153064057,2.07081357881681,3.26021223761735,0.187753474224009,0.187753474224009,0,0
652,652,"ALT600B02",38,63.7,"イヌガシ","EB",0,0,0,28.6,31.5,32.9,33.6,0.847996574438693,1.93161656011561,1.29077042275142,0,0,0,0
653,652,"ALT600B02",38,63.7,"イヌガシ","EB",0,0,0,11.8,12.9,13.3,13.4,0.669237765711824,1.78255559792015,0.760547911784786,0,0,0,0
654,654,"ALT600B02",37.5,69.1,"イヌガシ","EB",0,0,0,7.7,10.8,13,14.9,3.47442570574619,6.76651610541072,6.43630157642479,0,0,0,0
655,655,"ALT600B02",35.4,69.5,"イヌガシ","EB",0,0,0,7.3,10.4,13.1,14.6,3.64814305557866,7.07862915985963,6.78431445133927,0,0,0,0
656,656,"ALT600B02",34.3,68.1,"ヒサカキ","EB",0,0,0,5.6,7.1,8.2,9,2.49714726102693,4.74656372612332,4.74259586577899,1.32940598066876,1.32940598066876,0,0
657,658,"ALT600B02",32.6,66.6,"イヌガシ","EB",0,0,0,10.2,10.7,10.9,11.1,0.445038884358227,0.957120423552703,0.734027337008559,0,0,0,0
658,658,"ALT600B02",32.6,66.6,"イヌガシ","EB",0,0,0,27.5,30.9,32.5,33.4,1.02299944900068,2.33140358462348,1.5559943215791,0,0,0,0
659,659,"ALT600B02",31.15,67.8,"ブナ","DB",0,0,0,45.1,45.7,46.1,46.3,0.138209024123978,0.264321027830529,0.260873263840584,0,0,0,0
660,660,"ALT600B02",33.3,64,"ブナ","DB",0,0,0,66.6,68.7,70.3,70.5,0.299516485641471,0.620892433639206,0.517270211798388,0,0,0,0
661,661,"ALT600B02",30.3,63.95,"アオハダ","DB",0,0,0,21.1,19.4,21.8,22.1,0.243708252850981,-1.67999948825477,2.6060908490885,0,0,0,0
662,662,"ALT600B02",32.45,61.6,"ブナ","DB",0,0,0,62.4,64.4,66.7,66.8,0.358620027195884,0.630967154698521,0.731788948645839,0,0,0,0
2278,2278,"ALT600B02",34.95,68.15,"アカガシ","EB",NA,0,0,NA,6.1,7.2,7.8,NA,NA,4.91669925032561,1.76991920503238,1.76991920503238,0,0
2594,2594,"ALT600B02",34.8,61.6,"アカガシ","EB",NA,0,0,NA,5.4,6,6.7,NA,NA,4.31417145653383,0,0,0,0
664,664,"ALT600B03",38,53.8,"イヌガシ","EB",0,0,0,11.1,13.3,14.2,15.2,1.65447536596812,3.6163785381884,2.67062785249045,0,0,0,0
665,665,"ALT600B03",38.35,56.15,"イヌガシ","EB",0,0,0,11.5,13.5,14.1,14.9,1.36323251359057,3.20685300150359,1.97343055014059,0,0,0,0
668,668,"ALT600B03",35,58.25,"ウラジロガシ","EB",0,0,0,10.5,11,11.7,12.7,1.00119334895299,0.930400312697858,2.8741344133235,7.02902756746526,0,5.88988497826278,0
669,669,"ALT600B03",34.9,58.85,"ブナ","DB",0,0,0,37.6,41.2,44,45.5,1.00372776611082,1.82868411919264,1.98548139202848,1.29436290101248,1.29436290101248,0,0
670,670,"ALT600B03",34.85,59.6,"イヌガシ","EB",0,0,0,6.7,9.4,10.6,11.8,2.97890528986684,6.77204325758076,4.54779684391322,5.79504600156268,0,5.12985589632494,0
672,672,"ALT600B03",32.5,53.5,"イヌガシ","EB",0,0,0,8.5,11.4,12.9,14.1,2.66372965204133,5.87094383808358,4.25122883967345,0,0,0,0
673,673,"ALT600B03",33.4,52.7,"イヌガシ","EB",0,0,0,5.8,6.7,7.1,7.5,1.35286896310469,2.88499217689093,2.25590988290689,0,0,0,0
674,674,"ALT600B03",39.75,54.75,"イヌガシ","EB",0,0,0,15.4,18,19.4,20.6,1.53117666513659,3.12008496953162,2.69838635798742,0,0,0,0
2346,2346,"ALT600B03",36.7,52.35,"イヌガシ","EB",NA,0,0,NA,5.6,5.9,6.1,NA,NA,1.71044346876324,0,0,0,0
2694,2694,"ALT600B03",38.6,59.5,"イヌガシ","EB",NA,0,0,NA,6,NA,9,NA,NA,8.10930216216329,0,0,0,0
677,677,"ALT600B03",37.9,47.15,"ウラジロガシ","EB",0,0,0,5.8,6.6,7.2,7.9,1.62634127326633,2.58423462960012,3.59586220881192,0,0,0,0
681,681,"ALT600B03",30.5,49.25,"イヌガシ","EB",0,0,0,5.3,7.5,8.5,9,2.78693556199023,6.94392399968377,3.64643113587909,0,0,0,0
682,682,"ALT600B03",30.7,45.15,"イヌガシ","EB",0,0,0,7.5,9.1,10.3,11.5,2.24970534119442,3.86742785961079,4.681452436928,0,0,0,0
683,683,"ALT600B03",31.7,45.75,"オオモミジ","DB",0,0,0,19.9,11.4,21.8,22.6,0.669632497619967,-11.1421275265999,13.6867310175558,0,0,0,0
2170,2170,"ALT600B03",33.25,41.75,"イヌガシ","EB",0,0,0,9.4,11,11.2,11.6,1.106817941244,3.14371167044825,1.06219650627897,0.308423169310316,0.308423169310316,0,0
2595,2595,"ALT600B03",37.1,47.95,"イヌガシ","EB",NA,0,0,NA,5.8,6.4,7.3,NA,NA,4.60032861203944,0,0,0,0
2820,680,"ALT600B03",34.3,46.45,"イヌガシ","EB",NA,NA,0,NA,NA,6.5,7.4,NA,NA,NA,0,0,0,0
2821,2821,"ALT600B03",35.6,41.55,"イヌガシ","EB",NA,NA,0,NA,NA,5.1,5.4,NA,NA,NA,0,0,0,0
685,685,"ALT600B04",39.5,36.2,"イヌガシ","EB",0,0,0,12.1,13.5,13.9,14.2,0.842297431602734,2.18968465683377,1.01104558325662,0,0,0,0
686,685,"ALT600B04",39.5,36.2,"イヌガシ","EB",0,0,0,8.6,8.9,NA,9.2,0.354954109450171,0.685781469572643,0.663044146338007,0,0,0,0
687,688,"ALT600B04",35.7,36.05,"イヌガシ","EB",0,0,0,8.7,10.2,11.1,11.4,1.42258068284164,3.18129389259375,2.22451270220449,0,0,0,0
688,688,"ALT600B04",35.7,36.05,"イヌガシ","EB",0,0,0,15.4,17,18.1,18.7,1.02187376021557,1.97691669273265,1.90620359608649,0,0,0,0
690,690,"ALT600B04",33.5,30.4,"イヌガシ","EB",0,0,0,11.8,13.1,13.8,14,0.899777884966524,2.09025397470973,1.32890198816306,0,0,0,0
691,691,"ALT600B04",34.8,30.7,"イヌガシ","EB",0,0,0,7.7,9.9,10.9,11.2,1.97207078653374,5.02628856561812,2.46758042321009,0,0,0,0
2234,2234,"ALT600B04",34.3,39.65,"イヌガシ","EB",NA,0,0,NA,6.7,7.6,8.4,NA,NA,4.52248358904695,0,0,0,0
692,692,"ALT600B04",37.1,21.65,"イヌガシ","EB",0,0,0,27.1,27.2,27.7,28.2,0.209411842412698,0.0736649083259274,0.722100092842327,0,0,0,0
693,693,"ALT600B04",38.6,23.85,"イヌガシ","EB",0,0,0,20.1,22.1,23,23.4,0.800085301571713,1.89715586917354,1.14316827679897,0,0,0,0
694,693,"ALT600B04",38.6,23.85,"イヌガシ","EB",0,0,0,5.7,6.1,6.2,6.2,0.442542722160744,1.35645192677522,0.325210417435607,0,0,0,0
695,693,"ALT600B04",38.6,23.85,"イヌガシ","EB",0,0,0,5.5,5.5,5.5,5.5,0,0,0,0,0,0,0
697,697,"ALT600B04",39.55,28.4,"イヌガシ","EB",0,0,0,7.2,8.5,9.2,9.6,1.51411617079885,3.31970274948522,2.4339386995504,0,0,0,0
698,698,"ALT600B04",36.15,26.2,"イヌシデ","DB",0,0,0,51.8,53.4,54.2,54.2,0.238372416737701,0.608411934014234,0.297403249589028,0,0,0,0
699,699,"ALT600B04",36.15,26.2,"アカガシ","EB",0,0,0,14.4,16.1,17.3,17.5,1.02617197025007,2.23182130816925,1.66763217878102,0,0,0,0
701,701,"ALT600B04",31.65,28.4,"イヌガシ","EB",0,0,0,5.6,6.7,7.3,7.8,1.74398492607601,3.58681857311634,3.04032414597251,0,0,0,0
702,702,"ALT600B04",30.85,26.95,"イヌガシ","EB",0,0,0,6.6,8.8,10.2,8.3,1.20624139879038,5.75364144903562,-1.16992413363217,0,0,0,0
703,703,"ALT600B04",32.35,27.05,"ケヤキ","DB",0,0,0,37.6,38.8,40,41.1,0.468442479507053,0.628323924667578,1.15175749745922,0,0,0,0
704,704,"ALT600B04",32,22.9,"ケヤキ","DB",0,0,0,51.4,52.6,53,53.4,0.20090828160542,0.461558945650898,0.301892524449698,0.997672009073179,0.997672009073179,0,0
705,706,"ALT600B04",32.7,22.65,"イヌガシ","EB",0,0,0,9.2,9.5,11.7,9.8,0.332520534850167,0.641766291030013,0.621811741400624,11.4217094817333,0,7.33076065293938,0
706,706,"ALT600B04",32.7,22.65,"イヌガシ","EB",0,0,0,14,14.7,15,15.1,0.398091653713789,0.975803283388641,0.536945000723761,6.94055770229305,0,4.75771221184145,0
707,706,"ALT600B04",32.7,22.65,"イヌガシ","EB",0,0,0,12.2,13.4,14.5,14.7,0.981113379186736,1.8763751043531,1.8518557365565,7.1660244584913,0,4.88717376862625,0
708,710,"ALT600B04",36.2,21.15,"アカガシ","EB",0,0,0,8.3,8.3,NA,8.5,0.125319203651149,0,0.476212973874368,0,0,0,0
709,710,"ALT600B04",36.2,21.15,"アカガシ","EB",0,0,0,9.5,9.5,NA,9.5,0,0,0,0,0,0,0
710,710,"ALT600B04",36.2,21.15,"イヌガシ","EB",0,0,0,11.8,12.5,12.8,13.1,0.55006683544993,1.15258225673272,0.937671717977009,0,0,0,0
711,711,"ALT600B04",35.9,24.35,"ヤブニッケイ","EB",0,0,0,15,16.1,16.7,17.3,0.750822633692227,1.41538141776415,1.43774459026632,0,0,0,0
712,712,"ALT600B05",39.2,10.75,"イヌガシ","EB",0,0,0,30.5,33.5,33.9,34,0.571757057909449,1.8763751043531,0.296301715702814,0,0,0,0
713,713,"ALT600B05",39.1,11.85,"アカガシ","EB",0,0,0,20.8,28.4,31,33.1,2.44515945092497,6.22872316919776,3.06288274431714,0,0,0,0
714,714,"ALT600B05",37.15,13,"アカガシ","EB",0,0,0,40.2,47.4,50.6,54.1,1.56298521172348,3.29510466152111,2.6442391430281,0,0,0,0
715,715,"ALT600B05",38.1,18.6,"ウラジロガシ","EB",0,0,0,6,6.9,7.3,7.8,1.3808645498289,2.79523884750318,2.45204644184665,0,0,0,0
716,716,"ALT600B05",35.55,17.55,"アカガシ","EB",0,0,0,22.7,26.1,27.8,29.2,1.32528307782568,2.79140779682582,2.24466789891177,0,0,0,0
717,718,"ALT600B05",31.2,19.75,"イヌガシ","EB",0,0,0,7.7,7.8,7.8,7.9,0.13496016112283,0.258068096718156,0.254780515548599,0,0,0,0
718,718,"ALT600B05",31.2,19.75,"イヌガシ","EB",0,0,0,31.2,34.4,36.4,36.9,0.883123453847604,1.95276939127832,1.40309973334257,0,0,0,0
719,719,"ALT600B05",31.7,14.5,"イヌガシ","EB",0,0,0,5.3,5.9,6.2,6.2,0.825486692068262,2.14491060707196,0.99193882278744,5.36898766867378,0,5.36898766867378,0
720,720,"ALT600B05",31.45,13.55,"オオモミジ","DB",0,0,0,32,32.3,32.6,32.7,0.11389039528148,0.186626548577684,0.24615695349194,0.193010208627987,0.193010208627987,0,0
723,723,"ALT600B05",34.3,13.25,"アカガシ","EB",0,0,0,7,7.6,7.8,7.8,0.569545182317015,1.64476196473944,0.519509728065215,0,0,0,0
724,724,"ALT600B05",35.45,12.15,"アカガシ","EB",0,0,0,31.4,37.1,40.8,42.5,1.59313780534823,3.33618153398364,2.71774212633963,0,0,0,0
725,724,"ALT600B05",35.45,12.15,"アカガシ","EB",0,0,0,22.5,26.5,NA,29.7,1.46121966630673,3.27258847563604,2.28004625632955,0,0,0,0
726,726,"ALT600B05",36.35,14,"ヒメシャラ","DB",0,0,0,19.5,19.4,19.4,19.4,-0.0270599973706251,-0.102827990008375,0,0,0,0,0
727,727,"ALT600B05",38,0.5,"イヌツゲ","EB",0,0,0,13.9,14.3,14.3,14.4,0.185996665501626,0.567413942584311,0.139373386321864,0,0,0,0
729,732,"ALT600B05",39.95,3.5,"アブラチャン","DB",0,0,0,8.2,10.9,11.2,11.4,1.73410105858022,5.69257269929781,0.897011323307034,0,0,0,0
731,732,"ALT600B05",39.95,3.5,"アブラチャン","DB",0,0,0,6.1,8.6,8.9,9.1,2.10518759128178,6.86946864160393,1.13024420526685,0,0,0,0
741,741,"ALT600B05",32.5,5.8,"ヒメシャラ","DB",0,0,0,22.4,23.7,24.2,24.4,0.450116702306115,1.12828178560183,0.582161683161411,0,0,0,0
2280,732,"ALT600B05",39.95,3.5,"アブラチャン","DB",NA,0,0,NA,7.3,7.4,7.4,NA,NA,0.272113041115574,0,0,0,0
620,621,"ALT600C01",44.9,89.6,"アブラチャン","DB",0,0,0,5.4,6.1,6.7,6.3,0.811319367511885,2.43779635218074,0.64521724436443,0,0,0,0
601,603,"ALT600C02",44.95,69.65,"イヌガシ","EB",0,0,0,6.1,8.8,13.1,15.6,4.94201127934856,7.32925900609791,11.4503838554266,0,0,0,0
606,606,"ALT600C02",44.9,74.5,"イヌガシ","EB",0,0,0,5.4,10.2,13.7,14.6,5.23485565865296,12.7197753343999,7.17267616848131,0.20459945035772,0,0.20459945035772,0
611,609,"ALT600C02",42.65,79.25,"イヌガシ","EB",0,0,0,6.4,8.4,9.6,9.8,2.24254944900474,5.43867430967283,3.08301359654517,0,0,0,0
613,613,"ALT600C02",42.05,76.65,"オオモミジ","DB",0,0,0,10.5,12.5,15.4,16.7,2.44228138031175,3.48706774289555,5.79360150228908,0.24999588948158,0.24999588948158,0,0
2599,2599,"ALT600C02",45.35,73.3,"イヌガシ","EB",NA,0,0,NA,7.1,10.2,12.5,NA,NA,11.3126772052197,2.7552047004127,1.62983940024413,0,0
2600,2599,"ALT600C02",45.35,73.3,"イヌガシ","EB",NA,0,0,NA,5.4,7.3,8.4,NA,NA,8.83665504558079,5.28381183114861,3.60916108685014,0,0
2823,603,"ALT600C02",44.95,69.65,"イヌガシ","EB",NA,NA,0,NA,NA,5.5,5.6,NA,NA,NA,0,0,0,0
583,583,"ALT600C02",49.5,60.3,"オオモミジ","DB",0,0,0,10.4,11.4,12.1,12.8,1.09283876199076,1.83615098506246,2.31663631050243,0,0,0,0
584,584,"ALT600C02",47.1,60.9,"ヒメシャラ","DB",0,0,0,52.8,53.9,54.3,54.8,0.195678964430284,0.412385744054712,0.331194320780367,0.15220298098411,0.15220298098411,0,0
585,585,"ALT600C02",49.5,62.4,"ヒメシャラ","DB",0,0,0,41.1,42.6,43.4,44.4,0.406480778610475,0.716922635462718,0.827704323257086,0,0,0,0
586,586,"ALT600C02",48.4,62.9,"アカガシ","EB",0,0,0,7.6,8.9,10.3,10.3,1.59997709443845,3.15806058891618,2.92185236994992,0.286903853190995,0.286903853190995,0,0
588,588,"ALT600C02",49.45,67.2,"カゴノキ","EB",0,0,0,14.7,19.4,22,23.6,2.49157483287828,5.54851144569183,3.91947291924564,0.365640251952547,0.365640251952547,0,0
591,591,"ALT600C02",43.65,66.9,"アカガシ","EB",0,0,0,5.9,8.1,10.5,11.5,3.51260360240806,6.33823421533438,7.00965947381623,0,0,0,0
592,592,"ALT600C02",42.05,66.9,"ヒサカキ","EB",0,0,0,5.6,7.4,9.1,10,3.05167629080496,5.57426804938041,6.02210185567843,0,0,0,0
593,593,"ALT600C02",45.25,64.3,"イヌガシ","EB",0,0,0,26.1,27.7,28.8,29.3,0.608695798391441,1.1899419772929,1.12310205659458,0,0,0,0
595,595,"ALT600C02",41.5,63.1,"ヒサカキ","EB",0,0,0,6.3,7.1,8,8.2,1.38728695196169,2.39090301299565,2.88078740445875,1.05409255338945,1.05409255338945,0,0
596,596,"ALT600C02",43.8,62.5,"ヒメシャラ","DB",0,0,0,23.9,25.1,26.2,26.8,0.602754887259716,0.979787744005467,1.31068082758145,0,0,0,0
597,597,"ALT600C02",43.6,60.75,"ブナ","DB",0,0,0,19,19.4,20.4,21.2,0.576643171113296,0.416681738056837,1.77456231217369,0.264150943396226,0.264150943396226,0,0
2601,2601,"ALT600C02",42.75,60.15,"ヤブニッケイ","EB",NA,0,0,NA,5.3,6.3,7,NA,NA,5.56406656994475,0,0,0,0
2602,2602,"ALT600C02",40.4,67,"ヤブニッケイ","EB",NA,0,0,NA,5.9,6.5,6.5,NA,NA,1.93699651979835,0,0,0,0
2603,2603,"ALT600C02",43,69.5,"イヌガシ","EB",NA,0,0,NA,6.3,9.5,10.8,NA,NA,10.7799300146537,0,0,0,0
571,571,"ALT600C03",47.65,53.35,"アカガシ","EB",0,0,0,10.8,12.2,13.3,15.7,1.96902409591625,2.43779635218074,5.04449521230103,0,0,0,0
572,572,"ALT600C03",45.5,52.45,"イヌガシ","EB",0,0,0,5.4,6.2,6.5,7.5,1.72896877353703,2.76300676961634,3.80707456982438,0,0,0,0
573,573,"ALT600C03",44.3,53.55,"ヤブニッケイ","EB",0,0,0,12.4,14.8,16.2,18.7,2.16224763815553,3.53861416318157,4.67792686180943,0,0,0,0
575,575,"ALT600C03",47.65,57.65,"イヌガシ","EB",0,0,0,12.6,13.9,14.2,14.5,0.739220186679455,1.96384052358428,0.845196185797652,2.51034482758621,1.07586206896552,0,0
581,581,"ALT600C03",43.7,50.7,"アカガシ","EB",0,0,0,5.7,6.1,6.5,7.7,1.5829166001007,1.35645192677522,4.65863115360745,0,0,0,0
582,581,"ALT600C03",43.7,50.7,"アカガシ","EB",0,0,0,68.5,72.3,74,74.7,0.456033404582063,1.07980767793079,0.653119259481054,0,0,0,0
2306,2306,"ALT600C03",40.4,52.95,"イヌガシ","EB",NA,0,0,NA,5.8,6.5,7.5,NA,NA,5.14090205979782,0.501763108532438,0.501763108532438,0,0
2604,2604,"ALT600C03",41.75,51.35,"イヌガシ","EB",NA,0,0,NA,5.2,5.2,5.6,NA,NA,1.48215944307444,0,0,0,0
2822,2822,"ALT600C02",48.7,66.25,"イヌガシ","EB",NA,NA,0,NA,NA,7.6,7.9,NA,NA,NA,0,0,0,0
560,560,"ALT600C03",46.3,41.3,"アカガシ","EB",0,0,0,7.2,8.3,8.6,9,1.174439743759,2.84348977561085,1.61938125067334,0.628539361054712,0.628539361054712,0,0
561,561,"ALT600C03",46.85,43.8,"ブナ","DB",0,0,0,72.1,73.7,74.5,74.8,0.193493898365938,0.438975098087755,0.296301715702809,0,0,0,0
562,562,"ALT600C03",48.6,43.35,"イヌガシ","EB",0,0,0,7.5,9.6,10.4,10.9,1.96768299312018,4.93720155863052,2.53999381522615,1.16848403987962,1.16848403987962,0,0
563,563,"ALT600C03",49.15,49.55,"イヌガシ","EB",0,0,0,14.8,17.5,18.4,20.2,1.63713380861626,3.35147400318798,2.86963446955381,1.32026032956606,0,0.642560160397172,0
565,581,"ALT600C03",43.7,50.7,"アカガシ","EB",0,0,0,7.2,8.3,8.4,9,1.174439743759,2.84348977561085,1.61938125067334,0,0,0,0
566,566,"ALT600C03",40.5,48.35,"イヌガシ","EB",0,0,0,12.4,16,17.6,18.9,2.21823920765582,5.0978449925758,3.33146399651631,0.454912859338152,0.454912859338152,0,0
568,568,"ALT600C03",44.85,43.25,"イヌガシ","EB",0,0,0,5.9,7.7,8.7,9.6,2.5621618292743,5.32535955895929,4.41085539228305,0.422194457589146,0.422194457589146,0,0
569,569,"ALT600C03",44,40.55,"アカガシ","EB",0,0,0,56.4,59.7,61.7,63.4,0.615761594416669,1.13725723789086,1.20263682089247,0,0,0,0
2236,2236,"ALT600C03",44,47,"イヌガシ","EB",NA,0,0,NA,7,7.5,8.1,NA,NA,2.91907825246159,0,0,0,0
2282,2282,"ALT600C03",48.55,43.85,"シキミ","EB",NA,0,0,NA,5.5,5.7,6.4,NA,NA,3.03099796254402,3.38934542915277,3.38934542915277,0,0
2283,2236,"ALT600C03",44,47,"イヌガシ","EB",NA,0,0,NA,5.8,6,6.5,NA,NA,2.27888518698436,0,0,0,0
2347,2347,"ALT600C03",42.15,47.65,"イヌガシ","EB",NA,0,0,NA,5.9,6.5,7.4,NA,NA,4.53055298596901,0,0,0,0
553,553,"ALT600C04",47.65,33.55,"アカガシ","EB",0,0,0,22,22.6,22.8,23.3,0.30216266954389,0.538149058398488,0.610069085868292,0,0,0,0
554,554,"ALT600C04",48.3,38.25,"ヤブニッケイ","EB",0,0,0,12.2,15.4,16.5,18.8,2.27589956892996,4.65863115360745,3.9897872083264,0.840940365380818,0.568871423639965,0,0
555,555,"ALT600C04",42.05,37.55,"イヌガシ","EB",0,0,0,6.4,7.7,8,8.4,1.43123008149285,3.69844676988024,1.74022753979259,0,0,0,0
556,556,"ALT600C04",41.35,38.8,"イヌガシ","EB",0,0,0,7.1,8.7,9.6,10.3,1.95815321678063,4.06456483226536,3.37641739150104,0,0,0,0
558,558,"ALT600C04",41,30.65,"イヌシデ","DB",0,0,0,67.2,67.7,68.1,68.4,0.093155668944215,0.148258647782511,0.205732894205511,0.0620269106303988,0.0620269106303988,0,0
2303,2303,"ALT600C04",44.45,38.15,"イヌガシ","EB",NA,0,0,NA,5.8,6.5,7.1,NA,NA,4.04473732989792,0,0,0,0
2304,2304,"ALT600C04",42.95,31.85,"ウラジロガシ","EB",NA,0,0,NA,4.9,5,5.1,NA,NA,0.80010669227398,1.69814424853779,1.69814424853779,0,0
540,540,"ALT600C04",49.9,20.45,"イヌガシ","EB",0,0,0,15,15.2,15.2,15.3,0.10422435419042,0.26490453500041,0.131148010923185,0,0,0,0
541,541,"ALT600C04",46.9,23.65,"イヌガシ","EB",0,0,0,6.6,7.4,7.9,8.2,1.14244476440962,2.28820702355489,2.05308308120166,0,0,0,0
543,543,"ALT600C04",48.9,26.8,"アカガシ","EB",0,0,0,46.3,47.5,48.2,48.4,0.23346238226525,0.511754998968146,0.375402053639809,0.16971134028055,0.16971134028055,0,0
544,544,"ALT600C04",48.45,27.65,"イヌガシ","EB",0,0,0,5.4,6.6,7.3,7.9,2.00244108369867,4.01341390924302,3.59586220881192,6.37011692497364,6.37011692497364,0,0
546,546,"ALT600C04",44.2,26.55,"ウラジロガシ","EB",0,0,0,5.6,6.6,6.9,7.3,1.39530394954338,3.28606102582553,2.01609398243931,0,0,0,0
547,547,"ALT600C04",41.8,25.05,"アカガシ","EB",0,0,0,30.5,34.9,37.6,39.7,1.38749738989357,2.69520291190031,2.57728716969527,0,0,0,0
548,548,"ALT600C04",44.9,24.25,"イヌガシ","EB",0,0,0,8.5,9.1,9.7,10.2,0.959587141020814,1.36416500053067,2.28226613534842,0,0,0,0
549,549,"ALT600C04",43.65,23,"アカガシ","EB",0,0,0,37.8,42.5,44.9,47,1.1465184162343,2.34389946609658,2.01287051559375,0.0680851063829787,0.0680851063829787,0,0
551,552,"ALT600C04",43.5,21.25,"ヤブニッケイ","EB",0,0,0,23.3,23.7,23.8,23.8,0.111748526872495,0.34043375138861,0.0842106507268736,0,0,0,0
552,552,"ALT600C04",43.5,21.25,"ヤブニッケイ","EB",0,0,0,5.1,5.3,5.5,5.9,0.766904269375757,0.769325616555923,2.14491060707196,0,0,0,0
2284,2284,"ALT600C04",47.35,28.5,"アカガシ","EB",NA,0,0,NA,5.5,5.5,5.6,NA,NA,0.360370110053564,0,0,0,0
2605,2605,"ALT600C04",48.85,23.35,"ヤブニッケイ","EB",NA,0,0,NA,4.7,5,5.6,NA,NA,3.50408178050181,0,0,0,0
2825,2825,"ALT600C04",42.8,29.6,"イヌガシ","EB",NA,NA,0,NA,NA,5.1,5.5,NA,NA,NA,0,0,0,0
531,531,"ALT600C05",47.95,19.35,"アカガシ","EB",0,0,0,31.5,37.1,37.1,42.5,1.5764027899936,3.27258847563604,2.71774212633963,0,0,0,0
532,531,"ALT600C05",47.95,19.35,"アカガシ","EB",0,0,0,22.3,26.5,26.5,28.7,1.32794970683949,3.45116109052207,1.59504779546798,0,0,0,0
536,536,"ALT600C05",45,12.1,"ヒメシャラ","DB",0,0,0,15.4,15.8,15.8,15.7,0.101543173340415,0.512848612266753,-0.126984553573178,6.54851008369809,6.54851008369809,0,0
537,539,"ALT600C05",44.75,11.45,"イヌガシ","EB",0,0,0,27.1,29.7,30.7,31.4,0.775127184360802,1.83226635845997,1.11321694211108,2.55629688323131,0,0.717958158617738,0
538,539,"ALT600C05",44.75,11.45,"イヌガシ","EB",0,0,0,7.9,8.1,8.2,8.3,0.259961870155666,0.500026044108344,0.487829062483185,13.6671553086268,0,2.71613086513216,0
539,539,"ALT600C05",44.75,11.45,"イヌガシ","EB",0,0,0,29.5,30.9,31.7,31.9,0.411661823394867,0.927318411158511,0.636996517741983,2.49372300861584,0,0.706704895943479,0
2606,2606,"ALT600C05",48.35,16.2,"イヌガシ","EB",NA,0,0,NA,5.2,5.7,6.2,NA,NA,3.51781332927328,0,0,0,0
519,519,"ALT600C05",49.05,6.55,"アカガシ","EB",0,0,0,33.6,39.5,41.4,43,1.29828446697055,3.23549209875835,1.69798887572973,0,0,0,0
520,520,"ALT600C05",48.9,8.7,"イヌガシ","EB",0,0,0,6.6,6.7,6.6,6.7,0.0791467229712658,0.30075754729081,0,0,0,0,0
526,526,"ALT600C05",43.1,7.25,"イヌガヤ","EC",0,0,0,10.7,11.2,11.3,11.5,0.379491020533389,0.913400736663765,0.528665141363113,0,0,0,0
2285,527,"ALT600C05",44.35,6.2,"ムラサキシキブ","DB",NA,0,0,NA,5.2,5.2,5.2,NA,NA,0,0,0,0,0
2826,526,"ALT600C05",43.1,7.25,"イヌガヤ","EC",NA,NA,0,NA,NA,5.7,6.2,NA,NA,NA,0,0,0,0
466,466,"ALT600C03",50,49.05,"オオモミジ","DB",0,0,0,10.2,11.5,12.3,12.8,1.19503921387024,2.39918630157958,2.14196271112734,2.66977785393537,2.66977785393537,0,0
2854,2854,"ALT600A01",1.1,84.5,"イヌガシ","EB",NA,NA,0,NA,NA,NA,4.9,NA,NA,NA,2.43008772117537,2.43008772117537,0,0
2855,2855,"ALT600A02",8.15,75.3,"イヌガシ","EB",NA,NA,0,NA,NA,NA,5.4,NA,NA,NA,0,0,0,0
2856,2856,"ALT600A02",5.85,75.1,"イヌガシ","EB",NA,NA,0,NA,NA,NA,4.8,NA,NA,NA,0.542651963827786,0.542651963827786,0,0
2857,1018,"ALT600A02",8.8,69.45,"ヤブニッケイ","EB",NA,NA,0,NA,NA,NA,4.9,NA,NA,NA,0,0,0,0
2858,2858,"ALT600A02",6.85,62.05,"シキミ","EB",NA,NA,0,NA,NA,NA,6.2,NA,NA,NA,1.02383682184427,1.02383682184427,0,0
2859,2859,"ALT600A03",8.85,51.25,"イヌガシ","EB",NA,NA,0,NA,NA,NA,5.2,NA,NA,NA,0.486504255410519,0.486504255410519,0,0
2860,1014,"ALT600A03",5.9,51.15,"イヌガシ","EB",NA,NA,0,NA,NA,NA,5.2,NA,NA,NA,0,0,0,0
2862,2862,"ALT600A03",8.3,41.5,"イヌガシ","EB",NA,NA,0,NA,NA,NA,4.8,NA,NA,NA,3.30555266140062,3.30555266140062,0,0
2863,2863,"ALT600A03",6.45,41.3,"シロダモ","EB",NA,NA,0,NA,NA,NA,5.2,NA,NA,NA,1.1467889246234,0.5733944623117,0,0
2864,2864,"ALT600A03",1.05,46.6,"イヌガシ","EB",NA,NA,0,NA,NA,NA,6.2,NA,NA,NA,0,0,0,0
2865,2865,"ALT600A04",3.25,32.5,"イヌガシ","EB",NA,NA,0,NA,NA,NA,4.9,NA,NA,NA,6.92689392227355,0,6.92689392227355,0
2866,978,"ALT600A04",9.3,26.55,"ヤブニッケイ","EB",NA,NA,0,NA,NA,NA,5.2,NA,NA,NA,0,0,0,0
2867,2867,"ALT600A05",7.35,19.8,"シロダモ","EB",NA,NA,0,NA,NA,NA,5.1,NA,NA,NA,0,0,0,0
2868,2868,"ALT600A05",8.75,16.95,"イヌガシ","EB",NA,NA,0,NA,NA,NA,5.7,NA,NA,NA,0,0,0,0
2869,2869,"ALT600A05",8.1,5.2,"ヤブニッケイ","EB",NA,NA,0,NA,NA,NA,6.1,NA,NA,NA,0,0,0,0
2870,2870,"ALT600A05",6.65,0.85,"イヌガシ","EB",NA,NA,0,NA,NA,NA,5,NA,NA,NA,16.1645748902799,16.1645748902799,0,0
2871,2871,"ALT600A02",11.2,78.6,"イヌガシ","EB",NA,NA,0,NA,NA,NA,6.2,NA,NA,NA,5.73505960778034,5.73505960778034,0,0
2872,2872,"ALT600A02",13.2,67.95,"ヤブニッケイ","EB",NA,NA,0,NA,NA,NA,5.2,NA,NA,NA,0,0,0,0
2873,2873,"ALT600A02",13.85,66.6,"イヌガシ","EB",NA,NA,0,NA,NA,NA,4.8,NA,NA,NA,0,0,0,0
2874,925,"ALT600A04",18.45,37.25,"イヌガシ","EB",NA,NA,0,NA,NA,NA,5.1,NA,NA,NA,4.74631990654046,3.93843566712932,0,0
2875,929,"ALT600A04",11.45,30,"イヌガシ","EB",NA,NA,0,NA,NA,NA,4.9,NA,NA,NA,2.99319727891156,2.34013605442177,0,0
2876,2876,"ALT600A05",10.4,16.45,"イヌガシ","EB",NA,NA,0,NA,NA,NA,5.2,NA,NA,NA,0,0,0,0
2877,2877,"ALT600A05",13.8,7.7,"イヌガシ","EB",NA,NA,0,NA,NA,NA,4.9,NA,NA,NA,0,0,0,0
2878,2878,"ALT600A05",12,5.6,"イヌガシ","EB",NA,NA,0,NA,NA,NA,5.5,NA,NA,NA,0,0,0,0
2879,2879,"ALT600B02",24.05,67.55,"シキミ","EB",NA,NA,0,NA,NA,NA,5.2,NA,NA,NA,0,0,0,0
2880,2880,"ALT600B03",29.4,54.75,"イヌガシ","EB",NA,NA,0,NA,NA,NA,5,NA,NA,NA,0,0,0,0
2881,2881,"ALT600B03",28.05,40.7,"イヌガシ","EB",NA,NA,0,NA,NA,NA,5,NA,NA,NA,0,0,0,0
2882,2882,"ALT600B03",27.5,42.35,"イヌガシ","EB",NA,NA,0,NA,NA,NA,6.3,NA,NA,NA,0,0,0,0
2883,2883,"ALT600B03",24.55,44.25,"イヌガシ","EB",NA,NA,0,NA,NA,NA,5.7,NA,NA,NA,2.52945886752586,1.78130906163793,0,0
2884,2884,"ALT600B03",24.1,44.05,"イヌガシ","EB",NA,NA,0,NA,NA,NA,5,NA,NA,NA,3.93507530930855,3.93507530930855,0,0
2885,2885,"ALT600B03",23.8,45.1,"イヌガシ","EB",NA,NA,0,NA,NA,NA,5,NA,NA,NA,0,0,0,0
2886,2886,"ALT600B03",21.35,43.6,"イヌガシ","EB",NA,NA,0,NA,NA,NA,5.7,NA,NA,NA,0,0,0,0
2887,2887,"ALT600B04",22.8,23.65,"イヌガシ","EB",NA,NA,0,NA,NA,NA,4.9,NA,NA,NA,0,0,0,0
2888,2888,"ALT600B04",21.8,22.35,"シキミ","EB",NA,NA,0,NA,NA,NA,4.9,NA,NA,NA,9.99319575059921,9.99319575059921,0,0
2889,2889,"ALT600B02",36.05,74.1,"イヌガシ","EB",NA,NA,0,NA,NA,NA,6.2,NA,NA,NA,0,0,0,0
2890,2890,"ALT600B02",36.9,61.2,"ヤブニッケイ","EB",NA,NA,0,NA,NA,NA,5.1,NA,NA,NA,9.30328931621087,0,9.30328931621087,0
2891,2891,"ALT600B03",32.2,58.4,"イヌガシ","EB",NA,NA,0,NA,NA,NA,5.4,NA,NA,NA,0,0,0,0
2892,2892,"ALT600B03",39.85,44.75,"イヌガシ","EB",NA,NA,0,NA,NA,NA,5.2,NA,NA,NA,0,0,0,0
2893,2893,"ALT600B04",33.25,39.85,"イヌガシ","EB",NA,NA,0,NA,NA,NA,4.9,NA,NA,NA,0.688703255291518,0.688703255291518,0,0
2894,2894,"ALT600B04",31.8,24.65,"イヌガシ","EB",NA,NA,0,NA,NA,NA,4.9,NA,NA,NA,0,0,0,0
2895,712,"ALT600B05",39.2,10.75,"イヌガシ","EB",NA,NA,0,NA,NA,NA,5.3,NA,NA,NA,0,0,0,0
2896,712,"ALT600B05",39.2,10.75,"イヌガシ","EB",NA,NA,0,NA,NA,NA,5.4,NA,NA,NA,0,0,0,0
2897,2601,"ALT600C02",42.75,60.15,"ヤブニッケイ","EB",NA,NA,0,NA,NA,NA,5.8,NA,NA,NA,0,0,0,0
2898,563,"ALT600C03",49.15,49.55,"イヌガシ","EB",NA,NA,0,NA,NA,NA,4.8,NA,NA,NA,8.80947469903896,4.26741939857523,0,0
2899,563,"ALT600C03",49.15,49.55,"イヌガシ","EB",NA,NA,0,NA,NA,NA,5,NA,NA,NA,8.41653410095233,4.09672262263222,0,0
2900,2900,"ALT600C04",48.6,30.3,"イヌガシ","EB",NA,NA,0,NA,NA,NA,5.2,NA,NA,NA,0,0,0,0
2954,2954,"ALT600A01",3.35,87.25,"イヌガシ","EB",NA,NA,0,NA,NA,NA,2.1,NA,NA,NA,0,0,0,0
2955,2795,"ALT600A01",4.45,86.8,"アカガシ","EB",NA,NA,0,NA,NA,NA,2.9,NA,NA,NA,0,0,0,0
2956,1049,"ALT600A01",6.45,85.4,"イヌガシ","EB",NA,NA,0,NA,NA,NA,3,NA,NA,NA,0,0,0,0
2957,1049,"ALT600A01",6.45,85.4,"イヌガシ","EB",NA,NA,0,NA,NA,NA,2.5,NA,NA,NA,0,0,0,0
2958,2958,"ALT600A01",5.15,83.55,"イヌガシ","EB",NA,NA,0,NA,NA,NA,3.1,NA,NA,NA,0,0,0,0
2959,2959,"ALT600A01",8.4,84.3,"イヌガシ","EB",NA,NA,0,NA,NA,NA,2.4,NA,NA,NA,0,0,0,0
2960,2960,"ALT600A01",2.65,81.4,"イヌガシ","EB",NA,NA,0,NA,NA,NA,4.3,NA,NA,NA,0,0,0,0
2961,2961,"ALT600A01",4,84.6,"イヌガシ","EB",NA,NA,0,NA,NA,NA,3.1,NA,NA,NA,0,0,0,0
2962,2962,"ALT600A02",3.6,79,"イヌガシ","EB",NA,NA,0,NA,NA,NA,3.2,NA,NA,NA,25.0562177964312,25.0562177964312,0,0
2963,2963,"ALT600A02",3.8,79.75,"イヌガシ","EB",NA,NA,0,NA,NA,NA,2.6,NA,NA,NA,19.030831957939,19.030831957939,0,0
2964,2964,"ALT600A02",7.05,79.25,"シキミ","EB",NA,NA,0,NA,NA,NA,4.3,NA,NA,NA,0,0,0,0
2965,2965,"ALT600A02",3.85,76.8,"イヌガシ","EB",NA,NA,0,NA,NA,NA,2.5,NA,NA,NA,3.15130738821742,0,0,3.15130738821742
2966,2966,"ALT600A02",5.2,76.65,"イヌガシ","EB",NA,NA,0,NA,NA,NA,2.1,NA,NA,NA,0,0,0,0
2967,2967,"ALT600A02",5.15,75.5,"イヌガシ","EB",NA,NA,0,NA,NA,NA,2.1,NA,NA,NA,2.83507964775333,2.83507964775333,0,0
2968,2968,"ALT600A02",6.3,77.1,"イヌガシ","EB",NA,NA,0,NA,NA,NA,4,NA,NA,NA,0,0,0,0
2970,2970,"ALT600A02",7,74.4,"イヌガシ","EB",NA,NA,0,NA,NA,NA,4.5,NA,NA,NA,0,0,0,0
2971,2971,"ALT600A02",5.7,70.35,"イヌガシ","EB",NA,NA,0,NA,NA,NA,4.5,NA,NA,NA,3.50392220818424,3.50392220818424,0,0
2972,2972,"ALT600A02",5.6,72.55,"イヌガシ","EB",NA,NA,0,NA,NA,NA,4,NA,NA,NA,0,0,0,0
2973,2973,"ALT600A02",4.5,72.65,"イヌガシ","EB",NA,NA,0,NA,NA,NA,3.9,NA,NA,NA,13.5346630793868,0,13.5346630793868,0
2974,2974,"ALT600A02",3.3,72.7,"イヌガシ","EB",NA,NA,0,NA,NA,NA,4.2,NA,NA,NA,17.1218919419984,0,17.1218919419984,0
2975,2975,"ALT600A02",2.55,71.55,"イヌガシ","EB",NA,NA,0,NA,NA,NA,4.4,NA,NA,NA,3.05659847738623,3.05659847738623,0,0
2976,2976,"ALT600A02",1.1,71.5,"イヌガシ","EB",NA,NA,0,NA,NA,NA,3.7,NA,NA,NA,3.94843243251355,3.94843243251355,0,0
2977,2977,"ALT600A02",0.85,70.8,"イヌガシ","EB",NA,NA,0,NA,NA,NA,3,NA,NA,NA,1.65925955852423,1.65925955852423,0,0
2978,2978,"ALT600A02",0.15,71.9,"イヌガシ","EB",NA,NA,0,NA,NA,NA,3.5,NA,NA,NA,0,0,0,0
2979,2979,"ALT600A02",2.1,72.15,"イヌガシ","EB",NA,NA,0,NA,NA,NA,2.2,NA,NA,NA,17.9696969696969,17.9696969696969,0,0
2980,2980,"ALT600A02",3.45,73.9,"イヌガシ","EB",NA,NA,0,NA,NA,NA,3.1,NA,NA,NA,3.45161290322582,3.45161290322582,0,0
2981,2981,"ALT600A02",2,75.35,"イヌガシ","EB",NA,NA,0,NA,NA,NA,2.9,NA,NA,NA,0,0,0,0
2982,2982,"ALT600A02",0.85,78,"イヌガシ","EB",NA,NA,0,NA,NA,NA,3.1,NA,NA,NA,3.19338546342312,3.19338546342312,0,0
2983,2983,"ALT600A02",0.8,69.6,"イヌガシ","EB",NA,NA,0,NA,NA,NA,2.3,NA,NA,NA,1.04347826086957,1.04347826086957,0,0
2984,2984,"ALT600A02",0,69,"イヌガシ","EB",NA,NA,0,NA,NA,NA,2.4,NA,NA,NA,2.71528815458015,2.71528815458015,0,0
2985,2985,"ALT600A02",0.5,68.6,"イヌガシ","EB",NA,NA,0,NA,NA,NA,2.7,NA,NA,NA,1.3882112167876,1.3882112167876,0,0
2986,2986,"ALT600A02",1.3,67.8,"イヌガシ","EB",NA,NA,0,NA,NA,NA,3.9,NA,NA,NA,0,0,0,0
2987,2987,"ALT600A02",1.65,66.4,"イヌガシ","EB",NA,NA,0,NA,NA,NA,3.2,NA,NA,NA,19.2039194245748,0,19.2039194245748,0
2988,2988,"ALT600A02",2.95,68.3,"イヌガシ","EB",NA,NA,0,NA,NA,NA,4.5,NA,NA,NA,0,0,0,0
2989,2989,"ALT600A02",3.45,69.6,"イヌガシ","EB",NA,NA,0,NA,NA,NA,3.6,NA,NA,NA,5.57242337249955,5.57242337249955,0,0
2990,2990,"ALT600A02",7.85,65.4,"ヤブニッケイ","EB",NA,NA,0,NA,NA,NA,3.9,NA,NA,NA,0,0,0,0
2991,2797,"ALT600A02",7.75,64.15,"イヌガシ","EB",NA,NA,0,NA,NA,NA,2.2,NA,NA,NA,0,0,0,0
2992,2992,"ALT600A02",6.45,63.65,"イヌガシ","EB",NA,NA,0,NA,NA,NA,2.8,NA,NA,NA,0,0,0,0
2993,2993,"ALT600A02",7.5,61.3,"イヌガシ","EB",NA,NA,0,NA,NA,NA,3.6,NA,NA,NA,2.49097512475162,1.7352860419618,0,0
2994,2993,"ALT600A02",7.5,61.3,"イヌガシ","EB",NA,NA,0,NA,NA,NA,2.7,NA,NA,NA,3.65716198090875,2.31371472261574,0,0
2995,1023,"ALT600A02",5.25,61.55,"イヌガシ","EB",NA,NA,0,NA,NA,NA,4.5,NA,NA,NA,0,0,0,0
2996,1023,"ALT600A02",5.25,61.55,"イヌガシ","EB",NA,NA,0,NA,NA,NA,3.3,NA,NA,NA,0,0,0,0
2997,1022,"ALT600A02",5.35,63.45,"イヌガシ","EB",NA,NA,0,NA,NA,NA,2.2,NA,NA,NA,0,0,0,0
2998,2998,"ALT600A02",4.15,61.2,"イヌガシ","EB",NA,NA,0,NA,NA,NA,2.8,NA,NA,NA,0,0,0,0
2999,2999,"ALT600A02",3,63,"ヤブニッケイ","EB",NA,NA,0,NA,NA,NA,4.7,NA,NA,NA,0,0,0,0
3000,2999,"ALT600A02",3,63,"ヤブニッケイ","EB",NA,NA,0,NA,NA,NA,3.6,NA,NA,NA,0,0,0,0
3001,3001,"ALT600A03",2.95,59.7,"イヌガシ","EB",NA,NA,0,NA,NA,NA,4,NA,NA,NA,0,0,0,0
3002,3001,"ALT600A03",2.95,59.7,"イヌガシ","EB",NA,NA,0,NA,NA,NA,3.6,NA,NA,NA,0,0,0,0
3003,3001,"ALT600A03",2.95,59.7,"イヌガシ","EB",NA,NA,0,NA,NA,NA,2.7,NA,NA,NA,0,0,0,0
3004,3001,"ALT600A03",2.95,59.7,"イヌガシ","EB",NA,NA,0,NA,NA,NA,2.3,NA,NA,NA,0,0,0,0
3005,2798,"ALT600A03",4.1,57.65,"イヌガシ","EB",NA,NA,0,NA,NA,NA,2.9,NA,NA,NA,0,0,0,0
3006,2798,"ALT600A03",4.1,57.65,"イヌガシ","EB",NA,NA,0,NA,NA,NA,2.4,NA,NA,NA,0,0,0,0
3007,3007,"ALT600A03",7.2,56.85,"イヌガシ","EB",NA,NA,0,NA,NA,NA,2.3,NA,NA,NA,1.03005240524921,1.03005240524921,0,0
3008,3008,"ALT600A03",6.7,59.95,"イヌガシ","EB",NA,NA,0,NA,NA,NA,3.2,NA,NA,NA,2.61647032675758,1.22813913296784,0,0
3009,3008,"ALT600A03",6.7,59.95,"イヌガシ","EB",NA,NA,0,NA,NA,NA,2.3,NA,NA,NA,4.30893427370192,2.37734304755968,0,0
3010,3010,"ALT600A03",7.25,59.75,"イヌガシ","EB",NA,NA,0,NA,NA,NA,2.6,NA,NA,NA,3.61459009034014,3.61459009034014,0,0
3011,3011,"ALT600A03",8.15,57.05,"イヌガシ","EB",NA,NA,0,NA,NA,NA,2.3,NA,NA,NA,1.03005240524921,1.03005240524921,0,0
3012,3012,"ALT600A03",10,57.1,"イヌガシ","EB",NA,NA,0,NA,NA,NA,2.1,NA,NA,NA,0,0,0,0
3013,3012,"ALT600A03",10,57.1,"イヌガシ","EB",NA,NA,0,NA,NA,NA,2.1,NA,NA,NA,0,0,0,0
3014,3014,"ALT600A03",8.35,55.45,"イヌガシ","EB",NA,NA,0,NA,NA,NA,4.7,NA,NA,NA,0,0,0,0
3015,3015,"ALT600A03",8.85,53.2,"イヌガシ","EB",NA,NA,0,NA,NA,NA,3,NA,NA,NA,11.7936865164113,11.7936865164113,0,0
3016,1011,"ALT600A03",8.3,53.75,"イヌガシ","EB",NA,NA,0,NA,NA,NA,2.7,NA,NA,NA,13.1396425906168,10.4353269652377,0,0
3017,1011,"ALT600A03",8.3,53.75,"イヌガシ","EB",NA,NA,0,NA,NA,NA,2.1,NA,NA,NA,17.2611543859549,13.4168489553056,0,0
3018,3018,"ALT600A03",9.5,50.8,"イヌガシ","EB",NA,NA,0,NA,NA,NA,2,NA,NA,NA,3.28876876657511,3.28876876657511,0,0
3019,3019,"ALT600A03",3,52.75,"ヤブニッケイ","EB",NA,NA,0,NA,NA,NA,3.3,NA,NA,NA,0,0,0,0
3020,3020,"ALT600A03",0.85,56.8,"シキミ","EB",NA,NA,0,NA,NA,NA,2.8,NA,NA,NA,0,0,0,0
3021,3021,"ALT600A03",6.6,48,"ヤブニッケイ","EB",NA,NA,0,NA,NA,NA,2,NA,NA,NA,1.61161325922111,1.61161325922111,0,0
3022,3022,"ALT600A03",7.05,47.15,"シロダモ","EB",NA,NA,0,NA,NA,NA,3.1,NA,NA,NA,0.670806767625852,0.670806767625852,0,0
3023,3023,"ALT600A03",9.7,49.05,"アカガシ","EB",NA,NA,0,NA,NA,NA,2.7,NA,NA,NA,0,0,0,0
3024,3024,"ALT600A03",9.5,47.4,"イヌガシ","EB",NA,NA,0,NA,NA,NA,3.5,NA,NA,NA,0,0,0,0
3025,3025,"ALT600A03",7.35,44.65,"イヌガシ","EB",NA,NA,0,NA,NA,NA,2.8,NA,NA,NA,3.19219414175199,3.19219414175199,0,0
3026,3026,"ALT600A03",9.6,44.5,"イヌガシ","EB",NA,NA,0,NA,NA,NA,4.3,NA,NA,NA,0,0,0,0
3027,3027,"ALT600A03",8.95,42.15,"イヌガシ","EB",NA,NA,0,NA,NA,NA,3.6,NA,NA,NA,8.56834529624631,8.56834529624631,0,0
3028,3028,"ALT600A03",7.9,43.55,"イヌガシ","EB",NA,NA,0,NA,NA,NA,3.1,NA,NA,NA,0,0,0,0
3029,3029,"ALT600A03",6.55,42.2,"ヒサカキ","EB",NA,NA,0,NA,NA,NA,2.7,NA,NA,NA,3.23114465181956,3.23114465181956,0,0
3030,2863,"ALT600A03",6.45,41.3,"シロダモ","EB",NA,NA,0,NA,NA,NA,2.7,NA,NA,NA,3.23114465181956,2.12682939107111,0,0
3031,3031,"ALT600A03",2.6,44.9,"ヤブニッケイ","EB",NA,NA,0,NA,NA,NA,2.8,NA,NA,NA,0,0,0,0
3032,3032,"ALT600A03",1.55,45,"イヌガシ","EB",NA,NA,0,NA,NA,NA,2.1,NA,NA,NA,22.9157498738665,22.9157498738665,0,0
3033,3033,"ALT600A03",1.7,49.35,"シロダモ","EB",NA,NA,0,NA,NA,NA,2.7,NA,NA,NA,0,0,0,0
3034,3034,"ALT600A03",5.25,46.75,"アオキ","EB",NA,NA,0,NA,NA,NA,2.1,NA,NA,NA,16.9377176495753,16.9377176495753,0,0
3035,3035,"ALT600A03",5.4,46.85,"アカガシ","EB",NA,NA,0,NA,NA,NA,3.6,NA,NA,NA,8.10770712312026,8.10770712312026,0,0
3036,1000,"ALT600A04",3.3,39.8,"イヌガシ","EB",NA,NA,0,NA,NA,NA,2.7,NA,NA,NA,0,0,0,0
3037,990,"ALT600A04",10,32.4,"アカガシ","EB",NA,NA,0,NA,NA,NA,3.4,NA,NA,NA,0,0,0,0
3038,3038,"ALT600A04",6,30.2,"イヌガシ","EB",NA,NA,0,NA,NA,NA,2.3,NA,NA,NA,0,0,0,0
3039,991,"ALT600A04",3.4,32.95,"ムラサキシキブ","DB",NA,NA,0,NA,NA,NA,2.8,NA,NA,NA,13.7032031940629,0,4.66812416501044,0
3040,3040,"ALT600A04",5.7,34.2,"イヌガシ","EB",NA,NA,0,NA,NA,NA,4.2,NA,NA,NA,2.21352738206059,0.918822686893076,0,0
3041,3040,"ALT600A04",5.7,34.2,"イヌガシ","EB",NA,NA,0,NA,NA,NA,2.2,NA,NA,NA,5.82047594631027,3.34876698280865,0,0
3042,3042,"ALT600A04",5.15,34.05,"シロダモ","EB",NA,NA,0,NA,NA,NA,3.1,NA,NA,NA,5.45557457157362,5.45557457157362,0,0
3043,994,"ALT600A04",3.85,36.35,"ヒサカキ","EB",NA,NA,0,NA,NA,NA,2.4,NA,NA,NA,0,0,0,0
3044,3044,"ALT600A04",1.05,35.3,"イヌガシ","EB",NA,NA,0,NA,NA,NA,4.3,NA,NA,NA,0,0,0,0
3045,2270,"ALT600A04",3.2,29.65,"イヌガシ","EB",NA,NA,0,NA,NA,NA,3.9,NA,NA,NA,5.22927298371069,4.40548340408503,0,0
3046,3046,"ALT600A04",3.85,29.95,"イヌガシ","EB",NA,NA,0,NA,NA,NA,2.3,NA,NA,NA,9.83875720997145,9.83875720997145,0,0
3047,3047,"ALT600A04",6.65,27.8,"イヌガシ","EB",NA,NA,0,NA,NA,NA,2.9,NA,NA,NA,0,0,0,0
3048,3048,"ALT600A04",7.4,26.4,"シロダモ","EB",NA,NA,0,NA,NA,NA,2,NA,NA,NA,0,0,0,0
3049,978,"ALT600A04",9.3,26.55,"ヤブニッケイ","EB",NA,NA,0,NA,NA,NA,4,NA,NA,NA,0,0,0,0
3050,978,"ALT600A04",9.3,26.55,"ヤブニッケイ","EB",NA,NA,0,NA,NA,NA,3.5,NA,NA,NA,0,0,0,0
3051,978,"ALT600A04",9.3,26.55,"ヤブニッケイ","EB",NA,NA,0,NA,NA,NA,3.4,NA,NA,NA,0,0,0,0
3052,3052,"ALT600A04",8.35,21.25,"アブラチャン","DB",NA,NA,0,NA,NA,NA,3.8,NA,NA,NA,0,0,0,0
3053,3052,"ALT600A04",8.35,21.25,"アブラチャン","DB",NA,NA,0,NA,NA,NA,2.9,NA,NA,NA,0,0,0,0
3054,3052,"ALT600A04",8.35,21.25,"アブラチャン","DB",NA,NA,0,NA,NA,NA,2.9,NA,NA,NA,0,0,0,0
3055,3055,"ALT600A04",6.35,20.4,"アオキ","EB",NA,NA,0,NA,NA,NA,4.4,NA,NA,NA,0,0,0,0
3056,3056,"ALT600A04",4.4,23.1,"アブラチャン","DB",NA,NA,0,NA,NA,NA,2.5,NA,NA,NA,0,0,0,0
3057,3057,"ALT600A04",3.15,22.95,"イヌガシ","EB",NA,NA,0,NA,NA,NA,2.5,NA,NA,NA,0,0,0,0
3058,3058,"ALT600A05",2.7,17.95,"シロダモ","EB",NA,NA,0,NA,NA,NA,3.6,NA,NA,NA,0,0,0,0
3060,3060,"ALT600A05",4.6,17.3,"アブラチャン","DB",NA,NA,0,NA,NA,NA,4.7,NA,NA,NA,0,0,0,0
3063,3063,"ALT600A05",4.75,6.7,"アブラチャン","DB",NA,NA,0,NA,NA,NA,3.7,NA,NA,NA,0,0,0,0
3064,3064,"ALT600A05",6.3,9.95,"イヌガシ","EB",NA,NA,0,NA,NA,NA,2,NA,NA,NA,0,0,0,0
3065,3065,"ALT600A05",9,6.7,"イヌガシ","EB",NA,NA,0,NA,NA,NA,3,NA,NA,NA,0,0,0,0
3066,3066,"ALT600A05",3.75,2.7,"イヌガシ","EB",NA,NA,0,NA,NA,NA,3.7,NA,NA,NA,0,0,0,0
3067,968,"ALT600A05",2.3,2.4,"アオハダ","DB",NA,NA,0,NA,NA,NA,3,NA,NA,NA,0,0,0,0
3068,968,"ALT600A05",2.3,2.4,"アオハダ","DB",NA,NA,0,NA,NA,NA,2.8,NA,NA,NA,0,0,0,0
3069,871,"ALT600A01",16.55,87.55,"イヌガシ","EB",NA,NA,0,NA,NA,NA,4.3,NA,NA,NA,0,0,0,0
3070,3070,"ALT600A01",19.55,82.75,"アカガシ","EB",NA,NA,0,NA,NA,NA,3.7,NA,NA,NA,0,0,0,0
3071,3071,"ALT600A01",16.95,80.35,"イヌガシ","EB",NA,NA,0,NA,NA,NA,4.4,NA,NA,NA,0,0,0,0
3072,3072,"ALT600A02",10.55,79.85,"シロダモ","EB",NA,NA,0,NA,NA,NA,2,NA,NA,NA,0,0,0,0
3073,3073,"ALT600A02",13.85,78.85,"イヌガシ","EB",NA,NA,0,NA,NA,NA,3.5,NA,NA,NA,3.37684642698867,3.37684642698867,0,0
3074,3074,"ALT600A02",14.5,78.6,"イヌガシ","EB",NA,NA,0,NA,NA,NA,2.3,NA,NA,NA,2.18509004796703,2.18509004796703,0,0
3075,3075,"ALT600A02",15.5,77.7,"イヌガシ","EB",NA,NA,0,NA,NA,NA,3.7,NA,NA,NA,0,0,0,0
3076,3076,"ALT600A02",15.75,78.9,"イヌガシ","EB",NA,NA,0,NA,NA,NA,2.9,NA,NA,NA,0,0,0,0
3077,3077,"ALT600A02",10.65,75.15,"イヌガシ","EB",NA,NA,0,NA,NA,NA,3.1,NA,NA,NA,0,0,0,0
3078,3078,"ALT600A02",12.75,74.75,"イヌガシ","EB",NA,NA,0,NA,NA,NA,3.2,NA,NA,NA,0,0,0,0
3079,3079,"ALT600A02",13.2,76.1,"イヌガシ","EB",NA,NA,0,NA,NA,NA,3.3,NA,NA,NA,0,0,0,0
3080,879,"ALT600A02",10.5,77.9,"イヌガシ","EB",NA,NA,0,NA,NA,NA,4.3,NA,NA,NA,24.5199192234053,10.797084702483,8.69201026707724,0
3081,879,"ALT600A02",10.5,77.9,"イヌガシ","EB",NA,NA,0,NA,NA,NA,4.3,NA,NA,NA,24.5199192234053,10.797084702483,8.69201026707724,0
3082,879,"ALT600A02",10.5,77.9,"イヌガシ","EB",NA,NA,0,NA,NA,NA,2.7,NA,NA,NA,40.2013953408097,17.1953571187693,13.842831166086,0
3083,3083,"ALT600A02",12.5,66.9,"イヌガシ","EB",NA,NA,0,NA,NA,NA,2,NA,NA,NA,0,0,0,0
3084,896,"ALT600A02",10.3,66.3,"イヌガシ","EB",NA,NA,0,NA,NA,NA,4,NA,NA,NA,0,0,0,0
3085,3085,"ALT600A03",11.3,57.35,"イヌガシ","EB",NA,NA,0,NA,NA,NA,2.5,NA,NA,NA,0,0,0,0
3086,3086,"ALT600A03",12.8,56.65,"イヌガシ","EB",NA,NA,0,NA,NA,NA,4.2,NA,NA,NA,1.44366443474008,1.44366443474008,0,0
3087,3087,"ALT600A03",13.2,56.75,"イヌガシ","EB",NA,NA,0,NA,NA,NA,2.5,NA,NA,NA,4.0745985006104,4.0745985006104,0,0
3088,3088,"ALT600A03",12.95,57.9,"イヌガシ","EB",NA,NA,0,NA,NA,NA,3,NA,NA,NA,0,0,0,0
3089,3089,"ALT600A03",13,59.35,"イヌガシ","EB",NA,NA,0,NA,NA,NA,2.5,NA,NA,NA,0,0,0,0
3090,3090,"ALT600A03",19.4,59.45,"イヌガシ","EB",NA,NA,0,NA,NA,NA,3.8,NA,NA,NA,0,0,0,0
3091,3091,"ALT600A03",16.1,54.8,"イヌガシ","EB",NA,NA,0,NA,NA,NA,2.7,NA,NA,NA,0,0,0,0
3092,3091,"ALT600A03",16.1,54.8,"イヌガシ","EB",NA,NA,0,NA,NA,NA,2.1,NA,NA,NA,0,0,0,0
3093,3093,"ALT600A03",15.7,51.75,"イヌガシ","EB",NA,NA,0,NA,NA,NA,3.2,NA,NA,NA,2.93775269875357,2.93775269875357,0,0
3094,3094,"ALT600A03",16.75,51.6,"イヌガシ","EB",NA,NA,0,NA,NA,NA,3.6,NA,NA,NA,1.18457052598923,1.18457052598923,0,0
3095,3095,"ALT600A03",16.55,52.05,"イヌガシ","EB",NA,NA,0,NA,NA,NA,2.1,NA,NA,NA,6.49241648853797,6.49241648853797,0,0
3096,3096,"ALT600A03",15.65,52.1,"イヌガシ","EB",NA,NA,0,NA,NA,NA,2.5,NA,NA,NA,4.55228304933349,4.55228304933349,0,0
3097,3097,"ALT600A03",12.7,53.2,"イヌガシ","EB",NA,NA,0,NA,NA,NA,2.2,NA,NA,NA,0,0,0,0
3098,3098,"ALT600A03",12.2,50.8,"ヤブニッケイ","EB",NA,NA,0,NA,NA,NA,4.5,NA,NA,NA,0,0,0,0
3099,3098,"ALT600A03",12.2,50.8,"ヤブニッケイ","EB",NA,NA,0,NA,NA,NA,2.5,NA,NA,NA,0,0,0,0
3100,3100,"ALT600A03",12.85,54.95,"アカガシ","EB",NA,NA,0,NA,NA,NA,3.3,NA,NA,NA,3.11815609350016,3.11815609350016,0,0
3101,3101,"ALT600A03",12.7,55.2,"イヌガシ","EB",NA,NA,0,NA,NA,NA,3,NA,NA,NA,3.77296887313519,3.77296887313519,0,0
3102,3102,"ALT600A03",13.6,55.8,"イヌガシ","EB",NA,NA,0,NA,NA,NA,2.8,NA,NA,NA,3.64107351870424,3.64107351870424,0,0
3103,3103,"ALT600A03",10,55.2,"イヌガシ","EB",NA,NA,0,NA,NA,NA,2.9,NA,NA,NA,0,0,0,0
3104,3104,"ALT600A03",13.5,47.2,"イヌガシ","EB",NA,NA,0,NA,NA,NA,4.2,NA,NA,NA,3.9142616025085,2.3485569615051,0,0
3105,3104,"ALT600A03",13.5,47.2,"イヌガシ","EB",NA,NA,0,NA,NA,NA,3,NA,NA,NA,6.79515814195476,4.60317164455,0,0
3106,3106,"ALT600A03",13.8,47.25,"イヌガシ","EB",NA,NA,0,NA,NA,NA,2,NA,NA,NA,14.9107209380042,14.9107209380042,0,0
3107,3107,"ALT600A03",14.9,50,"アカガシ","EB",NA,NA,0,NA,NA,NA,3,NA,NA,NA,8.73273876522235,8.73273876522235,0,0
3108,3108,"ALT600A03",15.65,49.7,"イヌガシ","EB",NA,NA,0,NA,NA,NA,3.3,NA,NA,NA,9.44730716495721,9.44730716495721,0,0
3109,3109,"ALT600A03",19.7,41.75,"イヌガシ","EB",NA,NA,0,NA,NA,NA,2.7,NA,NA,NA,7.87838597158332,7.87838597158332,0,0
3110,3110,"ALT600A03",19.2,40.35,"イヌガシ","EB",NA,NA,0,NA,NA,NA,2.4,NA,NA,NA,3.34434455803763,3.34434455803763,0,0
3111,3111,"ALT600A03",14.7,43.85,"イヌガシ","EB",NA,NA,0,NA,NA,NA,4.1,NA,NA,NA,1.74192957741991,1.74192957741991,0,0
3112,3112,"ALT600A03",14.75,43.25,"イヌガシ","EB",NA,NA,0,NA,NA,NA,4.3,NA,NA,NA,1.58365798790853,1.58365798790853,0,0
3113,3113,"ALT600A03",12.8,40.3,"ヤブニッケイ","EB",NA,NA,0,NA,NA,NA,2.7,NA,NA,NA,11.9413829654783,11.9413829654783,0,0
3114,3114,"ALT600A03",11.45,41.15,"シロダモ","EB",NA,NA,0,NA,NA,NA,2.8,NA,NA,NA,0,0,0,0
3115,3115,"ALT600A03",11.3,42.3,"イヌガシ","EB",NA,NA,0,NA,NA,NA,3.1,NA,NA,NA,5.91081211230141,5.91081211230141,0,0
3116,3116,"ALT600A03",12.75,44.3,"シロダモ","EB",NA,NA,0,NA,NA,NA,4,NA,NA,NA,1.24735013245727,1.24735013245727,0,0
3117,3117,"ALT600A03",13.35,45,"ヤブニッケイ","EB",NA,NA,0,NA,NA,NA,2.5,NA,NA,NA,14.0570936666489,12.2348778209722,0,0
3118,3117,"ALT600A03",13.35,45,"ヤブニッケイ","EB",NA,NA,0,NA,NA,NA,2.1,NA,NA,NA,17.1478361894747,14.5653307392526,0,0
3119,3119,"ALT600A04",13.55,37.35,"イヌガシ","EB",NA,NA,0,NA,NA,NA,3.6,NA,NA,NA,0,0,0,0
3120,3120,"ALT600A04",13.6,35.5,"イヌガシ","EB",NA,NA,0,NA,NA,NA,2.5,NA,NA,NA,2.44068086339101,2.44068086339101,0,0
3121,3121,"ALT600A04",14.2,35.9,"イヌガシ","EB",NA,NA,0,NA,NA,NA,4.4,NA,NA,NA,0.787926415092656,0.787926415092656,0,0
3122,3122,"ALT600A04",17.15,38.1,"イヌガシ","EB",NA,NA,0,NA,NA,NA,2,NA,NA,NA,0,0,0,0
3123,3123,"ALT600A04",18.65,38.2,"イヌガシ","EB",NA,NA,0,NA,NA,NA,4,NA,NA,NA,10.6193783301107,10.6193783301107,0,0
3124,3124,"ALT600A04",18.35,39.4,"イヌガシ","EB",NA,NA,0,NA,NA,NA,4.6,NA,NA,NA,5.23462626475457,5.23462626475457,0,0
3125,3125,"ALT600A04",19.1,38.45,"イヌガシ","EB",NA,NA,0,NA,NA,NA,2.1,NA,NA,NA,9.06006367074543,9.06006367074543,0,0
3126,2582,"ALT600A04",17.8,35.85,"イヌガシ","EB",NA,NA,0,NA,NA,NA,4.1,NA,NA,NA,0,0,0,0
3127,3127,"ALT600A04",16.35,35.5,"ヤブニッケイ","EB",NA,NA,0,NA,NA,NA,4.1,NA,NA,NA,0,0,0,0
3128,3127,"ALT600A04",16.35,35.5,"ヤブニッケイ","EB",NA,NA,0,NA,NA,NA,3.1,NA,NA,NA,0,0,0,0
3129,3127,"ALT600A04",16.35,35.5,"ヤブニッケイ","EB",NA,NA,0,NA,NA,NA,2.1,NA,NA,NA,0,0,0,0
3130,3130,"ALT600A04",18.25,34.7,"イヌガシ","EB",NA,NA,0,NA,NA,NA,3,NA,NA,NA,0,0,0,0
3131,923,"ALT600A04",19.45,32.25,"イヌガシ","EB",NA,NA,0,NA,NA,NA,2.1,NA,NA,NA,0,0,0,0
3132,3132,"ALT600A04",16.6,32.15,"イヌガシ","EB",NA,NA,0,NA,NA,NA,2.1,NA,NA,NA,9.84126984126978,9.84126984126978,0,0
3133,3133,"ALT600A04",12.05,29.55,"シロダモ","EB",NA,NA,0,NA,NA,NA,2.4,NA,NA,NA,7.49999999999999,7.49999999999999,0,0
3134,939,"ALT600A04",14.5,27.85,"イヌガシ","EB",NA,NA,0,NA,NA,NA,2.1,NA,NA,NA,0,0,0,0
3135,3135,"ALT600A04",18.75,27.95,"ヤブニッケイ","EB",NA,NA,0,NA,NA,NA,4.5,NA,NA,NA,0,0,0,0
3136,3135,"ALT600A04",18.75,27.95,"ヤブニッケイ","EB",NA,NA,0,NA,NA,NA,3.1,NA,NA,NA,0,0,0,0
3137,3137,"ALT600A04",19.1,20.4,"シキミ","EB",NA,NA,0,NA,NA,NA,3.1,NA,NA,NA,14.3148437735543,0,14.3148437735543,0
3138,932,"ALT600A04",16.65,21.8,"ヤブニッケイ","EB",NA,NA,0,NA,NA,NA,3,NA,NA,NA,18.2189232145113,4.90119455677948,0,0
3139,932,"ALT600A04",16.65,21.8,"ヤブニッケイ","EB",NA,NA,0,NA,NA,NA,3.1,NA,NA,NA,17.5985050381359,4.74309150656079,0,0
3140,942,"ALT600A04",12.55,22.55,"ヒイラギ","EB",NA,NA,0,NA,NA,NA,4.5,NA,NA,NA,0,0,0,0
3141,942,"ALT600A04",12.55,22.55,"ヒイラギ","EB",NA,NA,0,NA,NA,NA,3.1,NA,NA,NA,0,0,0,0
3142,942,"ALT600A04",12.55,22.55,"ヒイラギ","EB",NA,NA,0,NA,NA,NA,2.5,NA,NA,NA,0,0,0,0
3143,3143,"ALT600A04",13.8,25.35,"アカガシ","EB",NA,NA,0,NA,NA,NA,2.5,NA,NA,NA,0,0,0,0
3144,3144,"ALT600A05",13.45,19.9,"イヌガシ","EB",NA,NA,0,NA,NA,NA,3,NA,NA,NA,0,0,0,0
3145,3145,"ALT600A05",17.75,16.5,"イヌガシ","EB",NA,NA,0,NA,NA,NA,4.3,NA,NA,NA,4.26539777418059,4.26539777418059,0,0
3146,946,"ALT600A05",17.5,15.1,"ヒイラギ","EB",NA,NA,0,NA,NA,NA,3,NA,NA,NA,0,0,0,0
3147,946,"ALT600A05",17.5,15.1,"ヒイラギ","EB",NA,NA,0,NA,NA,NA,2.3,NA,NA,NA,0,0,0,0
3148,944,"ALT600A05",16.75,13,"アブラチャン","DB",NA,NA,0,NA,NA,NA,2.5,NA,NA,NA,0,0,0,0
3149,944,"ALT600A05",16.75,13,"アブラチャン","DB",NA,NA,0,NA,NA,NA,2.1,NA,NA,NA,0,0,0,0
3150,944,"ALT600A05",16.75,13,"アブラチャン","DB",NA,NA,0,NA,NA,NA,2.3,NA,NA,NA,0,0,0,0
3151,956,"ALT600A05",11.6,12.6,"アブラチャン","DB",NA,NA,0,NA,NA,NA,3.9,NA,NA,NA,18.146551663556,0,18.146551663556,0
3152,3152,"ALT600A05",14.85,6.9,"イヌガシ","EB",NA,NA,0,NA,NA,NA,3.4,NA,NA,NA,1.34715226829844,1.34715226829844,0,0
3153,3153,"ALT600A05",15.5,6.35,"シロダモ","EB",NA,NA,0,NA,NA,NA,3.9,NA,NA,NA,1.02387115197435,1.02387115197435,0,0
3154,3154,"ALT600A05",17.3,7.15,"イヌガシ","EB",NA,NA,0,NA,NA,NA,3.4,NA,NA,NA,0,0,0,0
3155,2878,"ALT600A05",12,5.6,"イヌガシ","EB",NA,NA,0,NA,NA,NA,2.9,NA,NA,NA,0,0,0,0
3156,3156,"ALT600B02",21.1,79.45,"イヌガシ","EB",NA,NA,0,NA,NA,NA,3.7,NA,NA,NA,0.99044036205642,0.99044036205642,0,0
3157,3157,"ALT600B02",21.9,79.1,"イヌガシ","EB",NA,NA,0,NA,NA,NA,3.2,NA,NA,NA,1.32413364810082,1.32413364810082,0,0
3158,3158,"ALT600B02",25.4,77.5,"ブナ","DB",NA,NA,0,NA,NA,NA,4.3,NA,NA,NA,5.41800191661856,0,5.41800191661856,0
3159,3159,"ALT600B02",25.55,77.6,"アブラチャン","DB",NA,NA,0,NA,NA,NA,4.2,NA,NA,NA,5.67907343754406,0,5.67907343754406,0
3160,3160,"ALT600B02",28.15,76.6,"アブラチャン","DB",NA,NA,0,NA,NA,NA,3.4,NA,NA,NA,0,0,0,0
3161,3160,"ALT600B02",28.15,76.6,"イヌガシ","EB",NA,NA,0,NA,NA,NA,2.7,NA,NA,NA,0,0,0,0
3162,2593,"ALT600B02",29.75,72.85,"アブラチャン","DB",NA,NA,0,NA,NA,NA,3.8,NA,NA,NA,0,0,0,0
3163,2593,"ALT600B02",29.75,72.85,"アブラチャン","DB",NA,NA,0,NA,NA,NA,3,NA,NA,NA,0,0,0,0
3164,2593,"ALT600B02",29.75,72.85,"アブラチャン","DB",NA,NA,0,NA,NA,NA,2.4,NA,NA,NA,0,0,0,0
3165,2593,"ALT600B02",29.75,72.85,"アブラチャン","DB",NA,NA,0,NA,NA,NA,2.3,NA,NA,NA,0,0,0,0
3166,3166,"ALT600B02",25.3,72.6,"イヌガシ","EB",NA,NA,0,NA,NA,NA,3.3,NA,NA,NA,2.87878787878784,2.87878787878784,0,0
3167,3167,"ALT600B02",24.55,70.05,"イヌガシ","EB",NA,NA,0,NA,NA,NA,3.1,NA,NA,NA,0,0,0,0
3168,3168,"ALT600B02",23.45,72.15,"イヌガシ","EB",NA,NA,0,NA,NA,NA,2.8,NA,NA,NA,7.64364968975775,7.64364968975775,0,0
3169,3169,"ALT600B02",23.4,73.1,"イヌガシ","EB",NA,NA,0,NA,NA,NA,2.1,NA,NA,NA,5.87328920839156,5.87328920839156,0,0
3170,3170,"ALT600B02",22.4,72.65,"イヌガシ","EB",NA,NA,0,NA,NA,NA,4.2,NA,NA,NA,2.64463846863069,2.64463846863069,0,0
3171,3171,"ALT600B02",21.95,70.5,"イヌガシ","EB",NA,NA,0,NA,NA,NA,4.1,NA,NA,NA,0,0,0,0
3172,3172,"ALT600B02",20.6,71.45,"イヌガシ","EB",NA,NA,0,NA,NA,NA,3.2,NA,NA,NA,0,0,0,0
3173,3173,"ALT600B02",20.55,75.1,"イヌガシ","EB",NA,NA,0,NA,NA,NA,2.8,NA,NA,NA,0,0,0,0
3174,3174,"ALT600B02",23.9,63.35,"イヌガシ","EB",NA,NA,0,NA,NA,NA,3.9,NA,NA,NA,20.0545455558353,20.0545455558353,0,0
3175,3175,"ALT600B02",21.9,61.75,"イヌガシ","EB",NA,NA,0,NA,NA,NA,4,NA,NA,NA,0,0,0,0
3176,3176,"ALT600B02",21.35,60.45,"イヌガシ","EB",NA,NA,0,NA,NA,NA,2.2,NA,NA,NA,0,0,0,0
3177,3177,"ALT600B03",24.55,56.4,"ヤブニッケイ","EB",NA,NA,0,NA,NA,NA,2.5,NA,NA,NA,0,0,0,0
3178,3178,"ALT600B03",25.65,56.1,"イヌガシ","EB",NA,NA,0,NA,NA,NA,2.7,NA,NA,NA,0,0,0,0
3179,3179,"ALT600B03",24.7,55.15,"ヤブニッケイ","EB",NA,NA,0,NA,NA,NA,2.6,NA,NA,NA,0,0,0,0
3180,825,"ALT600B03",27.55,58.6,"イヌガシ","EB",NA,NA,0,NA,NA,NA,3.7,NA,NA,NA,0,0,0,0
3181,825,"ALT600B03",27.55,58.6,"イヌガシ","EB",NA,NA,0,NA,NA,NA,3.3,NA,NA,NA,0,0,0,0
3182,825,"ALT600B03",27.55,58.6,"イヌガシ","EB",NA,NA,0,NA,NA,NA,2.7,NA,NA,NA,0,0,0,0
3183,3183,"ALT600B03",28.9,56.4,"イヌガシ","EB",NA,NA,0,NA,NA,NA,2.6,NA,NA,NA,0,0,0,0
3184,3184,"ALT600B03",28.35,52.75,"イヌガシ","EB",NA,NA,0,NA,NA,NA,2.4,NA,NA,NA,0,0,0,0
3185,3185,"ALT600B03",29.1,50.4,"イヌガシ","EB",NA,NA,0,NA,NA,NA,2.4,NA,NA,NA,0,0,0,0
3186,3186,"ALT600B03",25,50.35,"イヌガシ","EB",NA,NA,0,NA,NA,NA,3.2,NA,NA,NA,0,0,0,0
3187,3187,"ALT600B03",20,52.3,"イヌガシ","EB",NA,NA,0,NA,NA,NA,2.3,NA,NA,NA,11.4943642598039,11.4943642598039,0,0
3188,3188,"ALT600B03",22.5,47.45,"イヌガシ","EB",NA,NA,0,NA,NA,NA,2.6,NA,NA,NA,0,0,0,0
3189,3189,"ALT600B03",24.8,48.55,"イヌガシ","EB",NA,NA,0,NA,NA,NA,2,NA,NA,NA,7.10416995638699,7.10416995638699,0,0
3191,3191,"ALT600B03",27.15,47.95,"イヌガシ","EB",NA,NA,0,NA,NA,NA,3.6,NA,NA,NA,3.44020103064914,3.44020103064914,0,0
3192,3192,"ALT600B03",29.05,48.1,"イヌガシ","EB",NA,NA,0,NA,NA,NA,2.5,NA,NA,NA,4.52,4.52,0,0
3193,810,"ALT600B03",26.9,43.2,"イヌガシ","EB",NA,NA,0,NA,NA,NA,4.1,NA,NA,NA,0,0,0,0
3194,2883,"ALT600B03",24.55,44.25,"イヌガシ","EB",NA,NA,0,NA,NA,NA,2.1,NA,NA,NA,10.3468609208854,5.51187918215393,0,0
3195,3195,"ALT600B03",23.2,43.9,"イヌガシ","EB",NA,NA,0,NA,NA,NA,3.5,NA,NA,NA,1.5657046410034,1.5657046410034,0,0
3196,3196,"ALT600B03",20.4,45.3,"イヌガシ","EB",NA,NA,0,NA,NA,NA,2.4,NA,NA,NA,0,0,0,0
3197,3197,"ALT600B04",20.35,38.1,"イヌガシ","EB",NA,NA,0,NA,NA,NA,3.9,NA,NA,NA,2.93876235277327,2.93876235277327,0,0
3198,3198,"ALT600B04",23.25,34,"シロダモ","EB",NA,NA,0,NA,NA,NA,2.7,NA,NA,NA,3.8124184626736,3.8124184626736,0,0
3199,3199,"ALT600B04",28,36.85,"イヌガシ","EB",NA,NA,0,NA,NA,NA,3.7,NA,NA,NA,0,0,0,0
3200,3199,"ALT600B04",28,36.85,"イヌガシ","EB",NA,NA,0,NA,NA,NA,2.8,NA,NA,NA,0,0,0,0
3201,3199,"ALT600B04",28,36.85,"イヌガシ","EB",NA,NA,0,NA,NA,NA,2.5,NA,NA,NA,0,0,0,0
3202,3202,"ALT600B04",22.4,33.1,"イヌガシ","EB",NA,NA,0,NA,NA,NA,2.7,NA,NA,NA,0,0,0,0
3203,3202,"ALT600B04",22.4,33.1,"イヌガシ","EB",NA,NA,0,NA,NA,NA,2.2,NA,NA,NA,0,0,0,0
3204,3204,"ALT600B04",21.5,31.1,"イヌガシ","EB",NA,NA,0,NA,NA,NA,2.9,NA,NA,NA,0,0,0,0
3205,798,"ALT600B04",20.5,33.25,"イヌガシ","EB",NA,NA,0,NA,NA,NA,2.4,NA,NA,NA,0,0,0,0
3206,3206,"ALT600B04",20.9,30.1,"イヌガシ","EB",NA,NA,0,NA,NA,NA,2.6,NA,NA,NA,0,0,0,0
3207,3207,"ALT600B04",22.1,28.95,"イヌガシ","EB",NA,NA,0,NA,NA,NA,3.2,NA,NA,NA,0,0,0,0
3208,3208,"ALT600B04",23.75,27.4,"シロダモ","EB",NA,NA,0,NA,NA,NA,3.3,NA,NA,NA,0,0,0,0
3209,3209,"ALT600B04",28.3,26.8,"ヤブニッケイ","EB",NA,NA,0,NA,NA,NA,3.8,NA,NA,NA,1.430989399922,1.430989399922,0,0
3210,3210,"ALT600B04",28.75,27.15,"イヌガシ","EB",NA,NA,0,NA,NA,NA,3.1,NA,NA,NA,2.15020675701079,2.15020675701079,0,0
3211,791,"ALT600B04",27.45,24.7,"イヌガシ","EB",NA,NA,0,NA,NA,NA,4.2,NA,NA,NA,0,0,0,0
3212,3212,"ALT600B04",21.45,24.95,"イヌガシ","EB",NA,NA,0,NA,NA,NA,3.9,NA,NA,NA,6.06841147427339,6.06841147427339,0,0
3213,773,"ALT600B05",20.7,19.75,"ヒイラギ","EB",NA,NA,0,NA,NA,NA,2.7,NA,NA,NA,0,0,0,0
3214,3214,"ALT600B05",23.5,19.35,"イヌガシ","EB",NA,NA,0,NA,NA,NA,3.3,NA,NA,NA,0,0,0,0
3215,3215,"ALT600B05",28.15,11,"アカガシ","EB",NA,NA,0,NA,NA,NA,4.4,NA,NA,NA,0,0,0,0
3216,3216,"ALT600B05",25.45,12.9,"イヌガシ","EB",NA,NA,0,NA,NA,NA,3.3,NA,NA,NA,0,0,0,0
3217,779,"ALT600B05",21.8,10,"アブラチャン","DB",NA,NA,0,NA,NA,NA,3.9,NA,NA,NA,17.6366216235714,0,2.74979584453532,0
3218,779,"ALT600B05",21.8,10,"アブラチャン","DB",NA,NA,0,NA,NA,NA,2.2,NA,NA,NA,32.6936933835779,0,4.87463808803989,0
3219,3219,"ALT600B05",21.5,9.55,"イヌガシ","EB",NA,NA,0,NA,NA,NA,2.9,NA,NA,NA,24.3558017193147,0,24.3558017193147,0
3220,3220,"ALT600B05",23.15,7.7,"イヌガシ","EB",NA,NA,0,NA,NA,NA,2.4,NA,NA,NA,0,0,0,0
3222,3222,"ALT600B02",32.05,75.55,"イヌガシ","EB",NA,NA,0,NA,NA,NA,2.7,NA,NA,NA,0,0,0,0
3223,3223,"ALT600B02",38.75,75.3,"イヌガシ","EB",NA,NA,0,NA,NA,NA,2.2,NA,NA,NA,0,0,0,0
3224,3224,"ALT600B02",35.1,73.35,"アオハダ","DB",NA,NA,0,NA,NA,NA,4,NA,NA,NA,0,0,0,0
3225,3225,"ALT600B02",37.3,71.65,"イヌガシ","EB",NA,NA,0,NA,NA,NA,3.3,NA,NA,NA,5.28962808609983,5.28962808609983,0,0
3226,3226,"ALT600B02",38.1,72.75,"イヌガシ","EB",NA,NA,0,NA,NA,NA,2.3,NA,NA,NA,0,0,0,0
3227,2231,"ALT600B02",37.55,70.9,"ヤブニッケイ","EB",NA,NA,0,NA,NA,NA,2.3,NA,NA,NA,8.13942771660731,6.32455532033676,0,0
3228,3228,"ALT600B02",30.75,71.6,"アブラチャン","DB",NA,NA,0,NA,NA,NA,3.5,NA,NA,NA,8.35200254529039,5.31491071063934,0,0
3229,3228,"ALT600B02",30.75,71.6,"アブラチャン","DB",NA,NA,0,NA,NA,NA,3.3,NA,NA,NA,8.95884570543373,5.63702651128415,0,0
3230,3228,"ALT600B02",30.75,71.6,"アブラチャン","DB",NA,NA,0,NA,NA,NA,3.1,NA,NA,NA,9.64399120882138,6.00070564104441,0,0
3231,3231,"ALT600B02",34.3,74.9,"シロダモ","EB",NA,NA,0,NA,NA,NA,3.6,NA,NA,NA,0,0,0,0
3232,658,"ALT600B02",32.6,66.6,"イヌガシ","EB",NA,NA,0,NA,NA,NA,3.3,NA,NA,NA,0,0,0,0
3233,3233,"ALT600B02",39.25,68.2,"イヌガシ","EB",NA,NA,0,NA,NA,NA,4.4,NA,NA,NA,0,0,0,0
3234,3233,"ALT600B02",39.25,68.2,"イヌガシ","EB",NA,NA,0,NA,NA,NA,3.6,NA,NA,NA,0,0,0,0
3235,3233,"ALT600B02",39.25,68.2,"イヌガシ","EB",NA,NA,0,NA,NA,NA,3,NA,NA,NA,0,0,0,0
3236,3233,"ALT600B02",39.25,68.2,"イヌガシ","EB",NA,NA,0,NA,NA,NA,2.5,NA,NA,NA,0,0,0,0
3237,3237,"ALT600B02",37.95,65.55,"アカガシ","EB",NA,NA,0,NA,NA,NA,3.8,NA,NA,NA,0,0,0,0
3238,3237,"ALT600B02",37.95,65.55,"アカガシ","EB",NA,NA,0,NA,NA,NA,3.3,NA,NA,NA,0,0,0,0
3239,652,"ALT600B02",38,63.7,"イヌガシ","EB",NA,NA,0,NA,NA,NA,2.4,NA,NA,NA,0,0,0,0
3240,3240,"ALT600B02",31.3,62.1,"イヌガシ","EB",NA,NA,0,NA,NA,NA,3.3,NA,NA,NA,0,0,0,0
3241,3241,"ALT600B02",36.7,60.05,"ヤブニッケイ","EB",NA,NA,0,NA,NA,NA,3.3,NA,NA,NA,0,0,0,0
3242,3241,"ALT600B02",36.7,60.05,"ヤブニッケイ","EB",NA,NA,0,NA,NA,NA,2.2,NA,NA,NA,0,0,0,0
3243,2891,"ALT600B03",32.2,58.4,"イヌガシ","EB",NA,NA,0,NA,NA,NA,3.2,NA,NA,NA,0,0,0,0
3244,670,"ALT600B03",34.85,59.6,"イヌガシ","EB",NA,NA,0,NA,NA,NA,3.2,NA,NA,NA,24.9446289464152,0,18.9163436176982,0
3245,670,"ALT600B03",34.85,59.6,"イヌガシ","EB",NA,NA,0,NA,NA,NA,2.7,NA,NA,NA,29.8103713828765,0,22.4193702135683,0
3246,668,"ALT600B03",35,58.25,"ウラジロガシ","EB",NA,NA,0,NA,NA,NA,4.5,NA,NA,NA,22.8331926812996,4.63970475284007,0,0
3247,668,"ALT600B03",35,58.25,"ウラジロガシ","EB",NA,NA,0,NA,NA,NA,4.3,NA,NA,NA,23.9716662884788,4.8555049739024,0,0
3248,2346,"ALT600B03",36.7,52.35,"イヌガシ","EB",NA,NA,0,NA,NA,NA,3.6,NA,NA,NA,0,0,0,0
3249,3249,"ALT600B03",35.4,56.5,"ヤブニッケイ","EB",NA,NA,0,NA,NA,NA,2.8,NA,NA,NA,0,0,0,0
3250,3250,"ALT600B03",37.15,56.05,"ヤブニッケイ","EB",NA,NA,0,NA,NA,NA,3.2,NA,NA,NA,0,0,0,0
3251,3251,"ALT600B03",37.95,55.05,"イヌガシ","EB",NA,NA,0,NA,NA,NA,2.3,NA,NA,NA,0,0,0,0
3252,3252,"ALT600B03",39.65,52.4,"イヌガシ","EB",NA,NA,0,NA,NA,NA,3.5,NA,NA,NA,4.14681604491311,4.14681604491311,0,0
3253,3253,"ALT600B03",39.45,52.05,"ヤブニッケイ","EB",NA,NA,0,NA,NA,NA,2.6,NA,NA,NA,3.3393967004787,3.3393967004787,0,0
3254,3254,"ALT600B03",31.35,51.3,"イヌガシ","EB",NA,NA,0,NA,NA,NA,4.5,NA,NA,NA,0,0,0,0
3255,3255,"ALT600B03",30.4,51.7,"イヌガシ","EB",NA,NA,0,NA,NA,NA,2.4,NA,NA,NA,0,0,0,0
3256,681,"ALT600B03",30.5,49.25,"イヌガシ","EB",NA,NA,0,NA,NA,NA,3.9,NA,NA,NA,0,0,0,0
3257,681,"ALT600B03",30.5,49.25,"イヌガシ","EB",NA,NA,0,NA,NA,NA,4.1,NA,NA,NA,0,0,0,0
3258,681,"ALT600B03",30.5,49.25,"イヌガシ","EB",NA,NA,0,NA,NA,NA,3.1,NA,NA,NA,0,0,0,0
3259,680,"ALT600B03",34.3,46.45,"イヌガシ","EB",NA,NA,0,NA,NA,NA,4.4,NA,NA,NA,0,0,0,0
3260,680,"ALT600B03",34.3,46.45,"イヌガシ","EB",NA,NA,0,NA,NA,NA,3,NA,NA,NA,0,0,0,0
3261,2595,"ALT600B03",37.1,47.95,"イヌガシ","EB",NA,NA,0,NA,NA,NA,2.2,NA,NA,NA,0,0,0,0
3262,3262,"ALT600B03",38.35,45,"イヌガシ","EB",NA,NA,0,NA,NA,NA,4.3,NA,NA,NA,0,0,0,0
3263,680,"ALT600B03",34.3,46.45,"イヌガシ","EB",NA,NA,0,NA,NA,NA,3.7,NA,NA,NA,0,0,0,0
3264,3264,"ALT600B03",34.8,42.35,"イヌガシ","EB",NA,NA,0,NA,NA,NA,2.7,NA,NA,NA,0,0,0,0
3265,3265,"ALT600B03",33.5,42.25,"シロダモ","EB",NA,NA,0,NA,NA,NA,2,NA,NA,NA,10.375355415599,10.375355415599,0,0
3266,3266,"ALT600B03",33.15,44.55,"イヌガシ","EB",NA,NA,0,NA,NA,NA,2.2,NA,NA,NA,0,0,0,0
3267,3266,"ALT600B03",33.15,44.55,"イヌガシ","EB",NA,NA,0,NA,NA,NA,3,NA,NA,NA,0,0,0,0
3268,3268,"ALT600B04",31.75,38.6,"イヌガシ","EB",NA,NA,0,NA,NA,NA,4.2,NA,NA,NA,0,0,0,0
3269,3269,"ALT600B04",32.6,39.9,"イヌガシ","EB",NA,NA,0,NA,NA,NA,2.2,NA,NA,NA,3.41648040486557,3.41648040486557,0,0
3270,3270,"ALT600B04",34.35,38.25,"イヌガシ","EB",NA,NA,0,NA,NA,NA,4.6,NA,NA,NA,0,0,0,0
3271,3271,"ALT600B04",38.45,39.6,"シロダモ","EB",NA,NA,0,NA,NA,NA,3.9,NA,NA,NA,0,0,0,0
3272,688,"ALT600B04",35.7,36.05,"イヌガシ","EB",NA,NA,0,NA,NA,NA,2.6,NA,NA,NA,0,0,0,0
3273,688,"ALT600B04",35.7,36.05,"イヌガシ","EB",NA,NA,0,NA,NA,NA,2.2,NA,NA,NA,0,0,0,0
3274,3274,"ALT600B04",33.6,36.2,"シロダモ","EB",NA,NA,0,NA,NA,NA,2.8,NA,NA,NA,1.23960261610661,1.23960261610661,0,0
3275,3275,"ALT600B04",32.9,36.8,"イヌガシ","EB",NA,NA,0,NA,NA,NA,3.2,NA,NA,NA,0.949070752956622,0.949070752956622,0,0
3276,3276,"ALT600B04",32,36.3,"シロダモ","EB",NA,NA,0,NA,NA,NA,2.5,NA,NA,NA,13.5764501987825,13.5764501987825,0,0
3277,3277,"ALT600B04",32.05,36.25,"イヌガシ","EB",NA,NA,0,NA,NA,NA,2.4,NA,NA,NA,14.7313912747206,14.7313912747206,0,0
3278,3278,"ALT600B04",30.85,38,"イヌガシ","EB",NA,NA,0,NA,NA,NA,2.2,NA,NA,NA,0,0,0,0
3279,3279,"ALT600B04",37.1,26.65,"アカガシ","EB",NA,NA,0,NA,NA,NA,3.5,NA,NA,NA,0,0,0,0
3280,692,"ALT600B04",37.1,21.65,"イヌガシ","EB",NA,NA,0,NA,NA,NA,2.2,NA,NA,NA,0,0,0,0
3281,692,"ALT600B04",37.1,21.65,"イヌガシ","EB",NA,NA,0,NA,NA,NA,2.1,NA,NA,NA,0,0,0,0
3282,3282,"ALT600B04",34.3,24.25,"イヌガシ","EB",NA,NA,0,NA,NA,NA,3.9,NA,NA,NA,0,0,0,0
3283,3283,"ALT600B04",30.3,20.8,"シキミ","EB",NA,NA,0,NA,NA,NA,4.5,NA,NA,NA,0,0,0,0
3284,3284,"ALT600B05",39.35,13.8,"イヌガシ","EB",NA,NA,0,NA,NA,NA,2,NA,NA,NA,0,0,0,0
3285,3285,"ALT600B05",36.75,11.45,"イヌガシ","EB",NA,NA,0,NA,NA,NA,3.1,NA,NA,NA,0,0,0,0
3286,743,"ALT600B05",35.95,4.55,"アブラチャン","DB",NA,NA,0,NA,NA,NA,3.4,NA,NA,NA,0,0,0,0
3287,732,"ALT600B05",39.95,3.5,"アブラチャン","DB",NA,NA,0,NA,NA,NA,3.9,NA,NA,NA,0,0,0,0
3288,732,"ALT600B05",39.95,3.5,"アブラチャン","DB",NA,NA,0,NA,NA,NA,3.6,NA,NA,NA,0,0,0,0
3289,732,"ALT600B05",39.95,3.5,"アブラチャン","DB",NA,NA,0,NA,NA,NA,3.3,NA,NA,NA,0,0,0,0
3290,732,"ALT600B05",39.95,3.5,"アブラチャン","DB",NA,NA,0,NA,NA,NA,2.1,NA,NA,NA,0,0,0,0
3291,732,"ALT600B05",39.95,3.5,"アブラチャン","DB",NA,NA,0,NA,NA,NA,2.3,NA,NA,NA,0,0,0,0
3292,732,"ALT600B05",39.95,3.5,"アブラチャン","DB",NA,NA,0,NA,NA,NA,2,NA,NA,NA,0,0,0,0
3293,732,"ALT600B05",39.95,3.5,"アブラチャン","DB",NA,NA,0,NA,NA,NA,2.1,NA,NA,NA,0,0,0,0
3294,732,"ALT600B05",39.95,3.5,"アブラチャン","DB",NA,NA,0,NA,NA,NA,2.1,NA,NA,NA,0,0,0,0
3295,732,"ALT600B05",39.95,3.5,"アブラチャン","DB",NA,NA,0,NA,NA,NA,2.2,NA,NA,NA,0,0,0,0
3296,621,"ALT600C01",44.9,89.6,"アブラチャン","DB",NA,NA,0,NA,NA,NA,2.3,NA,NA,NA,0,0,0,0
3297,621,"ALT600C01",44.9,89.6,"アブラチャン","DB",NA,NA,0,NA,NA,NA,2.4,NA,NA,NA,0,0,0,0
3298,3298,"ALT600C02",40.95,76.5,"イヌガシ","EB",NA,NA,0,NA,NA,NA,2.2,NA,NA,NA,0,0,0,0
3299,3298,"ALT600C02",40.95,76.5,"イヌガシ","EB",NA,NA,0,NA,NA,NA,2.2,NA,NA,NA,0,0,0,0
3300,3300,"ALT600C02",42.4,76.05,"イヌガシ","EB",NA,NA,0,NA,NA,NA,2.9,NA,NA,NA,8.29029175000211,0,8.29029175000211,0
3301,3302,"ALT600C02",49.15,78.3,"シロダモ","EB",NA,NA,0,NA,NA,NA,3.7,NA,NA,NA,0,0,0,0
3302,3302,"ALT600C02",49.15,78.3,"シロダモ","EB",NA,NA,0,NA,NA,NA,3.9,NA,NA,NA,0,0,0,0
3303,3303,"ALT600C02",47.55,77.7,"カマツカ","DB",NA,NA,0,NA,NA,NA,3.2,NA,NA,NA,0,0,0,0
3304,3304,"ALT600C02",46.6,73.8,"イヌガシ","EB",NA,NA,0,NA,NA,NA,2.5,NA,NA,NA,0,0,0,0
3305,3305,"ALT600C02",45.45,73.7,"カマツカ","DB",NA,NA,0,NA,NA,NA,2.9,NA,NA,NA,25.090428922512,25.090428922512,0,0
3306,3306,"ALT600C02",43.55,71,"シロダモ","EB",NA,NA,0,NA,NA,NA,3.8,NA,NA,NA,0,0,0,0
3307,3307,"ALT600C02",42.75,72.65,"カマツカ","DB",NA,NA,0,NA,NA,NA,4.2,NA,NA,NA,0,0,0,0
3308,3308,"ALT600C02",42.4,73.9,"イヌガシ","EB",NA,NA,0,NA,NA,NA,2.8,NA,NA,NA,0,0,0,0
3309,2599,"ALT600C02",45.35,73.3,"イヌガシ","EB",NA,NA,0,NA,NA,NA,2.9,NA,NA,NA,19.9046478478091,10.4541217688073,0,0
3310,3310,"ALT600C02",49.7,68.25,"シロダモ","EB",NA,NA,0,NA,NA,NA,2.9,NA,NA,NA,4.49759357706166,4.49759357706166,0,0
3311,3311,"ALT600C02",49.5,67.45,"ヒサカキ","EB",NA,NA,0,NA,NA,NA,2.2,NA,NA,NA,43.6743556128409,43.6743556128409,0,0
3312,3312,"ALT600C02",49.45,63.6,"イヌガシ","EB",NA,NA,0,NA,NA,NA,3.7,NA,NA,NA,0,0,0,0
3314,3314,"ALT600C02",47.95,62.35,"ヤブニッケイ","EB",NA,NA,0,NA,NA,NA,2.1,NA,NA,NA,6.90195686735434,6.90195686735434,0,0
3315,3315,"ALT600C02",49.85,61.45,"イヌガシ","EB",NA,NA,0,NA,NA,NA,4.2,NA,NA,NA,0.687795600693787,0.687795600693787,0,0
3316,3316,"ALT600C02",48.65,60.9,"アカガシ","EB",NA,NA,0,NA,NA,NA,2,NA,NA,NA,6.21217283754965,6.21217283754965,0,0
3317,3317,"ALT600C02",48.25,60.9,"イヌガシ","EB",NA,NA,0,NA,NA,NA,3,NA,NA,NA,5.6767819061962,5.6767819061962,0,0
3318,3318,"ALT600C02",47.85,61.25,"イヌガシ","EB",NA,NA,0,NA,NA,NA,4.3,NA,NA,NA,17.9657723431176,2.56768363870194,15.3980887044157,0
3319,3319,"ALT600C02",47.8,60.35,"アカガシ","EB",NA,NA,0,NA,NA,NA,2.8,NA,NA,NA,25.1962499166388,3.21143105568526,21.9848188609536,0
3320,593,"ALT600C02",45.25,64.3,"イヌガシ","EB",NA,NA,0,NA,NA,NA,4.6,NA,NA,NA,0,0,0,0
3321,593,"ALT600C02",45.25,64.3,"イヌガシ","EB",NA,NA,0,NA,NA,NA,2.9,NA,NA,NA,0,0,0,0
3322,3322,"ALT600C02",43.8,63.85,"ヤブニッケイ","EB",NA,NA,0,NA,NA,NA,2.4,NA,NA,NA,0,0,0,0
3323,3323,"ALT600C02",43.6,61.25,"イヌガシ","EB",NA,NA,0,NA,NA,NA,2.8,NA,NA,NA,15.1428571428571,0,15.1428571428571,0
3324,2601,"ALT600C02",42.75,60.15,"ヤブニッケイ","EB",NA,NA,0,NA,NA,NA,3.2,NA,NA,NA,0,0,0,0
3325,3325,"ALT600C02",41.35,62.65,"ヤブニッケイ","EB",NA,NA,0,NA,NA,NA,4.1,NA,NA,NA,4.21637021355782,4.21637021355782,0,0
3326,591,"ALT600C02",43.65,66.9,"アカガシ","EB",NA,NA,0,NA,NA,NA,3.2,NA,NA,NA,0,0,0,0
3327,2602,"ALT600C02",40.4,67,"ヤブニッケイ","EB",NA,NA,0,NA,NA,NA,2.3,NA,NA,NA,0,0,0,0
3328,2602,"ALT600C02",40.4,67,"ヤブニッケイ","EB",NA,NA,0,NA,NA,NA,2.1,NA,NA,NA,0,0,0,0
3329,3329,"ALT600C03",43.05,57.8,"イヌガシ","EB",NA,NA,0,NA,NA,NA,4,NA,NA,NA,0,0,0,0
3330,575,"ALT600C03",47.65,57.65,"イヌガシ","EB",NA,NA,0,NA,NA,NA,3.9,NA,NA,NA,20.2051282051282,14.8717948717949,0,0
3331,575,"ALT600C03",47.65,57.65,"イヌガシ","EB",NA,NA,0,NA,NA,NA,2.2,NA,NA,NA,38.9090909090909,26.3636363636364,0,0
3332,3332,"ALT600C03",47.9,57.65,"ヒイラギ","EB",NA,NA,0,NA,NA,NA,3,NA,NA,NA,27.4666666666667,27.4666666666667,0,0
3333,3333,"ALT600C03",46.05,50.25,"イヌガシ","EB",NA,NA,0,NA,NA,NA,2.2,NA,NA,NA,0,0,0,0
3334,572,"ALT600C03",45.5,52.45,"イヌガシ","EB",NA,NA,0,NA,NA,NA,2.8,NA,NA,NA,0,0,0,0
3335,3335,"ALT600C03",43.15,52.9,"イヌガシ","EB",NA,NA,0,NA,NA,NA,3.8,NA,NA,NA,0,0,0,0
3336,3336,"ALT600C03",40.15,49.65,"イヌガシ","EB",NA,NA,0,NA,NA,NA,4.3,NA,NA,NA,0,0,0,0
3337,563,"ALT600C03",49.15,49.55,"イヌガシ","EB",NA,NA,0,NA,NA,NA,3.7,NA,NA,NA,11.7299791442774,5.5361116522057,0,0
3338,3338,"ALT600C03",46.5,45.45,"イヌガシ","EB",NA,NA,0,NA,NA,NA,4.4,NA,NA,NA,0,0,0,0
3339,3339,"ALT600C03",46.4,40.6,"イヌガシ","EB",NA,NA,0,NA,NA,NA,4,NA,NA,NA,3.18198051533948,3.18198051533948,0,0
3340,3340,"ALT600C03",45.6,43.1,"イヌガシ","EB",NA,NA,0,NA,NA,NA,3.1,NA,NA,NA,4.04884924156251,4.04884924156251,0,0
3341,3341,"ALT600C03",43.45,43.2,"イヌガシ","EB",NA,NA,0,NA,NA,NA,2.1,NA,NA,NA,0,0,0,0
3342,3342,"ALT600C03",41.55,44.85,"イヌガシ","EB",NA,NA,0,NA,NA,NA,2.1,NA,NA,NA,1.13630239809772,1.13630239809772,0,0
3343,3343,"ALT600C03",40.95,44.15,"イヌガシ","EB",NA,NA,0,NA,NA,NA,2.2,NA,NA,NA,1.03534991231632,1.03534991231632,0,0
3344,3344,"ALT600C03",41.45,46.35,"ヤブニッケイ","EB",NA,NA,0,NA,NA,NA,3.9,NA,NA,NA,0,0,0,0
3345,3345,"ALT600C03",40.2,48.15,"イヌガシ","EB",NA,NA,0,NA,NA,NA,3.1,NA,NA,NA,16.9094092075111,16.9094092075111,0,0
3346,3346,"ALT600C03",41.5,48.75,"イヌガシ","EB",NA,NA,0,NA,NA,NA,2.2,NA,NA,NA,0,0,0,0
3347,555,"ALT600C04",42.05,37.55,"イヌガシ","EB",NA,NA,0,NA,NA,NA,3,NA,NA,NA,0,0,0,0
3348,554,"ALT600C04",48.3,38.25,"ヤブニッケイ","EB",NA,NA,0,NA,NA,NA,3,NA,NA,NA,11.3922685968943,9.68730322865158,0,0
3349,554,"ALT600C04",48.3,38.25,"ヤブニッケイ","EB",NA,NA,0,NA,NA,NA,3.3,NA,NA,NA,10.2509281437731,8.70095962718888,0,0
3350,3350,"ALT600C04",49,38.75,"イヌガシ","EB",NA,NA,0,NA,NA,NA,2.9,NA,NA,NA,11.8251908377333,10.0614335602409,0,0
3351,3350,"ALT600C04",49,38.75,"イヌガシ","EB",NA,NA,0,NA,NA,NA,2.3,NA,NA,NA,15.213277939952,12.6861553585646,0,0
3352,3350,"ALT600C04",49,38.75,"イヌガシ","EB",NA,NA,0,NA,NA,NA,2.1,NA,NA,NA,16.7728735901796,13.8943606308088,0,0
3353,553,"ALT600C04",47.65,33.55,"アカガシ","EB",NA,NA,0,NA,NA,NA,2.6,NA,NA,NA,0,0,0,0
3354,3354,"ALT600C04",49.15,31.75,"イヌガシ","EB",NA,NA,0,NA,NA,NA,3.1,NA,NA,NA,0.809492924562088,0.809492924562088,0,0
3355,3355,"ALT600C04",42.25,31.7,"イヌガシ","EB",NA,NA,0,NA,NA,NA,3.7,NA,NA,NA,2.86922716099934,1.9254024369864,0,0
3356,3355,"ALT600C04",42.25,31.7,"イヌガシ","EB",NA,NA,0,NA,NA,NA,2.5,NA,NA,NA,4.91694928221781,2.84959560673987,0,0
3357,3357,"ALT600C04",42.8,33.75,"イヌガシ","EB",NA,NA,0,NA,NA,NA,2.6,NA,NA,NA,0,0,0,0
3358,2303,"ALT600C04",44.45,38.15,"イヌガシ","EB",NA,NA,0,NA,NA,NA,2.3,NA,NA,NA,0,0,0,0
3359,3359,"ALT600C04",41.7,29.95,"アカガシ","EB",NA,NA,0,NA,NA,NA,4.2,NA,NA,NA,16.4510557255646,0,16.4510557255646,0
3360,3360,"ALT600C04",45,25.75,"ヤブニッケイ","EB",NA,NA,0,NA,NA,NA,2.4,NA,NA,NA,0,0,0,0
3361,3361,"ALT600C04",49.85,28.7,"イヌガシ","EB",NA,NA,0,NA,NA,NA,4.6,NA,NA,NA,1.50831673896779,1.50831673896779,0,0
3362,3362,"ALT600C04",49.7,25.2,"イヌガシ","EB",NA,NA,0,NA,NA,NA,4.1,NA,NA,NA,0,0,0,0
3363,3363,"ALT600C04",46.85,25.8,"アオハダ","DB",NA,NA,0,NA,NA,NA,4.2,NA,NA,NA,0,0,0,0
3364,3364,"ALT600C04",46.35,24.75,"イヌガシ","EB",NA,NA,0,NA,NA,NA,2.3,NA,NA,NA,0,0,0,0
3365,541,"ALT600C04",46.9,23.65,"イヌガシ","EB",NA,NA,0,NA,NA,NA,2.4,NA,NA,NA,0,0,0,0
3366,3366,"ALT600C04",44.25,23.45,"イヌガシ","EB",NA,NA,0,NA,NA,NA,2.4,NA,NA,NA,26.1111111111111,26.1111111111111,0,0
3367,3367,"ALT600C04",40.3,26.6,"イヌガシ","EB",NA,NA,0,NA,NA,NA,2.5,NA,NA,NA,0,0,0,0
3368,3368,"ALT600C05",40.7,17.15,"イヌガシ","EB",NA,NA,0,NA,NA,NA,3.9,NA,NA,NA,0,0,0,0
3369,3369,"ALT600C05",42.8,17.85,"イヌガシ","EB",NA,NA,0,NA,NA,NA,2.4,NA,NA,NA,0,0,0,0
3370,3370,"ALT600C05",43.35,20,"イヌガシ","EB",NA,NA,0,NA,NA,NA,3.6,NA,NA,NA,0,0,0,0
3371,3371,"ALT600C05",47.05,17.25,"イヌガシ","EB",NA,NA,0,NA,NA,NA,4.1,NA,NA,NA,0,0,0,0
3372,3372,"ALT600C05",40.5,14.7,"アカガシ","EB",NA,NA,0,NA,NA,NA,3.7,NA,NA,NA,0,0,0,0
3373,3373,"ALT600C05",44.05,16.45,"イヌガシ","EB",NA,NA,0,NA,NA,NA,3.7,NA,NA,NA,0,0,0,0
483,483,"ALT600C04",59.4,26.15,"イヌガシ","EB",0,1,0,7.6,9.3,NA,10.6,1.7510829148723,4.0373230573385,2.61679201917622,1.16247638743819,1.16247638743819,0,0
492,492,"ALT600C04",55.4,20.35,"アカガシ","EB",0,0,0,24.6,27.8,29.5,30,1.04447862486231,2.44579155516549,1.52322721931128,0,0,0,0
493,493,"ALT600C04",59.75,22,"イロハモミジ","DB",0,0,0,16.6,16.7,16.9,17.3,0.217388453374924,0.120120481204235,0.705955641620478,0,0,0,0
2618,2618,"ALT600C04",59.65,26.5,"イヌガシ","EB",NA,0,0,NA,4.7,5,5.3,NA,NA,2.40288623684126,4.64990554975276,4.64990554975276,0,0
2619,2619,"ALT600D04",61.75,24.25,"イヌガシ","EB",NA,0,0,NA,4.7,5.2,5.4,NA,NA,2.77672889708432,0,0,0,0
497,497,"ALT600C05",54.9,16.25,"アカガシ","EB",0,0,0,5.7,5.8,5.9,5.9,0.18150618984826,0.34783485423738,0.341888667186005,0.938196859709903,0,0,0.938196859709903
498,498,"ALT600C05",54.05,15.85,"イヌガヤ","EC",0,0,0,5.1,5.2,5.1,5.2,0.102200451879483,0.388361717142035,0,1.20778967035879,1.20778967035879,0,0
499,499,"ALT600C05",57.15,14.05,"オオモミジ","DB",0,0,0,5.6,5.6,5.6,5.6,0,0,0,1.86094458652008,1.86094458652008,0,0
500,500,"ALT600C05",56.35,13.7,"シキミ","EB",0,0,0,8.6,8.8,8.8,9.1,0.297432685596539,0.459790364493976,0.670453840772869,1.21755692428374,0.512820512820513,0.704736411463224,0
501,501,"ALT600C05",57.4,12.2,"オオモミジ","DB",0,0,0,8.5,8.5,8.5,8.6,0.061558104016796,0,0.233920795263825,6.51461969574338,6.51461969574338,0,0
502,502,"ALT600C05",57,12.3,"イヌガシ","EB",0,0,0,19.1,21.6,22.8,23.1,1.00075938144823,2.4600995927507,1.34278605675257,4.39727369987165,0.16482675552134,4.23244694435031,0
503,503,"ALT600C05",56.15,11.95,"イタヤカエデ","DB",0,0,0,52,62.6,67.4,70.7,1.61685186484789,3.71043119049251,2.43360589592949,0.355438290619284,0.355438290619284,0,0
504,504,"ALT600C05",52.75,13.1,"オオモミジ","DB",0,0,0,38.5,38.9,39,38.9,0.0544000491087478,0.206720186613241,0,1.64138364538694,1.64138364538694,0,0
505,505,"ALT600C05",52.6,12.55,"アカガシ","EB",0,0,0,30.7,33.6,35,36.4,0.896348000260756,1.80526824752014,1.60085415347073,1.87459104126613,0,1.87459104126613,0
509,509,"ALT600C05",51.15,8,"イヌガシ","EB",0,0,0,18.1,22.4,25.1,27.1,2.12432520849408,4.26298041178428,3.80945538049322,1.31114818282746,1.31114818282746,0,0
510,510,"ALT600C05",50.75,7.6,"イヌガシ","EB",0,0,0,17.4,19.1,19.9,20.1,0.759208467602879,1.86436257664202,1.02062960024892,2.38340718534272,2.38340718534272,0,0
511,511,"ALT600C05",54.05,8.8,"イヌガヤ","EC",0,0,0,9.7,9.3,9.4,8.9,-0.453024256690752,-0.842229707002535,-0.879262468422324,0,0,0,0
512,512,"ALT600C05",54.75,7.55,"イヌガシ","EB",0,0,0,13.1,14.1,14.5,14.4,0.497978823025522,1.47125134354033,0.42106818395665,0,0,0,0
513,514,"ALT600C05",58.8,9.05,"イヌガヤ","EC",0,0,0,13.8,15,15.5,16.2,0.843908684606207,1.66763217878102,1.53922082272256,0,0,0,0
516,516,"ALT600C05",51.1,1.3,"カジカエデ","DB",0,0,0,22.9,25.9,27.2,27.8,1.02052163229683,2.46212116290596,1.41586103982199,0,0,0,0
2176,2176,"ALT600C05",52.75,5,"カジカエデ","DB",0,0,0,6.1,7.6,7.7,7.6,1.15715513743695,4.3971895222604,0,0,0,0,0
349,349,"ALT600D04",67.75,36.25,"ヤブニッケイ","EB",0,0,0,8.1,8.6,8.9,9.4,0.783398039987185,1.19796283162138,1.77894972032993,0,0,0,0
2367,2367,"ALT600D04",66.15,31.95,"イヌガシ","EB",NA,0,0,NA,5.7,6.3,6.8,NA,NA,3.52912874683113,0,0,0,0
328,328,"ALT600D04",67.95,21.6,"ヒメシャラ","DB",0,0,0,33.6,34.8,35.5,36,0.363120376247113,0.7018263962254,0.678031033513628,0,0,0,0
329,329,"ALT600D04",67.1,22.8,"イヌツゲ","EB",0,0,0,9.9,10.1,10.2,10.2,0.157120858682532,0.400013334133389,0.197045928860233,0,0,0,0
330,330,"ALT600D04",62.9,21.8,"イヌガシ","EB",0,0,0,8.8,10.5,11.1,11.6,1.4539651401482,3.53247071358634,1.99259681897683,0,0,0,0
332,332,"ALT600D04",60.1,20,"イヌガシ","EB",0,0,0,6.3,6.9,7.2,7.4,0.847001930592827,1.81943556411454,1.39917177213821,0,0,0,0
333,333,"ALT600D04",60.45,29.7,"イヌガシ","EB",0,0,0,20.7,22.9,23.7,24.1,0.80041126434361,2.02006420577741,1.02149859872831,0,0,0,0
334,333,"ALT600D04",60.45,29.7,"イヌガシ","EB",0,0,0,6.5,6.9,7.1,7.1,0.464697932345675,1.19438469403245,0.571467448881119,0,0,0,0
335,335,"ALT600D04",64.6,26.3,"アカガシ","EB",0,0,0,73.1,79,81.4,82.6,0.643059546164208,1.55238971422577,0.891236561198218,0,0,0,0
336,336,"ALT600D04",66.45,28.9,"ヒサカキ","EB",0,0,0,5.3,7,8,8.5,2.48610180493787,5.56406656994475,3.88312028881915,0,0,0,0
337,337,"ALT600D04",68.6,28.45,"ヤブニッケイ","EB",0,0,0,7.1,7.4,7.8,8,0.628140829645085,0.82770432325709,1.55923082939423,0,0,0,0
338,338,"ALT600D04",69.5,29.75,"イヌシデ","DB",0,0,0,28,28.9,29.4,29.5,0.274661858792475,0.632741698863649,0.410973364547755,0,0,0,0
2629,2629,"ALT600D04",65.25,22.65,"ウラジロガシ","EB",NA,0,0,NA,5.1,5.1,5.4,NA,NA,1.14316827679898,0.729116649887869,0.729116649887869,0,0
311,311,"ALT600D05",69.15,11.25,"ヒメシャラ","DB",0,0,0,22.3,23.3,23.4,23.4,0.253417599460961,0.877333642111634,0.0856532358400146,0,0,0,0
312,312,"ALT600D05",67.25,12.85,"ヒメシャラ","DB",0,0,0,23.8,24.3,24.3,24.4,0.131039745377511,0.415815393381474,0.0821356390530656,0,0,0,0
313,313,"ALT600D05",64.2,10.45,"ブナ","DB",0,0,0,38.6,42.2,44.2,44.6,0.760429381869648,1.78335889142362,1.10627275968104,0,0,0,0
314,314,"ALT600D05",61.95,11.45,"イヌガシ","EB",0,0,0,12.3,12.7,12.8,12.8,0.209715308143156,0.640054621723475,0.156863549220522,0,0,0,0
315,315,"ALT600D05",62.55,14.1,"オオモミジ","DB",0,0,0,6.3,6.4,6.4,6.5,0.164487071074234,0.314967139362787,0.310083730719305,5.31129008708737,0,5.31129008708737,0
316,316,"ALT600D05",63.35,13.95,"ヒメシャラ","DB",0,0,0,27.2,27.8,28,28.1,0.171329489672361,0.436380947892798,0.214671112862173,0.731950287271297,0,0.731950287271297,0
317,317,"ALT600D05",63.65,13.6,"オオモミジ","DB",0,0,0,5.3,5.4,5.5,5.8,0.474479457864724,0.373842660243051,1.4291792796429,10.5099066632832,0,10.5099066632832,0
318,319,"ALT600D05",63.55,14.95,"イヌガシ","EB",0,0,0,26.5,30,31.9,32.3,1.04169735387597,2.48105297339958,1.47739697132911,0,0,0,0
319,319,"ALT600D05",63.55,14.95,"イヌガシ","EB",0,0,0,16.8,18.4,19.3,19.5,0.784397785055199,1.81943556411453,1.16127601909523,0,0,0,0
320,320,"ALT600D05",64.8,15.75,"イヌガシ","EB",0,0,0,16.1,17.2,17.6,17.6,0.46884015817731,1.3218022365798,0.459790364493976,0,0,0,0
322,322,"ALT600D05",61.1,18.8,"ヒメシャラ","DB",0,0,0,35.6,37.4,38.3,38.8,0.453024256690751,0.98650133125003,0.734990844174829,0,0,0,0
323,323,"ALT600D05",67.9,19.6,"シキミ","EB",0,0,0,10.1,11,11.7,12.2,0.994213304694721,1.70719697902314,2.07081357881681,0,0,0,0
327,327,"ALT600D05",67.8,14.15,"ヒメシャラ","DB",0,0,0,19.7,20.7,21.2,21.6,0.48460357340093,0.99030129054761,0.851192288375922,0,0,0,0
2630,2630,"ALT600D05",68.7,13.15,"イタヤカエデ","DB",NA,0,0,NA,4.8,5.2,5.6,NA,NA,3.08301359654517,0,0,0,0
307,307,"ALT600D05",64.6,5.25,"ケヤキ","DB",0,0,0,19.4,24.7,26.7,28.1,1.9499816330022,4.83060355129298,2.57932665411537,0,0,0,0
260,260,"ALT600D03",73.85,41.95,"イヌガシ","EB",0,0,0,5.3,5.8,6,6.1,0.739905003269418,1.80302193988595,1.00861707253784,0,0,0,0
261,261,"ALT600D03",71.95,40.5,"イヌガシ","EB",0,0,0,8.4,10.1,10.4,10.6,1.22432786983554,3.68607435995892,0.966371545416155,0,0,0,0
2840,2840,"ALT600D03",78.7,40.65,"イヌガシ","EB",NA,NA,0,NA,NA,5.3,5.3,NA,NA,NA,1.03975048982008,1.03975048982008,0,0
263,263,"ALT600D04",78.85,39.7,"イヌガシ","EB",0,0,0,5.3,5.3,5.4,5.3,0,0,0,1.03975048982008,1.03975048982008,0,0
264,264,"ALT600D04",79.3,37.05,"イヌガシ","EB",0,0,0,6.8,8.1,8.8,9.3,1.64785151566921,3.49882898992664,2.76300676961635,0,0,0,0
265,265,"ALT600D04",76.75,38.65,"アカガシ","EB",0,0,0,60.3,64.5,66.3,67.1,0.56237863286577,1.34666240137174,0.790376403518182,0,0,0,0
266,266,"ALT600D04",76.1,35.7,"イヌガシ","EB",0,0,0,6,7,7.4,7.6,1.24415146349595,3.08301359654517,1.64476196473944,0,0,0,0
267,268,"ALT600D04",74.05,39.85,"イヌガシ","EB",0,0,0,7,7.7,7.9,8,0.702796803286961,1.9062035960865,0.764424256403954,0,0,0,0
268,268,"ALT600D04",74.05,39.85,"イヌガシ","EB",0,0,0,7.5,8.7,9.2,9.2,1.07526559743542,2.96840010236546,1.11760916788913,0,0,0,0
269,269,"ALT600D04",71.1,34.8,"イタヤカエデ","DB",0,0,0,15,16.9,18.2,19.2,1.29926356806066,2.38526841653635,2.55193314209416,2.28336564758164,2.28336564758164,0,0
270,270,"ALT600D04",70.95,34.65,"イヌガシ","EB",0,0,0,6.2,8.2,8.9,9.3,2.13402688477981,5.59169724438323,2.51760491778006,9.73222236471839,0,9.73222236471839,0
271,271,"ALT600D04",73.15,34.3,"アカガシ","EB",0,0,0,6.8,7.1,7.2,7.6,0.585398079527497,0.863443437304176,1.36106926490031,0,0,0,0
273,273,"ALT600D04",79.55,33.4,"ヤブニッケイ","EB",0,0,0,8.8,8.9,8.9,9,0.118278188695045,0.225991105078665,0.223466011962505,2.03684814760271,1.20247661725943,0,0
2636,2636,"ALT600D04",72.15,32.95,"ヤブニッケイ","EB",NA,0,0,NA,4.8,5.8,6.6,NA,NA,6.36907462237069,0.428549564355483,0.428549564355483,0,0
275,275,"ALT600D04",79.15,28.75,"アカガシ","EB",0,0,0,6,6.7,6.8,6.9,0.735589170395573,2.20696114337731,0.588277704125868,0,0,0,0
276,276,"ALT600D04",76.4,27.65,"ウラジロガシ","EB",0,0,0,18.5,19.3,19.4,19.9,0.383942103400881,0.846687276531215,0.612292716392135,0,0,0,0
277,277,"ALT600D04",75.5,24.5,"イヌガシ","EB",0,0,0,13.2,14.9,15.8,16.2,1.07786532971586,2.42288766718177,1.6730005857385,0,0,0,0
278,278,"ALT600D04",72.45,23.95,"アカガシ","EB",0,0,0,20.7,23,24.3,25.2,1.03531733813713,2.10721031315653,1.82699557176456,0,0,0,0
279,279,"ALT600D04",71.05,23.65,"ヒメシャラ","DB",0,0,0,27.3,27.7,27.8,28,0.133251620969946,0.290914220047574,0.215441939638221,0,0,0,0
281,281,"ALT600D04",70.4,22.5,"イヌシデ","DB",0,0,0,36.4,38.3,39.2,39.5,0.430167880338849,1.01762243087811,0.617015514409521,0,0,0,0
282,282,"ALT600D04",73.1,21.85,"アカガシ","EB",0,0,0,10.5,11.2,11.5,11.7,0.569545182317015,1.29077042275142,0.873501270053233,0,0,0,0
284,284,"ALT600D04",77.95,23.4,"ヒメシャラ","DB",0,0,0,19.9,20.2,20.3,20.3,0.104742917459447,0.299257453534246,0.0987656328116515,0,0,0,0
286,286,"ALT600D04",78,20.5,"ウラジロガシ","EB",0,0,0,9.3,10.1,10.5,11.1,0.931214253468832,1.65042047376007,1.8881936894215,0,0,0,0
2249,2249,"ALT600D04",71.4,28.45,"アカガシ","EB",NA,0,0,NA,5.2,5.4,5.6,NA,NA,1.48215944307444,0,0,0,0
2637,277,"ALT600D04",75.5,24.5,"イヌガシ","EB",NA,0,0,NA,4.9,5.1,5.3,NA,NA,1.5694323088299,0,0,0,0
287,287,"ALT600D05",79.55,18.9,"イヌシデ","DB",0,0,0,33.3,37.7,40.2,41.9,1.20909699969313,2.48205394935134,2.11251464948254,0,0,0,0
289,289,"ALT600D05",77.4,16.9,"イヌガシ","EB",0,0,0,7.4,7.8,8.1,8.3,0.604081655749622,1.05287466970844,1.24263562214013,0,0,0,0
290,290,"ALT600D05",76.75,18.8,"イタヤカエデ","DB",0,0,0,11.2,11.8,11.9,12,0.363120376247113,1.0437150634114,0.336142366327624,0,0,0,0
291,291,"ALT600D05",74.35,18.6,"アカガシ","EB",0,0,0,6.6,7.8,8.4,8.6,1.39311870645833,3.34108169326332,1.95276939127832,0,0,0,0
292,292,"ALT600D05",73.55,17.7,"イタヤカエデ","DB",0,0,0,11,12,12.4,12.8,0.797631042774743,1.74022753979259,1.29077042275142,0.96230278790115,0,0.96230278790115,0
293,293,"ALT600D05",72.6,17.95,"オオモミジ","DB",0,0,0,10.6,11.3,11.6,12.1,0.696586586761442,1.27897449200547,1.36805453768801,1.07686420852213,0,1.07686420852213,0
294,294,"ALT600D05",72.35,14,"イヌシデ","DB",0,0,0,27.4,32.6,35,36.5,1.50931182733906,3.47538549957275,2.25999944431568,0,0,0,0
297,297,"ALT600D05",79.2,14.65,"イヌガシ","EB",0,0,0,12.1,12.4,12.5,12.6,0.213112428182826,0.489820400165918,0.320006826928822,0,0,0,0
298,298,"ALT600D05",77.35,6.6,"イヌガシ","EB",0,0,0,42.3,46.3,48.2,48.4,0.709014356159757,1.80709750079912,0.887157052607951,0,0,0,0
302,303,"ALT600D05",72.4,7.5,"アブラチャン","DB",0,0,0,6.4,7,7.1,7.1,0.546298914113912,1.79224317379374,0.283692699839128,0,0,0,0
306,305,"ALT600D05",78.5,1.55,"カマツカ","DB",0,0,0,5.9,6.9,7.5,7.8,1.46932306728354,3.1313812138308,2.45204644184665,0,0,0,0
2638,2638,"ALT600D05",73.15,3.45,"タンナサワフタギ","DB",NA,0,0,NA,5,5.3,5.7,NA,NA,2.62056524812808,0,0,0,0
2639,2639,"ALT600D05",70.85,0.85,"カマツカ","DB",NA,0,0,NA,5.4,6,6.5,NA,NA,3.70806446662725,0,0,0,0
2699,2699,"ALT600D05",73.65,11.5,"イヌガヤ","EC",NA,0,0,NA,5.3,6.1,6.5,NA,NA,4.0819071268703,0,0,0,0
145,145,"ALT600E03",89.8,40,"アカガシ","EB",0,0,0,20.3,22.5,24.3,26.1,1.32270751726793,2.05788846325265,2.96840010236547,0.753514295212373,0.753514295212373,0,0
148,148,"ALT600E03",83.7,43.95,"イヌガシ","EB",0,0,0,5.5,6,6.3,6.4,0.797631042774743,1.74022753979259,1.29077042275142,0,0,0,0
2296,2296,"ALT600E03",88.1,40.65,"イヌガシ","EB",NA,0,0,NA,5.2,5.5,6.1,NA,NA,3.19260291183767,0,0,0,0
2300,2300,"ALT600E03",82.05,43.4,"イヌガシ","EB",NA,0,0,NA,5.3,5.5,5.6,NA,NA,1.10119554366055,0,0,0,0
2647,2647,"ALT600E03",90.15,41.3,"イヌガシ","EB",NA,0,0,NA,4.7,5,5.3,NA,NA,2.40288623684126,3.24599000590644,3.24599000590644,0,0
126,126,"ALT600E04",88.8,32.4,"ヒメシャラ","DB",0,0,0,28.7,29.3,29.5,29.5,0.144700739895783,0.413807865148925,0.136054946455048,0.633169077553703,0.633169077553703,0,0
127,127,"ALT600E04",88.45,31.9,"イヌガシ","EB",0,0,0,5.4,5.6,5.9,6.2,0.72710704463588,0.727352883417496,2.03565388619885,9.17011214258415,0,7.79591666300381,0
128,128,"ALT600E04",85.35,33.9,"イヌガシ","EB",0,0,0,10,11,11.3,11.5,0.735589170395572,1.9062035960865,0.889035251416676,0,0,0,0
130,130,"ALT600E04",81.45,36.1,"イヌガシ","EB",0,0,0,10.7,12.5,13.4,14.1,1.45226871534875,3.1096980568079,2.40892306151734,0,0,0,0
132,132,"ALT600E04",85.3,36.8,"ウラジロガシ","EB",0,0,0,39.2,41.5,43.4,45.1,0.737923682695873,1.14033360880471,1.6637763854396,0.0885190756969306,0.0885190756969306,0,0
134,134,"ALT600E04",82.15,37.4,"イヌガシ","EB",0,0,0,5.9,6.7,7.1,7.4,1.19225078578132,2.54310350970493,1.98744947626408,0,0,0,0
135,134,"ALT600E04",82.15,37.4,"イヌガシ","EB",0,0,0,5.2,5.7,5.7,5.8,0.574733115605221,1.83615098506246,0.34783485423738,0,0,0,0
136,136,"ALT600E04",82.3,39.25,"イヌガシ","EB",0,0,0,5.2,5.8,6.3,6.7,1.3339415832081,2.18398583929984,2.88499217689093,9.06562260994956,9.06562260994956,0,0
137,137,"ALT600E04",82.9,39.65,"アカガシ","EB",0,0,0,32.2,38.3,41.3,43.8,1.61930192016862,3.46966887272475,2.683678423916,0.212128499698002,0.212128499698002,0,0
138,138,"ALT600E04",87.85,37.35,"イヌガシ","EB",0,0,0,8.1,8.4,8.6,8.6,0.315253376742469,0.7273528834175,0.470609948203881,4.73790523326785,4.73790523326785,0,0
139,139,"ALT600E04",88.05,37.4,"ウラジロガシ","EB",0,0,0,6.7,7.1,7.6,8.4,1.19012726027551,1.15974515300699,3.36273843603997,4.96620565550581,4.96620565550581,0,0
142,142,"ALT600E04",90,33.65,"ヤブニッケイ","EB",0,0,0,9.7,10.3,10.4,10.6,0.466990082150971,1.20036019452506,0.574202117648627,0,0,0,0
2649,2649,"ALT600E04",80,33.35,"アカガシ","EB",NA,0,0,NA,4.8,4.8,4.9,NA,NA,0.412385744054716,5.58918744215547,5.58918744215547,0,0
2843,127,"ALT600E04",88.45,31.9,"イヌガシ","EB",NA,NA,0,NA,NA,4.9,5.2,NA,NA,NA,11.2486844471269,0,9.29513140588916,0
110,110,"ALT600E04",86.9,22.85,"イヌガシ","EB",0,0,0,6.4,6.4,6.5,6.4,0,0,0,0,0,0,0
111,111,"ALT600E04",80.7,22.7,"アカガシ","EB",0,0,0,8.8,9.5,9.9,10.1,0.725177380858172,1.53080154244668,1.22487250481437,3.35670384330834,3.35670384330834,0,0
112,112,"ALT600E04",82.45,23.1,"アカガシ","EB",0,0,0,6.1,6.3,6.4,6.5,0.334281082749084,0.64521724436443,0.625050870082091,0,0,0,0
113,113,"ALT600E04",81.25,22.2,"イヌガシ","EB",0,0,0,24,24.9,25.2,25.2,0.256790337733853,0.736279462454324,0.239523820934312,0.94099168407641,0.94099168407641,0,0
115,115,"ALT600E04",86.3,25.6,"ヒメシャラ","DB",0,0,0,34.4,34.9,35.4,35.6,0.180468807782275,0.288605296580577,0.397176172992069,0,0,0,0
117,117,"ALT600E04",83.55,26.5,"イヌガシ","EB",0,0,0,12.3,14.3,15.2,15.5,1.21705663972015,3.0132054977498,1.61160973318679,0,0,0,0
118,118,"ALT600E04",85.95,27.25,"イヌガシ","EB",0,0,0,8.7,11.2,12.3,12.9,2.07318045108994,5.05181505281022,2.82627066133155,3.17080679458725,0,3.17080679458725,0
119,119,"ALT600E04",85.6,28.1,"ヒメシャラ","DB",0,0,0,33.2,35.7,36.9,37.6,0.655021970912662,1.45201625726301,1.03706723220511,0.373227392688479,0.373227392688479,0,0
120,120,"ALT600E04",84.75,29.2,"ヒメシャラ","DB",0,0,0,40,41.1,41.5,41.8,0.231667817983022,0.542573347765054,0.337764360570432,0.27322873834241,0.27322873834241,0,0
121,121,"ALT600E04",87.35,29.8,"イヌガシ","EB",0,0,0,10.6,12.7,13.6,14,1.4642280447223,3.61495984693048,1.94910672301426,0,0,0,0
122,122,"ALT600E04",87.7,28.5,"イヌガシ","EB",0,0,0,7.9,9.1,9.4,9.5,0.970679153334312,2.82823308099657,0.860347701673817,1.61897969358548,1.61897969358548,0,0
123,123,"ALT600E04",88.05,28.3,"イヌガシ","EB",0,0,0,5.2,5.9,6.2,6.2,0.925740349808759,2.52587450648584,0.99193882278744,3.8010644470887,3.8010644470887,0,0
124,124,"ALT600E04",89.65,29.35,"ウラジロガシ","EB",0,0,0,43,45.1,46.5,47.7,0.545954116845964,0.953642616301407,1.12098302771326,0.65862014353866,0.348897381916815,0,0
125,124,"ALT600E04",89.65,29.35,"ウラジロガシ","EB",0,0,0,5,5.4,5.5,5.6,0.5964667647737,1.53922082272257,0.727352883417496,14.4393077374879,11.8011335001018,0,0
2183,2183,"ALT600E04",81.25,21.4,"ヒサカキ","EB",0,0,0,6.4,7.1,7.7,8.1,1.23982142796193,2.07593587363287,2.63538555262247,3.88888888888889,3.88888888888889,0,0
2293,2293,"ALT600E04",81,29.65,"イヌガシ","EB",NA,0,0,NA,6.4,6.9,7.4,NA,NA,2.90364019688996,1.12866529596621,0.488071479336738,0,0
92,91,"ALT600E05",89.3,12.5,"アブラチャン","DB",0,0,0,6.7,7.3,7.3,7.3,0.451404325039079,1.7153364351485,0,12.8767123287666,0,12.8767123287666,0
97,97,"ALT600E05",80.85,15.95,"アカガシ","EB",0,0,0,20.4,25.1,27.1,28.4,1.74133812798416,4.14665890575135,2.47042598058844,0,0,0,0
99,99,"ALT600E05",81.15,19,"シキミ","EB",0,0,0,9.8,10.3,10.4,10.5,0.363120376247113,0.995230191181276,0.384627238557752,0,0,0,0
100,100,"ALT600E04",80.25,20.05,"ヒメシャラ","DB",0,0,0,37.3,39.9,41,41.9,0.612065790938538,1.34765994492096,0.978190060645485,0,0,0,0
101,101,"ALT600E05",83.65,19.25,"アカガシ","EB",0,0,0,35.1,37.7,38.9,40.2,0.714030869227133,1.4291792796429,1.28413802342021,0.269937426665338,0.269937426665338,0,0
102,102,"ALT600E05",84.35,19.45,"イヌガシ","EB",0,0,0,7.4,7.8,7.8,7.9,0.344119785593956,1.05287466970844,0.254780515548599,6.98974008954099,6.98974008954099,0,0
103,103,"ALT600E05",84,16.3,"イヌガシ","EB",0,0,0,10.3,11.6,12,12.4,0.976592512502111,2.37722405753458,1.33382748997345,0,0,0,0
106,106,"ALT600E05",86.7,19.8,"イヌシデ","DB",0,0,0,23.2,25.7,25.8,25.8,0.559064280291093,2.0467742645782,0.0776700005279522,0,0,0,0
107,107,"ALT600E04",87.7,21.25,"イヌガシ","EB",0,0,0,21.6,26.1,27.5,28,1.36584839728992,3.78483999277057,1.40538391693112,0.303045763365665,0.303045763365665,0,0
87,87,"ALT600E05",84.4,7.25,"ヒメシャラ","DB",0,0,0,39,39.9,40.4,40.5,0.19863330517288,0.456293555323425,0.298513004333516,0.220576131687243,0,0,0.220576131687243
88,88,"ALT600E05",83.65,7.25,"イヌガヤ","EC",0,0,0,6.5,6.6,6.6,6.7,0.1595018394491,0.305349442615768,0.30075754729081,8.05970149253731,0,8.05970149253731,0
90,90,"ALT600E05",82.45,7.35,"カジカエデ","DB",0,0,0,7.5,8.6,8.9,9.3,1.13216515587866,2.73718365434395,1.56504393799497,0,0,0,0
39,39,"ALT600E03",93.65,47.65,"ウラジロガシ","EB",0,0,0,12,12.8,13.3,14.3,0.922909934094007,1.29077042275142,2.2162873268058,0,0,0,0
40,40,"ALT600E03",92.15,48.3,"アカガシ","EB",0,0,0,63,67.5,70,71.7,0.680821164284431,1.37985742973903,1.20726299454181,0.512684208106386,0.382510483391874,0,0
42,42,"ALT600E03",91.25,45.5,"イヌガシ","EB",0,0,0,6.3,6.7,6.9,7.1,0.629185003419909,1.23115785998867,1.15974515300699,0,0,0,0
45,45,"ALT600E03",91.1,41.55,"イヌガシ","EB",0,0,0,14.9,16,16.7,16.9,0.662907415671654,1.42455018576736,1.09449799378493,0.319246032232456,0.319246032232456,0,0
46,46,"ALT600E03",94.6,40.85,"アカガシ","EB",0,0,0,5.9,7.1,8.1,8.7,2.04405618288876,3.70284866271192,4.06456483226536,0,0,0,0
47,47,"ALT600E03",97.05,44.35,"イヌガシ","EB",0,0,0,6,7,7.1,7.3,1.03218357329626,3.08301359654517,0.839283981980644,0,0,0,0
49,49,"ALT600E03",99.5,42.85,"シキミ","EB",0,0,0,7.1,7.3,7.4,7.7,0.426976551644045,0.555591282141513,1.06691961410585,16.6947378525893,16.2688201425893,0,0
50,49,"ALT600E03",99.5,42.85,"シキミ","EB",0,0,0,5.1,5.8,6.3,6.6,1.35699531211631,2.57234755644187,2.58423462960012,19.7256461588542,19.2287421638542,0,0
51,51,"ALT600E03",99.2,42.25,"シキミ","EB",0,0,0,5.7,5.8,5.9,6,0.269964707302897,0.34783485423738,0.678031033513628,24.1666305205269,24.1666305205269,0,0
52,52,"ALT600E03",99.35,42.2,"アカガシ","EB",0,0,0,15.2,17,17.5,17.7,0.801416903829225,2.23835832407971,0.807025910471345,4.07432525661981,4.07432525661981,0,0
2654,2654,"ALT600E03",99.7,42.75,"イヌガシ","EB",NA,0,0,NA,5.2,5.7,6.1,NA,NA,3.19260291183767,17.938702497857,16.3258010058899,0,0
2655,2655,"ALT600E03",99.45,49.4,"イヌガシ","EB",NA,0,0,NA,4.9,4.9,5,NA,NA,0.404054146350389,0.941357448663283,0.941357448663283,0,0
2852,40,"ALT600E03",92.15,48.3,"アカガシ","EB",NA,NA,0,NA,NA,5.2,5.9,NA,NA,NA,22.2445341348003,20.6625924293714,0,0
2853,2853,"ALT600E03",91.5,48.55,"イヌガシ","EB",NA,NA,0,NA,NA,5.4,6.1,NA,NA,NA,21.4681259232581,19.25540241801,0,0
53,53,"ALT600E04",97.05,39.6,"イヌシデ","DB",0,0,0,39.7,39.9,39.9,40.1,0.0527639295756771,0.10050272405346,0.100000208334117,0,0,0,0
55,55,"ALT600E04",94.35,38.85,"イヌシデ","DB",0,0,0,35.7,35.9,36.2,36.1,0.0586430344907463,0.111732134172796,0.111111396892044,0.132488982082337,0.132488982082337,0,0
56,56,"ALT600E04",95.9,38.6,"シキミ","EB",0,0,0,8.5,8.6,8.7,8.8,0.182555568357316,0.233920795263825,0.459790364493976,0,0,0,0
57,57,"ALT600E04",95.3,36.2,"イヌシデ","DB",0,0,0,45.4,48,41.2,41.3,-0.498155816212186,1.11377811721177,-3.00677021881808,0,0,0,0
58,58,"ALT600E04",94.55,35.35,"イヌガシ","EB",0,0,0,7.4,9.2,9.7,10,1.58476364623117,4.35446967689741,1.66763217878102,0,0,0,0
59,59,"ALT600E04",92.1,36.1,"イヌガヤ","EC",0,0,0,15.9,15.9,15.9,15.9,0,0,0,0,0,0,0
67,67,"ALT600E04",99.4,34.15,"アカガシ","EB",0,0,0,21.2,25.6,28.2,29.7,1.7744519164773,3.771823396151,2.97109388646274,0,0,0,0
2657,2657,"ALT600E04",97.3,35.05,"イヌガシ","EB",NA,0,0,NA,5.1,5.5,5.7,NA,NA,2.22451270220449,2.53682565868398,2.53682565868398,0,0
2658,2658,"ALT600E04",96.7,35.35,"イヌガシ","EB",NA,0,0,NA,5.2,5.3,5.2,NA,NA,0,2.92408889365359,1.63404967586524,0,0
2700,2700,"ALT600E04",90.55,39.85,"アカガシ","EB",NA,0,0,NA,4.9,6.2,5.2,NA,NA,1.18846840941602,8.9181168296239,8.9181168296239,0,0
69,69,"ALT600E04",96.15,27.8,"イヌガシ","EB",0,0,0,8.1,8.5,8.5,8.5,0.253695272725672,0.964042036357554,0,0,0,0,0
70,70,"ALT600E04",94.35,27.8,"イヌガシ","EB",0,0,0,8.6,9.1,9.3,9.3,0.411853667893412,1.13024420526685,0.434799732728121,0,0,0,0
71,71,"ALT600E04",92.5,24.55,"イヌガシ","EB",0,0,0,13.7,15,15.7,15.8,0.750600564204432,1.81308736536262,1.03919477861422,0,0,0,0
72,72,"ALT600E04",90.75,21.6,"ウラジロガシ","EB",0,0,0,29.4,32,31.6,36.1,1.08051679470631,1.69482456910181,2.41113925078217,0,0,0,0
73,73,"ALT600E04",96.3,24.45,"アカガシ","EB",0,0,0,44,49,52.1,54.3,1.10702417379805,2.15261328384731,2.05407857658526,0,0,0,0
74,74,"ALT600E04",94.15,20.8,"イヌシデ","DB",0,0,0,26,28.7,29.4,29.4,0.646832296437652,1.97601169488187,0.48195103158121,0,0,0,0
75,75,"ALT600E04",98.5,21.5,"イヌシデ","DB",0,0,0,43.3,46.7,43.7,44,0.08440525742009,1.51183059332815,-1.19109061513181,0,0,0,0
76,76,"ALT600E05",96.2,16.5,"シキミ","EB",0,0,0,10.4,10.6,10.6,10.6,0.100253657740497,0.380963899413888,0,0,0,0,0
77,77,"ALT600E05",94.4,16.1,"エゴノキ","DB",0,0,0,21.1,24.9,26.2,26.9,1.27817497960933,3.31189525977282,1.54516966274263,0,0,0,0
78,78,"ALT600E05",94.65,17.95,"イヌガヤ","EC",0,0,0,10.1,10,9.9,9.7,-0.212681780725667,-0.199006617063362,-0.609184149694171,0,0,0,0
79,79,"ALT600E05",90.9,18.1,"イヌガヤ","EC",0,0,0,7.7,7.9,7.8,7.7,0,0.512848612266753,-0.512848612266753,0,0,0,0
83,83,"ALT600E05",98.9,4.2,"ケヤキ","DB",0,0,0,17.1,24.2,27.7,30.5,3.04551694791975,6.94548339308053,4.62748100901451,0,0,0,0
86,86,"ALT600E05",92.85,2.2,"イヌガヤ","EC",0,0,0,17.5,18.4,17.7,17.7,0.0598092560542895,1.00299567370943,-0.775720500703128,0,0,0,0
2294,81,"ALT600E05",97.25,8.8,"アブラチャン","DB",NA,0,0,NA,5.4,5.5,5.3,NA,NA,-0.373842660243053,0,0,0,0
2917,2917,"ALT600C05",56.65,16.9,"イヌガヤ","EC",NA,NA,0,NA,NA,NA,4.8,NA,NA,NA,0,0,0,0
2918,511,"ALT600C05",54.05,8.8,"イヌガヤ","EC",NA,NA,0,NA,NA,NA,5.8,NA,NA,NA,0,0,0,0
2923,330,"ALT600D04",62.9,21.8,"イヌガシ","EB",NA,NA,0,NA,NA,NA,5.5,NA,NA,NA,0,0,0,0
2930,289,"ALT600D05",77.4,16.9,"イヌガシ","EB",NA,NA,0,NA,NA,NA,4.9,NA,NA,NA,0,0,0,0
2936,2936,"ALT600E04",84.2,28.95,"イヌガシ","EB",NA,NA,0,NA,NA,NA,4.9,NA,NA,NA,14.7955664982791,0,14.1199698545221,0
2937,2937,"ALT600E04",80.7,25.55,"イヌガシ","EB",NA,NA,0,NA,NA,NA,4.9,NA,NA,NA,0,0,0,0
2938,2938,"ALT600E05",84.65,3.35,"オオモミジ","DB",NA,NA,0,NA,NA,NA,5,NA,NA,NA,0,0,0,0
2950,42,"ALT600E03",91.25,45.5,"イヌガシ","EB",NA,NA,0,NA,NA,NA,5.3,NA,NA,NA,0,0,0,0
2951,2951,"ALT600E03",97.65,40.7,"イヌガシ","EB",NA,NA,0,NA,NA,NA,5,NA,NA,NA,0,0,0,0
2952,2952,"ALT600E04",90.15,39.85,"イヌガシ","EB",NA,NA,0,NA,NA,NA,4.9,NA,NA,NA,16.6412159087294,16.6412159087294,0,0
2953,79,"ALT600E05",90.9,18.1,"イヌガヤ","EC",NA,NA,0,NA,NA,NA,5.2,NA,NA,NA,0,0,0,0
3458,3458,"ALT600C04",57.25,24.25,"イヌガシ","EB",NA,NA,0,NA,NA,NA,2.1,NA,NA,NA,0,0,0,0
3464,3464,"ALT600C05",59.5,17.8,"アブラチャン","DB",NA,NA,0,NA,NA,NA,2.6,NA,NA,NA,0,0,0,0
3465,3465,"ALT600C05",56.35,12.95,"イヌガシ","EB",NA,NA,0,NA,NA,NA,3.5,NA,NA,NA,10.6465201371762,10.6465201371762,0,0
3467,3467,"ALT600C05",52.95,14.15,"イヌガシ","EB",NA,NA,0,NA,NA,NA,2.3,NA,NA,NA,0,0,0,0
3514,3514,"ALT600D04",69.3,26.75,"イヌガシ","EB",NA,NA,0,NA,NA,NA,2.2,NA,NA,NA,0,0,0,0
3515,3515,"ALT600D04",67,24.7,"イヌガシ","EB",NA,NA,0,NA,NA,NA,3.3,NA,NA,NA,0,0,0,0
3516,3516,"ALT600D04",65,23.45,"イヌガシ","EB",NA,NA,0,NA,NA,NA,3.3,NA,NA,NA,1.95234540961711,1.95234540961711,0,0
3517,3517,"ALT600D04",64.05,21.75,"イヌガシ","EB",NA,NA,0,NA,NA,NA,4.1,NA,NA,NA,0,0,0,0
3518,3518,"ALT600D04",62.15,23.05,"イヌガシ","EB",NA,NA,0,NA,NA,NA,2,NA,NA,NA,0,0,0,0
3519,3519,"ALT600D05",66.1,20,"イヌガシ","EB",NA,NA,0,NA,NA,NA,2.4,NA,NA,NA,0,0,0,0
3558,3558,"ALT600D04",70.55,38.65,"ウラジロガシ","EB",NA,NA,0,NA,NA,NA,4.5,NA,NA,NA,0,0,0,0
3559,3559,"ALT600D04",75.8,37.65,"イヌガシ","EB",NA,NA,0,NA,NA,NA,2.2,NA,NA,NA,1.57541152960212,1.57541152960212,0,0
3560,3560,"ALT600D04",76.2,36.85,"イヌガシ","EB",NA,NA,0,NA,NA,NA,3.1,NA,NA,NA,0.793443475887022,0.793443475887022,0,0
3561,266,"ALT600D04",76.1,35.7,"イヌガシ","EB",NA,NA,0,NA,NA,NA,2.1,NA,NA,NA,0,0,0,0
3562,273,"ALT600D04",79.55,33.4,"ヤブニッケイ","EB",NA,NA,0,NA,NA,NA,3.4,NA,NA,NA,9.02940124964917,5.84637490984478,0,0
3563,3563,"ALT600D04",78.6,32.9,"イヌガシ","EB",NA,NA,0,NA,NA,NA,3.2,NA,NA,NA,0,0,0,0
3564,3564,"ALT600D04",73.7,32.05,"イヌガシ","EB",NA,NA,0,NA,NA,NA,2.4,NA,NA,NA,1.55238502828602,1.55238502828602,0,0
3565,3565,"ALT600D04",73.3,31.2,"イヌガシ","EB",NA,NA,0,NA,NA,NA,3.5,NA,NA,NA,0.729937776565507,0.729937776565507,0,0
3566,3566,"ALT600D04",73.45,30.05,"イヌガシ","EB",NA,NA,0,NA,NA,NA,2.1,NA,NA,NA,1.89311187556879,1.89311187556879,0,0
3567,3567,"ALT600D04",71.65,30.9,"ヤブニッケイ","EB",NA,NA,0,NA,NA,NA,2.8,NA,NA,NA,0,0,0,0
3568,3568,"ALT600D04",70.65,30.65,"イヌガシ","EB",NA,NA,0,NA,NA,NA,2.8,NA,NA,NA,0,0,0,0
3569,3569,"ALT600D04",71.65,32.45,"イヌガシ","EB",NA,NA,0,NA,NA,NA,2,NA,NA,NA,4.66690475583121,4.66690475583121,0,0
3571,3571,"ALT600D04",74.4,35.85,"イヌガシ","EB",NA,NA,0,NA,NA,NA,2.4,NA,NA,NA,0,0,0,0
3572,3572,"ALT600D04",74.05,27.85,"イヌガシ","EB",NA,NA,0,NA,NA,NA,2.4,NA,NA,NA,0,0,0,0
3573,3573,"ALT600D04",76.8,28.65,"イヌガシ","EB",NA,NA,0,NA,NA,NA,3.1,NA,NA,NA,0,0,0,0
3574,3574,"ALT600D04",77.35,26,"イヌガシ","EB",NA,NA,0,NA,NA,NA,3.3,NA,NA,NA,0,0,0,0
3575,3575,"ALT600D04",70.55,24.7,"イヌガシ","EB",NA,NA,0,NA,NA,NA,3,NA,NA,NA,0,0,0,0
3576,3575,"ALT600D04",70.55,24.7,"イヌガシ","EB",NA,NA,0,NA,NA,NA,2.9,NA,NA,NA,0,0,0,0
3577,3577,"ALT600D04",72.55,29.95,"イヌガシ","EB",NA,NA,0,NA,NA,NA,3.6,NA,NA,NA,0.644183902103267,0.644183902103267,0,0
3578,3578,"ALT600D05",70.5,19.2,"イヌガシ","EB",NA,NA,0,NA,NA,NA,3.9,NA,NA,NA,0,0,0,0
3579,289,"ALT600D05",77.4,16.9,"イヌガシ","EB",NA,NA,0,NA,NA,NA,3.6,NA,NA,NA,0,0,0,0
3580,297,"ALT600D05",79.2,14.65,"イヌガシ","EB",NA,NA,0,NA,NA,NA,2.8,NA,NA,NA,0,0,0,0
3581,303,"ALT600D05",72.4,7.5,"アブラチャン","DB",NA,NA,0,NA,NA,NA,3.4,NA,NA,NA,0,0,0,0
3582,303,"ALT600D05",72.4,7.5,"アブラチャン","DB",NA,NA,0,NA,NA,NA,3.3,NA,NA,NA,0,0,0,0
3583,303,"ALT600D05",72.4,7.5,"アブラチャン","DB",NA,NA,0,NA,NA,NA,3.3,NA,NA,NA,0,0,0,0
3584,303,"ALT600D05",72.4,7.5,"アブラチャン","DB",NA,NA,0,NA,NA,NA,2.6,NA,NA,NA,0,0,0,0
3585,303,"ALT600D05",72.4,7.5,"アブラチャン","DB",NA,NA,0,NA,NA,NA,2.9,NA,NA,NA,0,0,0,0
3586,303,"ALT600D05",72.4,7.5,"アブラチャン","DB",NA,NA,0,NA,NA,NA,2.7,NA,NA,NA,0,0,0,0
3587,3587,"ALT600D05",78.15,5.15,"ケヤキ","DB",NA,NA,0,NA,NA,NA,4.5,NA,NA,NA,0,0,0,0
3588,3588,"ALT600D05",79.45,1.15,"カマツカ","DB",NA,NA,0,NA,NA,NA,3.9,NA,NA,NA,0,0,0,0
3629,3629,"ALT600E03",85.65,44.7,"ヤブニッケイ","EB",NA,NA,0,NA,NA,NA,3.4,NA,NA,NA,0,0,0,0
3632,3632,"ALT600E03",87.85,48,"イヌガシ","EB",NA,NA,0,NA,NA,NA,3,NA,NA,NA,0,0,0,0
3633,3633,"ALT600E03",88.85,43.65,"イヌガシ","EB",NA,NA,0,NA,NA,NA,2.6,NA,NA,NA,0,0,0,0
3634,3634,"ALT600E03",85.75,40.15,"イヌガシ","EB",NA,NA,0,NA,NA,NA,4.3,NA,NA,NA,0,0,0,0
3636,3636,"ALT600E03",85,43.7,"イヌガシ","EB",NA,NA,0,NA,NA,NA,3.1,NA,NA,NA,0,0,0,0
3638,134,"ALT600E04",82.15,37.4,"イヌガシ","EB",NA,NA,0,NA,NA,NA,2.8,NA,NA,NA,0,0,0,0
3639,134,"ALT600E04",82.15,37.4,"イヌガシ","EB",NA,NA,0,NA,NA,NA,2.4,NA,NA,NA,0,0,0,0
3640,3640,"ALT600E04",85.35,36,"イヌガシ","EB",NA,NA,0,NA,NA,NA,3.2,NA,NA,NA,17.5828794099916,17.5828794099916,0,0
3641,3641,"ALT600E04",89.4,38.4,"イヌガシ","EB",NA,NA,0,NA,NA,NA,3,NA,NA,NA,0,0,0,0
3642,128,"ALT600E04",85.35,33.9,"イヌガシ","EB",NA,NA,0,NA,NA,NA,2.1,NA,NA,NA,0,0,0,0
3643,2293,"ALT600E04",81,29.65,"イヌガシ","EB",NA,NA,0,NA,NA,NA,3.2,NA,NA,NA,4.0914116978775,2.61003849692186,0,0
3644,3644,"ALT600E04",81.85,29.4,"イヌガシ","EB",NA,NA,0,NA,NA,NA,4.2,NA,NA,NA,2.84853622315281,2.84853622315281,0,0
3645,2936,"ALT600E04",84.2,28.95,"イヌガシ","EB",NA,NA,0,NA,NA,NA,2,NA,NA,NA,38.6491949977307,0,34.5939261435791,0
3646,124,"ALT600E04",89.65,29.35,"ウラジロガシ","EB",NA,NA,0,NA,NA,NA,4.3,NA,NA,NA,19.5123705016352,16.0766087041092,0,0
3647,124,"ALT600E04",89.65,29.35,"ウラジロガシ","EB",NA,NA,0,NA,NA,NA,2.6,NA,NA,NA,33.0383622705313,26.5882374721805,0,0
3648,3648,"ALT600E04",89.6,28.5,"イヌガシ","EB",NA,NA,0,NA,NA,NA,3,NA,NA,NA,26.3146237787094,26.3146237787094,0,0
3649,3649,"ALT600E04",88.05,21.6,"シキミ","EB",NA,NA,0,NA,NA,NA,4.2,NA,NA,NA,13.4687005940296,13.4687005940296,0,0
3650,3650,"ALT600E04",82.55,21.45,"ヤブニッケイ","EB",NA,NA,0,NA,NA,NA,2.6,NA,NA,NA,0,0,0,0
3651,103,"ALT600E05",84,16.3,"イヌガシ","EB",NA,NA,0,NA,NA,NA,3,NA,NA,NA,0,0,0,0
3652,103,"ALT600E05",84,16.3,"イヌガシ","EB",NA,NA,0,NA,NA,NA,2.8,NA,NA,NA,0,0,0,0
3653,91,"ALT600E05",89.45,12.5,"アブラチャン","DB",NA,NA,0,NA,NA,NA,2.7,NA,NA,NA,46.1728395061711,0,18.024691358024,0
3654,91,"ALT600E05",89.45,12.5,"アブラチャン","DB",NA,NA,0,NA,NA,NA,2.6,NA,NA,NA,48.2051282051264,0,18.717948717948,0
3655,91,"ALT600E05",89.45,12.5,"アブラチャン","DB",NA,NA,0,NA,NA,NA,2.6,NA,NA,NA,48.2051282051264,0,18.717948717948,0
3656,91,"ALT600E05",89.45,12.5,"アブラチャン","DB",NA,NA,0,NA,NA,NA,2.2,NA,NA,NA,58.181818181816,0,22.1212121212113,0
3657,91,"ALT600E05",89.45,12.5,"アブラチャン","DB",NA,NA,0,NA,NA,NA,2,NA,NA,NA,64.6666666666642,0,24.3333333333324,0
3658,91,"ALT600E05",89.45,12.5,"アブラチャン","DB",NA,NA,0,NA,NA,NA,2,NA,NA,NA,64.6666666666642,0,24.3333333333324,0
3711,2853,"ALT600E03",91.5,48.55,"イヌガシ","EB",NA,NA,0,NA,NA,NA,4.2,NA,NA,NA,31.8294783653861,28.6157608934782,0,0
3712,2853,"ALT600E03",91.5,48.55,"イヌガシ","EB",NA,NA,0,NA,NA,NA,2.9,NA,NA,NA,46.7415518438027,41.4435157767615,0,0
3713,2853,"ALT600E03",91.5,48.55,"イヌガシ","EB",NA,NA,0,NA,NA,NA,3.6,NA,NA,NA,37.3737108124897,33.3850543757246,0,0
3714,40,"ALT600E03",92.15,48.3,"アカガシ","EB",NA,NA,0,NA,NA,NA,2.9,NA,NA,NA,46.7415518438027,43.5231187189646,0,0
3715,3715,"ALT600E03",90.35,42.9,"ヤブニッケイ","EB",NA,NA,0,NA,NA,NA,2.8,NA,NA,NA,0,0,0,0
3716,3716,"ALT600E03",95.25,45.75,"シキミ","EB",NA,NA,0,NA,NA,NA,4.5,NA,NA,NA,7.54247233265693,7.54247233265693,0,0
3717,3717,"ALT600E03",95.2,45.8,"イヌガシ","EB",NA,NA,0,NA,NA,NA,2.4,NA,NA,NA,26.516504294497,26.516504294497,0,0
3718,3718,"ALT600E03",96.55,45.8,"イヌガシ","EB",NA,NA,0,NA,NA,NA,4,NA,NA,NA,1.03067700176496,1.03067700176496,0,0
3719,3719,"ALT600E03",97.75,45.95,"シロダモ","EB",NA,NA,0,NA,NA,NA,3.4,NA,NA,NA,0,0,0,0
3720,2654,"ALT600E03",99.7,42.75,"イヌガシ","EB",NA,NA,0,NA,NA,NA,2.2,NA,NA,NA,57.6670070279207,45.2669936981493,0,0
3721,3721,"ALT600E03",97.25,49.4,"イヌガシ","EB",NA,NA,0,NA,NA,NA,2.7,NA,NA,NA,0,0,0,0
3722,3722,"ALT600E03",98.95,49.5,"ヤブニッケイ","EB",NA,NA,0,NA,NA,NA,2.4,NA,NA,NA,4.08575281537883,4.08575281537883,0,0
3723,3723,"ALT600E03",96.75,46.65,"シキミ","EB",NA,NA,0,NA,NA,NA,3.6,NA,NA,NA,1.2724407429197,1.2724407429197,0,0
3724,3724,"ALT600E03",92.7,44.7,"イヌガシ","EB",NA,NA,0,NA,NA,NA,2.8,NA,NA,NA,0,0,0,0
3725,3725,"ALT600E04",93.9,39.7,"イヌガシ","EB",NA,NA,0,NA,NA,NA,4.6,NA,NA,NA,8.15978101793582,0,8.15978101793582,0
3726,3726,"ALT600E04",97.65,38,"イヌガシ","EB",NA,NA,0,NA,NA,NA,4.3,NA,NA,NA,0,0,0,0
3727,2658,"ALT600E04",96.7,35.35,"イヌガシ","EB",NA,NA,0,NA,NA,NA,2.3,NA,NA,NA,8.49057695804272,3.69437318021706,0,0
3728,2658,"ALT600E04",96.7,35.35,"イヌガシ","EB",NA,NA,0,NA,NA,NA,2.2,NA,NA,NA,8.9442719099992,3.86229923386329,0,0
3729,3729,"ALT600E04",96.05,34.3,"イヌガシ","EB",NA,NA,0,NA,NA,NA,2.3,NA,NA,NA,0,0,0,0
3730,3730,"ALT600E04",96.55,33.15,"イヌガシ","EB",NA,NA,0,NA,NA,NA,2.7,NA,NA,NA,0,0,0,0
3731,3731,"ALT600E04",99.9,32.05,"イヌガシ","EB",NA,NA,0,NA,NA,NA,3.5,NA,NA,NA,0,0,0,0
3732,3732,"ALT600E04",90.05,29.2,"イヌガシ","EB",NA,NA,0,NA,NA,NA,4,NA,NA,NA,36.1306479582251,36.1306479582251,0,0
3733,3733,"ALT600E04",90.1,28.1,"ヤブニッケイ","EB",NA,NA,0,NA,NA,NA,2.2,NA,NA,NA,2.1296422075719,2.1296422075719,0,0
3734,70,"ALT600E04",94.35,27.8,"イヌガシ","EB",NA,NA,0,NA,NA,NA,2.2,NA,NA,NA,0,0,0,0
3735,3735,"ALT600E04",91.5,23.35,"イヌガシ","EB",NA,NA,0,NA,NA,NA,2.3,NA,NA,NA,0,0,0,0
3736,3736,"ALT600E04",93.95,23.85,"ウラジロガシ","EB",NA,NA,0,NA,NA,NA,2.1,NA,NA,NA,0,0,0,0
3737,81,"ALT600E05",97.25,8.8,"アブラチャン","DB",NA,NA,0,NA,NA,NA,3.8,NA,NA,NA,0,0,0,0
3738,81,"ALT600E05",97.25,8.8,"アブラチャン","DB",NA,NA,0,NA,NA,NA,3.1,NA,NA,NA,0,0,0,0
3739,81,"ALT600E05",97.25,8.8,"アブラチャン","DB",NA,NA,0,NA,NA,NA,2.4,NA,NA,NA,0,0,0,0
3740,81,"ALT600E05",97.25,8.8,"アブラチャン","DB",NA,NA,0,NA,NA,NA,2.1,NA,NA,NA,0,0,0,0
2266,2266,"ALT600A03",4.55,48.95,"アカガシ","EB",NA,0,0,NA,6.4,7,7.4,NA,NA,2.90364019688996,0,0,0,0
997,997,"ALT600A03",9.45,41.55,"イヌガシ","EB",0,0,0,5.9,7.2,7.2,7.3,1.1206420907509,3.98257350220671,0.275866442646715,0.631414750354007,0.631414750354007,0,0
998,998,"ALT600A03",7.6,41.7,"イヌガシ","EB",0,0,0,5.5,6.5,7.9,8.7,2.41355228116901,3.34108169326332,5.83041697517893,0.75785138730311,0.75785138730311,0,0
1003,1003,"ALT600A03",1.2,45.25,"ヤブニッケイ","EB",0,0,0,6,8.7,8.8,9,2.13402688477981,7.43127112864966,0.678031033513628,7.92026675858227,7.92026675858227,0,0
1004,1004,"ALT600A03",1.2,45.5,"ヤブニッケイ","EB",0,0,0,6.5,11.5,14.5,16.6,4.93473957084687,11.4108971693523,7.34111319986586,2.3759502449506,2.3759502449506,0,0
1005,1005,"ALT600A03",4.3,47.9,"イヌガヤ","EC",0,0,0,6.8,7,7,7.1,0.227221957185309,0.579750737465048,0.283692699839128,0,0,0,0
2164,2164,"ALT600A03",7.85,48.55,"イヌガシ","EB",0,0,0,5.2,8.1,10.3,11.3,4.08496894805744,8.86410872182022,6.65877328079804,0,0,0,0
2267,2267,"ALT600A03",9.05,42.65,"イヌガシ","EB",NA,0,0,NA,6.3,7.5,8.3,NA,NA,5.51411762810131,0.850624200599352,0.850624200599352,0,0
2268,2268,"ALT600A03",6,43.95,"イヌガシ","EB",NA,1,0,NA,5.9,7.8,9.5,NA,NA,9.52678895389643,1.88814480693373,1.88814480693373,0,0
2362,2362,"ALT600A03",5.25,44.9,"イヌガシ","EB",NA,0,0,NA,6,8,9.1,NA,NA,8.33029888589499,2.19314309003478,2.19314309003478,0,0
2801,2801,"ALT600A03",5.25,47.5,"イヌガシ","EB",NA,NA,0,NA,NA,5.5,5.5,NA,NA,NA,2.9481272291726,2.07539995644533,0,0
2802,2801,"ALT600A03",5.25,47.5,"イヌガシ","EB",NA,NA,0,NA,NA,5.3,6.2,NA,NA,NA,2.46473652050257,1.69054297211548,0,0
2803,2803,"ALT600A03",8.2,46.9,"アカガシ","EB",NA,NA,0,NA,NA,5.3,6,NA,NA,NA,0,0,0,0
2804,2804,"ALT600A03",6.8,44.4,"イヌガシ","EB",NA,NA,0,NA,NA,5,5.4,NA,NA,NA,2.77491712583839,2.77491712583839,0,0
2805,2805,"ALT600A03",5.6,44.6,"イヌガシ","EB",NA,NA,0,NA,NA,7.8,9.2,NA,NA,NA,3.49869407837237,3.49869407837237,0,0
987,987,"ALT600A04",8.95,36.65,"ケヤキ","DB",0,0,0,104,108.5,109.6,111.2,0.352313066711102,0.847185476782833,0.491604176719356,0,0,0,0
989,989,"ALT600A04",9.6,33.35,"イヌガシ","EB",0,0,0,14.5,15.6,16.1,16.3,0.61587609676941,1.46244529657925,0.877883871144507,0,0,0,0
990,990,"ALT600A04",10,32.4,"アカガシ","EB",0,0,0,23.7,28.1,31.1,33.9,1.88389455918589,3.40589056397229,3.75290876093409,0,0,0,0
991,991,"ALT600A04",3.4,32.95,"ムラサキシキブ","DB",0,0,0,6.1,6,6,6.2,0.0855816887988438,-0.330586039024209,0.655796456459819,5.03244186779481,0,2.41421197711778,0
992,991,"ALT600A04",3.4,32.95,"ムラサキシキブ","DB",0,0,0,5.6,6.6,6.7,7.1,1.24909571740087,3.28606102582553,1.4605027002978,4.12729196960941,0,1.84095037493369,0
993,994,"ALT600A04",3.85,36.35,"ヒサカキ","EB",0,0,0,6.5,7.5,8.3,8.7,1.53432025662603,2.86201687281346,2.96840010236546,0,0,0,0
994,994,"ALT600A04",3.85,36.35,"ヒサカキ","EB",0,0,0,16,17.4,18.1,18.8,0.848779724190117,1.67762967961404,1.54773327230841,0,0,0,0
2806,2806,"ALT600A04",4.25,33.65,"イヌガシ","EB",NA,NA,0,NA,NA,5,5.6,NA,NA,NA,0.562066627127539,0.562066627127539,0,0
2807,2807,"ALT600A04",6.75,32.05,"イヌガシ","EB",NA,NA,0,NA,NA,5.2,5.4,NA,NA,NA,1.55265710232838,1.55265710232838,0,0
2808,2808,"ALT600A04",6.65,31.45,"イヌガシ","EB",NA,NA,0,NA,NA,4.9,5.1,NA,NA,NA,1.74069515970379,1.74069515970379,0,0
977,978,"ALT600A04",9.3,26.55,"ヤブニッケイ","EB",0,0,0,33.9,39.9,42.8,45.5,1.54893321879211,3.25922619018827,2.62672004122174,0,0,0,0
978,978,"ALT600A04",9.3,26.55,"ヤブニッケイ","EB",0,0,0,42.2,44.3,44.5,45.1,0.349800134035086,0.971289120182475,0.357951389150858,0,0,0,0
983,983,"ALT600A04",3.75,21.05,"ミズキ","DB",0,0,0,29.7,32.8,34.5,35.3,0.909136411213669,1.98562939162888,1.46908897098306,0,0,0,0
2270,2270,"ALT600A04",3.2,29.65,"イヌガシ","EB",NA,0,0,NA,8.8,11,12.3,NA,NA,6.69695081788422,0.704108590857136,0.442907016829488,0,0
2342,978,"ALT600A04",9.3,26.55,"ヤブニッケイ","EB",NA,0,0,NA,5.1,5.3,5.3,NA,NA,0.769325616555923,0,0,0,0
2578,2578,"ALT600A04",0.2,27.25,"アブラチャン","DB",NA,0,0,NA,5.5,6.7,7.7,NA,NA,6.72944473242426,0,0,0,0
974,974,"ALT600A05",4.35,15.35,"イヌガシ","EB",0,0,0,5.9,8.8,10,11.9,3.69255815371479,7.99598741144974,6.03573357266646,0,0,0,0
976,975,"ALT600A05",1.55,12.35,"ヤブニッケイ","EB",0,0,0,6,10.1,12.5,15.6,5.02900760540756,10.4155190923832,8.69470980816555,0,0,0,0
958,958,"ALT600A05",8.6,2.55,"イタヤカエデ","DB",0,0,0,67.4,70,71.5,72.8,0.405636512023046,0.757004482621951,0.784414263065627,0,0,0,0
959,959,"ALT600A05",7.25,0.9,"アカガシ","EB",0,0,0,8.4,9.4,9.6,9.6,0.702796803286961,2.24955966853381,0.421068183956645,4.66352155163583,4.66352155163583,0,0
960,960,"ALT600A05",6.9,0.45,"イヌガシ","EB",0,0,0,11.3,13,13.7,13.9,1.08992691799132,2.80293263486484,1.33878965350219,3.83085541611997,3.83085541611997,0,0
961,961,"ALT600A05",6.7,0.65,"アカガシ","EB",0,0,0,6.3,6.8,6.9,7.3,0.775393235562413,1.52745957569148,1.41903471944569,12.2311666927759,12.2311666927759,0,0
962,962,"ALT600A05",3.7,1.15,"イヌガシ","EB",0,0,0,9.3,10.6,11.3,11.5,1.11754018531576,2.61679201917622,1.62986068502366,15.2865915729207,0,15.2865915729207,0
964,964,"ALT600A05",2.8,0.1,"ウラジロガシ","EB",0,0,0,18.3,19.6,20.4,21.2,0.774211167529429,1.37257012778193,1.5694323088299,0,0,0,0
965,965,"ALT600A05",4.1,1.3,"オオモミジ","DB",0,0,0,40,40.1,40.1,40.1,0.013141474729406,0.0499376039717429,0,2.71442062075814,0.671308325563842,0,0
966,965,"ALT600A05",4.1,1.3,"オオモミジ","DB",0,0,0,33.9,34.3,34.6,35,0.168068668963206,0.234606795709792,0.404054146350389,3.45104182589734,0.76912753871743,0,0
968,968,"ALT600A05",2.3,2.4,"アオハダ","DB",0,0,0,10.2,10,10.1,10.4,0.102200451879483,-0.396052545923593,0.784414263065627,0,0,0,0
969,969,"ALT600A05",2.05,3.75,"イヌガシ","EB",0,0,0,12,13.2,13.8,14,0.811319367511886,1.90620359608649,1.17681000045867,0,0,0,0
970,970,"ALT600A05",3.65,4.4,"イヌガシ","EB",0,0,0,5.7,6.3,6.7,7.1,1.15594004845666,2.00166917113965,2.39090301299565,0,0,0,0
972,972,"ALT600A05",3.8,8.8,"カジカエデ","DB",0,0,0,33.9,34.1,34.3,34.8,0.137907223126443,0.117647398061332,0.406400049819151,0,0,0,0
2809,2809,"ALT600A05",5.5,4.2,"ヤブニッケイ","EB",NA,NA,0,NA,NA,5.1,5.9,NA,NA,NA,0,0,0,0
911,911,"ALT600A03",18.6,41.05,"イヌガシ","EB",0,0,0,6.2,6.7,7.4,7.4,0.931214253468833,1.55116468691749,1.98744947626408,0.351779120787012,0.351779120787012,0,0
912,912,"ALT600A03",18.85,44.1,"イヌガシ","EB",0,0,0,8,9.2,10.2,10.9,1.62800656608033,2.79523884750317,3.39118610360207,6.42628009512698,6.42628009512698,0,0
913,913,"ALT600A03",18.65,44.25,"イヌガシ","EB",0,0,0,10.7,13.1,14.9,15.9,2.08460719872803,4.04736977478491,3.8741375803816,3.28682614261274,3.28682614261274,0,0
914,914,"ALT600A03",18,44.55,"イヌガシ","EB",0,0,0,5.3,6,6.1,6.2,0.825486692068262,2.48105297339958,0.655796456459819,5.41021995879217,5.41021995879217,0,0
916,916,"ALT600A03",17.3,47.3,"イヌガシ","EB",0,0,0,12,13.1,13.1,13.1,0.461608317995292,1.75411160838211,0,0,0,0,0
917,917,"ALT600A03",13.9,48.75,"イヌガシ","EB",0,0,0,5.9,6.2,6.5,8.8,2.10420721353941,0.99193882278744,7.0040485886623,0,0,0,0
918,918,"ALT600A03",13.8,45.1,"イヌガシ","EB",0,0,0,6.5,9.5,11.3,12.1,3.2705435563216,7.58979243409807,4.838273079924,0.824694302451087,0.824694302451087,0,0
920,920,"ALT600A03",12.25,42.55,"イヌガシ","EB",0,0,0,13.5,15.6,17.1,18,1.51411617079885,2.89162457622215,2.86201687281347,0.175317606170421,0.175317606170421,0,0
922,922,"ALT600A03",13.05,40.45,"イヌガシ","EB",0,0,0,5.3,7,8.5,9.4,3.01580457219938,5.56406656994475,5.8959908044129,0.9852046380527,0.9852046380527,0,0
2276,2276,"ALT600A03",18.1,46.2,"ヤブニッケイ","EB",NA,0,0,NA,5.1,5.4,6,NA,NA,3.2503785899555,0,0,0,0
2363,2363,"ALT600A03",15.45,49.25,"イヌガシ","EB",NA,0,0,NA,6.3,7.2,8.1,NA,NA,5.02628856561812,1.22554378682774,1.22554378682774,0,0
2581,2581,"ALT600A03",17.75,48.4,"イヌガシ","EB",NA,0,0,NA,4.7,7.1,5.7,NA,NA,3.85807332248983,0,0,0,0
2692,2692,"ALT600A03",10.45,40.55,"イヌガシ","EB",NA,0,0,NA,5.8,6.5,7.4,NA,NA,4.87244165315501,0,0,0,0
2810,2810,"ALT600A03",14.3,46.45,"イヌガシ","EB",NA,NA,0,NA,NA,5.1,5.8,NA,NA,NA,0.365516510347022,0.365516510347022,0,0
923,923,"ALT600A04",19.45,32.25,"イヌガシ","EB",0,0,0,9.4,9.7,9.8,9.9,0.272763515076768,0.628323924667578,0.408177432624145,0,0,0,0
924,924,"ALT600A04",16.6,32.6,"ヤブニッケイ","EB",0,0,0,7,7.6,8,9.3,1.49528553212577,1.64476196473944,4.0373230573385,0.501792114695337,0.501792114695337,0,0
925,925,"ALT600A04",18.45,37.25,"イヌガシ","EB",0,0,0,11.8,15.4,18,19.5,2.64376281104254,5.32535955895929,4.72093912300235,0.48069112244963,0.269398321372869,0,0
926,926,"ALT600A04",18.25,38.95,"イヌガシ","EB",0,0,0,7.4,9,10.3,11.1,2.13402688477981,3.91489154252191,4.19441061964138,1.51478990487979,1.51478990487979,0,0
929,929,"ALT600A04",11.45,30,"イヌガシ","EB",0,0,0,8.4,8.5,8.5,8.6,0.123844723211548,0.236689152940056,0.233920795263825,1.13178294573643,0.759689922480619,0,0
2582,2582,"ALT600A04",17.8,35.85,"イヌガシ","EB",NA,0,0,NA,5.1,5.4,5.4,NA,NA,1.14316827679898,0,0,0,0
2811,923,"ALT600A04",19.45,32.25,"イヌガシ","EB",NA,NA,0,NA,NA,5.7,6.7,NA,NA,NA,0,0,0,0
931,932,"ALT600A04",16.65,21.8,"ヤブニッケイ","EB",0,0,0,10.7,12.4,13.4,14.5,1.59949951557194,2.94905462286262,3.12904353631075,2.96519356776385,1.51756368916216,0,0
932,932,"ALT600A04",16.65,21.8,"ヤブニッケイ","EB",0,0,0,15.7,18.2,20.1,21.7,1.70342920101132,2.95521763456974,3.51781332927328,1.64489478848217,0.677584500937256,0,0
933,933,"ALT600A04",17.15,22.65,"イヌガシ","EB",0,0,0,12.6,13.5,14.3,14.6,0.775393235562413,1.37985742973903,1.56663686539814,2.93793854159337,2.93793854159337,0,0
934,934,"ALT600A04",19.4,21.25,"ヒメシャラ","DB",0,0,0,38.2,39,39.1,40,0.242336518428457,0.414522610342339,0.506356159685796,0.0859785304149105,0.0859785304149105,0,0
935,935,"ALT600A04",18.75,23.5,"イヌガシ","EB",0,0,0,6.5,7.6,8.1,8.7,1.53432025662603,3.12692140781388,2.70349556736505,0,0,0,0
936,936,"ALT600A04",16.75,25.35,"イヌガシ","EB",0,0,0,38.9,40.8,42.4,42.7,0.490550892685149,0.953756615714307,0.910336776489258,0,0,0,0
937,937,"ALT600A04",17.95,25.9,"イヌガシ","EB",0,0,0,7.4,8.2,8.7,9.4,1.25910362666228,2.05308308120166,2.73151070011502,0,0,0,0
938,938,"ALT600A04",15.25,29.65,"イヌガシ","EB",0,0,0,22.7,24.3,25.1,25.4,0.591496050195442,1.36222851718292,0.885456473559761,0,0,0,0
939,939,"ALT600A04",14.5,27.85,"イヌガシ","EB",0,0,0,11.6,12.2,12.3,12.3,0.308390338242384,1.00861707253784,0.163266212783221,0,0,0,0
941,941,"ALT600A04",10.85,27.95,"イヌガシ","EB",0,0,0,16.9,17.4,17.9,18.1,0.361043770225013,0.58313168582911,0.788834641025937,0,0,0,0
942,942,"ALT600A04",12.55,22.55,"ヒイラギ","EB",0,0,0,17.3,18.2,18.9,19.7,0.683748074948471,1.01430185158032,1.58394083322386,0,0,0,0
2812,942,"ALT600A04",12.55,22.55,"ヒイラギ","EB",NA,NA,0,NA,NA,5.1,6,NA,NA,NA,0,0,0,0
2813,942,"ALT600A04",12.55,22.55,"ヒイラギ","EB",NA,NA,0,NA,NA,5.1,5.9,NA,NA,NA,0,0,0,0
943,943,"ALT600A05",17.9,13.4,"ケヤキ","DB",0,0,0,53,55.4,56.6,57.7,0.447185578747011,0.885753604022326,0.813551595216318,0,0,0,0
946,946,"ALT600A05",17.5,15.1,"ヒイラギ","EB",0,0,0,13.1,14.6,15.4,16.5,1.21446395104963,2.1681859701437,2.44677704384488,0,0,0,0
947,947,"ALT600A05",18.05,16.4,"シキミ","EB",0,0,0,5.3,5.2,5.7,5.8,0.474479457864724,-0.380963899413887,2.18398583929984,2.34444723081448,2.34444723081448,0,0
948,948,"ALT600A05",18.25,18.65,"アカガシ","EB",0,0,0,10.1,11.6,12.2,12.8,1.24689340567557,2.7693934853021,1.96880145626505,0,0,0,0
949,949,"ALT600A05",16.65,18.35,"ヒイラギ","EB",0,0,0,23.2,25.3,26.5,27.7,0.93305333958436,1.73304234122421,1.81256034919636,1.10249804742084,0,1.10249804742084,0
950,950,"ALT600A05",15.7,18.6,"オオモミジ","DB",0,0,0,28.5,29.1,29.5,30,0.269964707302897,0.416681738056841,0.609184149694169,0.939928585339485,0.939928585339485,0,0
951,951,"ALT600A05",13.5,18.05,"イヌガシ","EB",0,0,0,8,8.5,8.8,9.2,0.735589170395572,1.2124924363287,1.58274641117448,0,0,0,0
952,952,"ALT600A05",13.7,16.55,"イヌガヤ","EC",0,0,0,10.9,10.8,10.7,10.8,-0.0485087110785471,-0.184333102098479,0,0,0,0,0
953,953,"ALT600A05",12.7,17.25,"ケヤキ","DB",0,0,0,25,25.9,26.3,26.9,0.385528745997855,0.707342876745827,0.757666358046026,0,0,0,0
954,954,"ALT600A05",10.95,19.25,"ミズキ","DB",0,0,0,16.7,18.4,19.7,20.1,0.975321556012214,1.93883890384461,1.7673830090018,0,0,0,0
955,955,"ALT600A05",11.2,13.4,"ケヤキ","DB",0,0,0,60.4,61.8,62.4,63.3,0.246822232680848,0.458285190457517,0.479639293729708,0.0688836106812731,0,0.0688836106812731,0
2814,944,"ALT600A05",16.75,13,"アブラチャン","DB",NA,NA,0,NA,NA,5.3,5.7,NA,NA,NA,0,0,0,0
819,819,"ALT600B03",21.75,50,"イヌガシ","EB",0,0,0,11.5,12.7,13.3,14,1.03531733813713,1.98509916190682,1.94910672301426,0.470881099542496,0.470881099542496,0,0
2345,2345,"ALT600B03",24.35,48.2,"イヌガシ","EB",NA,0,0,NA,5.8,6.7,8.1,NA,NA,6.68012288252039,0.433115071262734,0.433115071262734,0,0
2817,2817,"ALT600B03",22.55,49.45,"ヒサカキ","EB",NA,NA,0,NA,NA,5.5,6.4,NA,NA,NA,2.25323963648265,2.25323963648265,0,0
807,807,"ALT600B03",20,42.45,"イヌガシ","EB",0,0,0,12.5,14.5,15.4,16.2,1.36464525226359,2.96840010236546,2.21725185623619,0.218844054766203,0.218844054766203,0,0
808,808,"ALT600B03",23.85,41.6,"ヤブニッケイ","EB",0,0,0,8.8,10,10.1,10.5,0.929597556206931,2.5566674301977,0.975803283388641,0,0,0,0
810,810,"ALT600B03",26.9,43.2,"イヌガシ","EB",0,0,0,11.5,13.3,13.7,14,1.03531733813713,2.90833999717007,1.02586588775101,0,0,0,0
811,811,"ALT600B03",28.55,45,"イヌガシ","EB",0,0,0,8.3,11.5,13,14.5,2.93627965591567,6.52183041133304,4.63603228114649,0,0,0,0
812,812,"ALT600B03",26.65,44.85,"ケヤキ","DB",0,0,0,31.9,32.1,32.2,32.6,0.11424357148349,0.125000406903427,0.309125164733833,0,0,0,0
813,813,"ALT600B03",26.4,46.4,"イヌガシ","EB",0,0,0,6.4,7.4,8.1,8.4,1.43123008149285,2.90364019688996,2.53503411278288,0,0,0,0
814,814,"ALT600B03",25.65,45.55,"アカガシ","EB",0,0,0,84.7,86.7,87.2,89,0.260635621442795,0.46676564256975,0.523649718912874,0,0,0,0
815,815,"ALT600B03",28.05,48.1,"イヌガシ","EB",0,0,0,8,9.6,10.4,11.3,1.81769044230768,3.64643113587909,3.26079254489009,0.570404928790139,0.570404928790139,0,0
2588,2588,"ALT600B03",21.5,42.1,"イヌガシ","EB",NA,0,0,NA,5,5.3,6.4,NA,NA,4.93720155863052,0,0,0,0
2589,2589,"ALT600B03",22.1,40.45,"イヌガシ","EB",NA,0,0,NA,5.1,5.3,5.4,NA,NA,1.14316827679898,0,0,0,0
798,798,"ALT600B04",20.5,33.25,"イヌガシ","EB",0,0,0,7.5,7.7,7.8,7.9,0.273472310161638,0.526346166347467,0.512848612266753,0,0,0,0
799,799,"ALT600B04",22.3,34.15,"イヌガシ","EB",0,0,0,8.4,9.7,9.8,9.9,0.864752901533033,2.87788359320138,0.408177432624145,0.283568315405475,0.283568315405475,0,0
800,800,"ALT600B04",27.2,32.4,"イヌガシ","EB",0,0,0,22.7,23.9,24.9,25.1,0.528962745528323,1.03027068900216,0.979787744005467,0,0,0,0
801,800,"ALT600B04",27.2,32.4,"イヌガシ","EB",0,0,0,4.9,6,6.6,6.7,1.64669642779126,4.05048528222948,2.20696114337731,0,0,0,0
802,802,"ALT600B04",29.15,30.45,"アカガシ","EB",0,0,0,94,97,98.5,102.9,0.476120318789475,0.628323924667578,1.18093328673242,0,0,0,0
803,803,"ALT600B04",29.75,32.05,"イヌガシ","EB",0,0,0,10.4,12.7,14.1,15.1,1.96257335617659,3.99592374634437,3.46185500712666,0,0,0,0
805,805,"ALT600B04",25.8,38.95,"イヌガシ","EB",0,0,0,8.5,10.2,10.9,12.3,1.9449110467479,3.64643113587909,3.74423084176293,0,0,0,0
806,806,"ALT600B04",24.2,35.55,"イヌガシ","EB",0,0,0,10.2,11.7,13.3,15.5,2.20238054544724,2.7440224302697,5.62502364242981,0,0,0,0
2590,2590,"ALT600B04",24.2,31.6,"ヤブニッケイ","EB",NA,0,0,NA,4.9,6.4,8.1,NA,NA,10.0525771312362,0,0,0,0
2818,2818,"ALT600B04",20.8,38.35,"イヌガシ","EB",NA,NA,0,NA,NA,5.2,5.9,NA,NA,NA,1.28407283498079,1.28407283498079,0,0
785,785,"ALT600B04",20.95,22.75,"アカガシ","EB",0,0,0,38.9,42.7,44.5,46,0.882353399287866,1.86409339220357,1.48884952509032,0.113391602066109,0.113391602066109,0,0
786,786,"ALT600B04",22.85,21.35,"イヌガシ","EB",0,0,0,7.8,9.2,10.1,10.7,1.66378951459113,3.30159500718897,3.02080514825732,21.8173361542972,21.8173361542972,0,0
787,787,"ALT600B04",23.05,21.45,"アカガシ","EB",0,0,0,41.7,47,49.8,52.2,1.18200718991493,2.39292945810605,2.09869786357069,0.916702197672334,0.916702197672334,0,0
788,788,"ALT600B04",26.75,23,"イヌガシ","EB",0,0,0,7,7,7.2,7.4,0.292472900814794,0,1.11139702309622,0,0,0,0
789,791,"ALT600B04",27.45,24.7,"イヌガシ","EB",0,0,0,7.2,8.8,9.7,10.4,1.93539357960693,4.01341390924302,3.34108169326332,0,0,0,0
790,791,"ALT600B04",27.45,24.7,"イヌガシ","EB",0,0,0,5.2,5.4,5.6,5.7,0.483197627648015,0.754806559656942,1.08134442540552,0,0,0,0
791,791,"ALT600B04",27.45,24.7,"イヌガシ","EB",0,0,0,10.6,12.1,13.2,13.8,1.38849784760599,2.64702902969348,2.62926279120928,0,0,0,0
792,791,"ALT600B04",27.45,24.7,"イヌガシ","EB",0,0,0,5.8,6.5,6.9,7.5,1.35286896310469,2.27888518698436,2.86201687281346,0,0,0,0
795,795,"ALT600B04",24.9,27.7,"イヌガシ","EB",0,0,0,8.8,9.4,9.9,10.7,1.02890536833526,1.31915935583595,2.59068104383804,0,0,0,0
796,796,"ALT600B04",24.65,25.7,"ケヤキ","DB",0,0,0,34.5,35.4,35.7,37,0.368203097931108,0.515049922048291,0.884121850089914,0,0,0,0
797,797,"ALT600B04",21.75,25.45,"イヌガシ","EB",0,0,0,13.1,13.7,13.8,13.8,0.27398085240028,0.895672052539469,0.145455186581598,0.484669914533177,0.484669914533177,0,0
765,765,"ALT600B05",26.6,12.15,"アカガシ","EB",0,0,0,20.5,25.9,28.6,30.5,2.09106209194212,4.67636165122259,3.26967429815748,0,0,0,0
766,766,"ALT600B05",29.4,13.05,"イヌガシ","EB",0,0,0,31.9,35.5,37.1,38,0.92094815755572,2.13853373381143,1.36106926490031,0,0,0,0
767,766,"ALT600B05",29.4,13.05,"イヌガシ","EB",0,0,0,9.7,10.9,11.7,12.1,1.16357666891241,2.33273807451522,2.08885326735195,0,0,0,0
768,766,"ALT600B05",29.4,13.05,"イヌガシ","EB",0,0,0,5.6,5.6,6,6,0.363120376247113,0,1.37985742973903,0,0,0,0
769,771,"ALT600B04",26.65,20,"アカガシ","EB",0,0,0,10.5,10.8,10.8,10.9,0.196776484587476,0.563417539333929,0.184333102098481,0,0,0,0
770,771,"ALT600B04",26.65,20,"アカガシ","EB",0,0,0,14.4,15.2,15.6,15.8,0.488324912899822,1.08134442540552,0.774290243613808,0,0,0,0
771,771,"ALT600B04",26.65,20,"アカガシ","EB",0,0,0,16.3,18.7,19.9,20.4,1.18089364756555,2.74716832095648,1.74022753979259,0,0,0,0
773,773,"ALT600B05",20.7,19.75,"ヒイラギ","EB",0,0,0,5.5,5.5,5.6,5.6,0.0948342394877801,0,0.360370110053564,0,0,0,0
774,774,"ALT600B05",23.75,15.8,"シキミ","EB",0,0,0,5.6,6.3,6.8,7.2,1.32270751726793,2.35566071312767,2.67062785249046,0,0,0,0
775,775,"ALT600B05",22.3,17.1,"ケヤキ","DB",0,0,0,55.6,59.1,61.3,64.3,0.765139105194931,1.22095446311032,1.68657413663042,0.234116037964854,0.234116037964854,0,0
776,776,"ALT600B05",21.65,17.2,"アカガシ","EB",0,0,0,7.2,9,9.7,9.9,1.67607226904492,4.4628710262842,1.9062035960865,10.5977917801785,0.721754459442756,9.87603732073574,0
777,777,"ALT600B05",20.4,13.95,"シキミ","EB",0,0,0,8.2,9,9.5,9.9,0.991582120370195,1.86180846132024,1.9062035960865,0,0,0,0
778,779,"ALT600B05",21.8,10,"アブラチャン","DB",0,0,0,5.5,5.7,5.8,5.8,0.279525396389202,0.714361652041585,0.34783485423738,11.2534005326153,0,2.39094912166047,0
783,779,"ALT600B05",21.8,10,"アブラチャン","DB",0,0,0,6.3,6.9,7.3,7.5,0.917649406025146,1.81943556411454,1.66763217878102,8.28352293029676,0,1.42989383915837,0
784,784,"ALT600B05",24.15,11.9,"イヌツゲ","EB",0,0,0,8.9,9,9,9.2,0.174485301667896,0.223466011962505,0.439578134375503,0,0,0,0
2583,2583,"ALT600B05",20.75,16.85,"イヌガシ","EB",NA,0,0,NA,5.3,6.4,6.9,NA,NA,5.27629182090275,1.48580454883395,1.48580454883395,0,0
2591,779,"ALT600B05",21.8,10,"アブラチャン","DB",NA,0,0,NA,5,5.5,5.6,NA,NA,2.26657370614006,11.7213434321403,0,1.91503639172996,0
2592,779,"ALT600B05",21.8,10,"アブラチャン","DB",NA,0,0,NA,5.1,6.2,7.4,NA,NA,7.44478920959688,8.42044892468028,0,1.44921672887673,0
2819,779,"ALT600B05",21.8,10,"アブラチャン","DB",NA,NA,0,NA,NA,5.4,5.8,NA,NA,NA,11.2534005326153,0,1.8490006540841,0
755,755,"ALT600B05",27.2,6.1,"アオキ","EB",0,0,0,4.9,4.9,5.2,5.1,0.210554392703679,0,0.80010669227398,0,0,0,0
756,756,"ALT600B05",28.45,7.1,"イヌガヤ","EC",0,0,0,25.7,26.9,26.5,27,0.259715126858711,0.912705894132387,0.0742115879307155,0,0,0,0
758,758,"ALT600B05",24.7,5.35,"ヒイラギ","EB",0,0,0,13.5,14.8,15,15.4,0.693041178816841,1.83874990651371,0.794806572990282,0,0,0,0
759,758,"ALT600B05",24.7,5.35,"ヒイラギ","EB",0,0,0,13.5,13.1,13.1,13.2,-0.118278188695045,-0.601549104745559,0.152091987704384,0,0,0,0
677,677,"ALT600B03",37.9,47.15,"ウラジロガシ","EB",0,0,0,5.8,6.6,7.2,7.9,1.62634127326633,2.58423462960012,3.59586220881192,0,0,0,0
681,681,"ALT600B03",30.5,49.25,"イヌガシ","EB",0,0,0,5.3,7.5,8.5,9,2.78693556199023,6.94392399968377,3.64643113587909,0,0,0,0
682,682,"ALT600B03",30.7,45.15,"イヌガシ","EB",0,0,0,7.5,9.1,10.3,11.5,2.24970534119442,3.86742785961079,4.681452436928,0,0,0,0
683,683,"ALT600B03",31.7,45.75,"オオモミジ","DB",0,0,0,19.9,11.4,21.8,22.6,0.669632497619967,-11.1421275265999,13.6867310175558,0,0,0,0
2170,2170,"ALT600B03",33.25,41.75,"イヌガシ","EB",0,0,0,9.4,11,11.2,11.6,1.106817941244,3.14371167044825,1.06219650627897,0.308423169310316,0.308423169310316,0,0
2595,2595,"ALT600B03",37.1,47.95,"イヌガシ","EB",NA,0,0,NA,5.8,6.4,7.3,NA,NA,4.60032861203944,0,0,0,0
2820,680,"ALT600B03",34.3,46.45,"イヌガシ","EB",NA,NA,0,NA,NA,6.5,7.4,NA,NA,NA,0,0,0,0
2821,2821,"ALT600B03",35.6,41.55,"イヌガシ","EB",NA,NA,0,NA,NA,5.1,5.4,NA,NA,NA,0,0,0,0
685,685,"ALT600B04",39.5,36.2,"イヌガシ","EB",0,0,0,12.1,13.5,13.9,14.2,0.842297431602734,2.18968465683377,1.01104558325662,0,0,0,0
686,685,"ALT600B04",39.5,36.2,"イヌガシ","EB",0,0,0,8.6,8.9,NA,9.2,0.354954109450171,0.685781469572643,0.663044146338007,0,0,0,0
687,688,"ALT600B04",35.7,36.05,"イヌガシ","EB",0,0,0,8.7,10.2,11.1,11.4,1.42258068284164,3.18129389259375,2.22451270220449,0,0,0,0
688,688,"ALT600B04",35.7,36.05,"イヌガシ","EB",0,0,0,15.4,17,18.1,18.7,1.02187376021557,1.97691669273265,1.90620359608649,0,0,0,0
690,690,"ALT600B04",33.5,30.4,"イヌガシ","EB",0,0,0,11.8,13.1,13.8,14,0.899777884966524,2.09025397470973,1.32890198816306,0,0,0,0
691,691,"ALT600B04",34.8,30.7,"イヌガシ","EB",0,0,0,7.7,9.9,10.9,11.2,1.97207078653374,5.02628856561812,2.46758042321009,0,0,0,0
2234,2234,"ALT600B04",34.3,39.65,"イヌガシ","EB",NA,0,0,NA,6.7,7.6,8.4,NA,NA,4.52248358904695,0,0,0,0
692,692,"ALT600B04",37.1,21.65,"イヌガシ","EB",0,0,0,27.1,27.2,27.7,28.2,0.209411842412698,0.0736649083259274,0.722100092842327,0,0,0,0
693,693,"ALT600B04",38.6,23.85,"イヌガシ","EB",0,0,0,20.1,22.1,23,23.4,0.800085301571713,1.89715586917354,1.14316827679897,0,0,0,0
694,693,"ALT600B04",38.6,23.85,"イヌガシ","EB",0,0,0,5.7,6.1,6.2,6.2,0.442542722160744,1.35645192677522,0.325210417435607,0,0,0,0
695,693,"ALT600B04",38.6,23.85,"イヌガシ","EB",0,0,0,5.5,5.5,5.5,5.5,0,0,0,0,0,0,0
697,697,"ALT600B04",39.55,28.4,"イヌガシ","EB",0,0,0,7.2,8.5,9.2,9.6,1.51411617079885,3.31970274948522,2.4339386995504,0,0,0,0
698,698,"ALT600B04",36.15,26.2,"イヌシデ","DB",0,0,0,51.8,53.4,54.2,54.2,0.238372416737701,0.608411934014234,0.297403249589028,0,0,0,0
699,699,"ALT600B04",36.15,26.2,"アカガシ","EB",0,0,0,14.4,16.1,17.3,17.5,1.02617197025007,2.23182130816925,1.66763217878102,0,0,0,0
701,701,"ALT600B04",31.65,28.4,"イヌガシ","EB",0,0,0,5.6,6.7,7.3,7.8,1.74398492607601,3.58681857311634,3.04032414597251,0,0,0,0
702,702,"ALT600B04",30.85,26.95,"イヌガシ","EB",0,0,0,6.6,8.8,10.2,8.3,1.20624139879038,5.75364144903562,-1.16992413363217,0,0,0,0
703,703,"ALT600B04",32.35,27.05,"ケヤキ","DB",0,0,0,37.6,38.8,40,41.1,0.468442479507053,0.628323924667578,1.15175749745922,0,0,0,0
704,704,"ALT600B04",32,22.9,"ケヤキ","DB",0,0,0,51.4,52.6,53,53.4,0.20090828160542,0.461558945650898,0.301892524449698,0.997672009073179,0.997672009073179,0,0
705,706,"ALT600B04",32.7,22.65,"イヌガシ","EB",0,0,0,9.2,9.5,11.7,9.8,0.332520534850167,0.641766291030013,0.621811741400624,11.4217094817333,0,7.33076065293938,0
706,706,"ALT600B04",32.7,22.65,"イヌガシ","EB",0,0,0,14,14.7,15,15.1,0.398091653713789,0.975803283388641,0.536945000723761,6.94055770229305,0,4.75771221184145,0
707,706,"ALT600B04",32.7,22.65,"イヌガシ","EB",0,0,0,12.2,13.4,14.5,14.7,0.981113379186736,1.8763751043531,1.8518557365565,7.1660244584913,0,4.88717376862625,0
708,710,"ALT600B04",36.2,21.15,"アカガシ","EB",0,0,0,8.3,8.3,NA,8.5,0.125319203651149,0,0.476212973874368,0,0,0,0
709,710,"ALT600B04",36.2,21.15,"アカガシ","EB",0,0,0,9.5,9.5,NA,9.5,0,0,0,0,0,0,0
710,710,"ALT600B04",36.2,21.15,"イヌガシ","EB",0,0,0,11.8,12.5,12.8,13.1,0.55006683544993,1.15258225673272,0.937671717977009,0,0,0,0
711,711,"ALT600B04",35.9,24.35,"ヤブニッケイ","EB",0,0,0,15,16.1,16.7,17.3,0.750822633692227,1.41538141776415,1.43774459026632,0,0,0,0
712,712,"ALT600B05",39.2,10.75,"イヌガシ","EB",0,0,0,30.5,33.5,33.9,34,0.571757057909449,1.8763751043531,0.296301715702814,0,0,0,0
713,713,"ALT600B05",39.1,11.85,"アカガシ","EB",0,0,0,20.8,28.4,31,33.1,2.44515945092497,6.22872316919776,3.06288274431714,0,0,0,0
714,714,"ALT600B05",37.15,13,"アカガシ","EB",0,0,0,40.2,47.4,50.6,54.1,1.56298521172348,3.29510466152111,2.6442391430281,0,0,0,0
715,715,"ALT600B05",38.1,18.6,"ウラジロガシ","EB",0,0,0,6,6.9,7.3,7.8,1.3808645498289,2.79523884750318,2.45204644184665,0,0,0,0
716,716,"ALT600B05",35.55,17.55,"アカガシ","EB",0,0,0,22.7,26.1,27.8,29.2,1.32528307782568,2.79140779682582,2.24466789891177,0,0,0,0
717,718,"ALT600B05",31.2,19.75,"イヌガシ","EB",0,0,0,7.7,7.8,7.8,7.9,0.13496016112283,0.258068096718156,0.254780515548599,0,0,0,0
718,718,"ALT600B05",31.2,19.75,"イヌガシ","EB",0,0,0,31.2,34.4,36.4,36.9,0.883123453847604,1.95276939127832,1.40309973334257,0,0,0,0
719,719,"ALT600B05",31.7,14.5,"イヌガシ","EB",0,0,0,5.3,5.9,6.2,6.2,0.825486692068262,2.14491060707196,0.99193882278744,5.36898766867378,0,5.36898766867378,0
720,720,"ALT600B05",31.45,13.55,"オオモミジ","DB",0,0,0,32,32.3,32.6,32.7,0.11389039528148,0.186626548577684,0.24615695349194,0.193010208627987,0.193010208627987,0,0
723,723,"ALT600B05",34.3,13.25,"アカガシ","EB",0,0,0,7,7.6,7.8,7.8,0.569545182317015,1.64476196473944,0.519509728065215,0,0,0,0
724,724,"ALT600B05",35.45,12.15,"アカガシ","EB",0,0,0,31.4,37.1,40.8,42.5,1.59313780534823,3.33618153398364,2.71774212633963,0,0,0,0
725,724,"ALT600B05",35.45,12.15,"アカガシ","EB",0,0,0,22.5,26.5,NA,29.7,1.46121966630673,3.27258847563604,2.28004625632955,0,0,0,0
726,726,"ALT600B05",36.35,14,"ヒメシャラ","DB",0,0,0,19.5,19.4,19.4,19.4,-0.0270599973706251,-0.102827990008375,0,0,0,0,0
727,727,"ALT600B05",38,0.5,"イヌツゲ","EB",0,0,0,13.9,14.3,14.3,14.4,0.185996665501626,0.567413942584311,0.139373386321864,0,0,0,0
729,732,"ALT600B05",39.95,3.5,"アブラチャン","DB",0,0,0,8.2,10.9,11.2,11.4,1.73410105858022,5.69257269929781,0.897011323307034,0,0,0,0
731,732,"ALT600B05",39.95,3.5,"アブラチャン","DB",0,0,0,6.1,8.6,8.9,9.1,2.10518759128178,6.86946864160393,1.13024420526685,0,0,0,0
741,741,"ALT600B05",32.5,5.8,"ヒメシャラ","DB",0,0,0,22.4,23.7,24.2,24.4,0.450116702306115,1.12828178560183,0.582161683161411,0,0,0,0
2280,732,"ALT600B05",39.95,3.5,"アブラチャン","DB",NA,0,0,NA,7.3,7.4,7.4,NA,NA,0.272113041115574,0,0,0,0
560,560,"ALT600C03",46.3,41.3,"アカガシ","EB",0,0,0,7.2,8.3,8.6,9,1.174439743759,2.84348977561085,1.61938125067334,0.628539361054712,0.628539361054712,0,0
561,561,"ALT600C03",46.85,43.8,"ブナ","DB",0,0,0,72.1,73.7,74.5,74.8,0.193493898365938,0.438975098087755,0.296301715702809,0,0,0,0
562,562,"ALT600C03",48.6,43.35,"イヌガシ","EB",0,0,0,7.5,9.6,10.4,10.9,1.96768299312018,4.93720155863052,2.53999381522615,1.16848403987962,1.16848403987962,0,0
563,563,"ALT600C03",49.15,49.55,"イヌガシ","EB",0,0,0,14.8,17.5,18.4,20.2,1.63713380861626,3.35147400318798,2.86963446955381,1.32026032956606,0,0.642560160397172,0
566,566,"ALT600C03",40.5,48.35,"イヌガシ","EB",0,0,0,12.4,16,17.6,18.9,2.21823920765582,5.0978449925758,3.33146399651631,0.454912859338152,0.454912859338152,0,0
568,568,"ALT600C03",44.85,43.25,"イヌガシ","EB",0,0,0,5.9,7.7,8.7,9.6,2.5621618292743,5.32535955895929,4.41085539228305,0.422194457589146,0.422194457589146,0,0
569,569,"ALT600C03",44,40.55,"アカガシ","EB",0,0,0,56.4,59.7,61.7,63.4,0.615761594416669,1.13725723789086,1.20263682089247,0,0,0,0
2236,2236,"ALT600C03",44,47,"イヌガシ","EB",NA,0,0,NA,7,7.5,8.1,NA,NA,2.91907825246159,0,0,0,0
2282,2282,"ALT600C03",48.55,43.85,"シキミ","EB",NA,0,0,NA,5.5,5.7,6.4,NA,NA,3.03099796254402,3.38934542915277,3.38934542915277,0,0
2283,2236,"ALT600C03",44,47,"イヌガシ","EB",NA,0,0,NA,5.8,6,6.5,NA,NA,2.27888518698436,0,0,0,0
2347,2347,"ALT600C03",42.15,47.65,"イヌガシ","EB",NA,0,0,NA,5.9,6.5,7.4,NA,NA,4.53055298596901,0,0,0,0
553,553,"ALT600C04",47.65,33.55,"アカガシ","EB",0,0,0,22,22.6,22.8,23.3,0.30216266954389,0.538149058398488,0.610069085868292,0,0,0,0
554,554,"ALT600C04",48.3,38.25,"ヤブニッケイ","EB",0,0,0,12.2,15.4,16.5,18.8,2.27589956892996,4.65863115360745,3.9897872083264,0.840940365380818,0.568871423639965,0,0
555,555,"ALT600C04",42.05,37.55,"イヌガシ","EB",0,0,0,6.4,7.7,8,8.4,1.43123008149285,3.69844676988024,1.74022753979259,0,0,0,0
556,556,"ALT600C04",41.35,38.8,"イヌガシ","EB",0,0,0,7.1,8.7,9.6,10.3,1.95815321678063,4.06456483226536,3.37641739150104,0,0,0,0
558,558,"ALT600C04",41,30.65,"イヌシデ","DB",0,0,0,67.2,67.7,68.1,68.4,0.093155668944215,0.148258647782511,0.205732894205511,0.0620269106303988,0.0620269106303988,0,0
2303,2303,"ALT600C04",44.45,38.15,"イヌガシ","EB",NA,0,0,NA,5.8,6.5,7.1,NA,NA,4.04473732989792,0,0,0,0
2304,2304,"ALT600C04",42.95,31.85,"ウラジロガシ","EB",NA,0,0,NA,4.9,5,5.1,NA,NA,0.80010669227398,1.69814424853779,1.69814424853779,0,0
540,540,"ALT600C04",49.9,20.45,"イヌガシ","EB",0,0,0,15,15.2,15.2,15.3,0.10422435419042,0.26490453500041,0.131148010923185,0,0,0,0
541,541,"ALT600C04",46.9,23.65,"イヌガシ","EB",0,0,0,6.6,7.4,7.9,8.2,1.14244476440962,2.28820702355489,2.05308308120166,0,0,0,0
543,543,"ALT600C04",48.9,26.8,"アカガシ","EB",0,0,0,46.3,47.5,48.2,48.4,0.23346238226525,0.511754998968146,0.375402053639809,0.16971134028055,0.16971134028055,0,0
544,544,"ALT600C04",48.45,27.65,"イヌガシ","EB",0,0,0,5.4,6.6,7.3,7.9,2.00244108369867,4.01341390924302,3.59586220881192,6.37011692497364,6.37011692497364,0,0
546,546,"ALT600C04",44.2,26.55,"ウラジロガシ","EB",0,0,0,5.6,6.6,6.9,7.3,1.39530394954338,3.28606102582553,2.01609398243931,0,0,0,0
547,547,"ALT600C04",41.8,25.05,"アカガシ","EB",0,0,0,30.5,34.9,37.6,39.7,1.38749738989357,2.69520291190031,2.57728716969527,0,0,0,0
548,548,"ALT600C04",44.9,24.25,"イヌガシ","EB",0,0,0,8.5,9.1,9.7,10.2,0.959587141020814,1.36416500053067,2.28226613534842,0,0,0,0
549,549,"ALT600C04",43.65,23,"アカガシ","EB",0,0,0,37.8,42.5,44.9,47,1.1465184162343,2.34389946609658,2.01287051559375,0.0680851063829787,0.0680851063829787,0,0
551,552,"ALT600C04",43.5,21.25,"ヤブニッケイ","EB",0,0,0,23.3,23.7,23.8,23.8,0.111748526872495,0.34043375138861,0.0842106507268736,0,0,0,0
552,552,"ALT600C04",43.5,21.25,"ヤブニッケイ","EB",0,0,0,5.1,5.3,5.5,5.9,0.766904269375757,0.769325616555923,2.14491060707196,0,0,0,0
2284,2284,"ALT600C04",47.35,28.5,"アカガシ","EB",NA,0,0,NA,5.5,5.5,5.6,NA,NA,0.360370110053564,0,0,0,0
2605,2605,"ALT600C04",48.85,23.35,"ヤブニッケイ","EB",NA,0,0,NA,4.7,5,5.6,NA,NA,3.50408178050181,0,0,0,0
2825,2825,"ALT600C04",42.8,29.6,"イヌガシ","EB",NA,NA,0,NA,NA,5.1,5.5,NA,NA,NA,0,0,0,0
531,531,"ALT600C05",47.95,19.35,"アカガシ","EB",0,0,0,31.5,37.1,37.1,42.5,1.5764027899936,3.27258847563604,2.71774212633963,0,0,0,0
532,531,"ALT600C05",47.95,19.35,"アカガシ","EB",0,0,0,22.3,26.5,26.5,28.7,1.32794970683949,3.45116109052207,1.59504779546798,0,0,0,0
536,536,"ALT600C05",45,12.1,"ヒメシャラ","DB",0,0,0,15.4,15.8,15.8,15.7,0.101543173340415,0.512848612266753,-0.126984553573178,6.54851008369809,6.54851008369809,0,0
537,539,"ALT600C05",44.75,11.45,"イヌガシ","EB",0,0,0,27.1,29.7,30.7,31.4,0.775127184360802,1.83226635845997,1.11321694211108,2.55629688323131,0,0.717958158617738,0
538,539,"ALT600C05",44.75,11.45,"イヌガシ","EB",0,0,0,7.9,8.1,8.2,8.3,0.259961870155666,0.500026044108344,0.487829062483185,13.6671553086268,0,2.71613086513216,0
539,539,"ALT600C05",44.75,11.45,"イヌガシ","EB",0,0,0,29.5,30.9,31.7,31.9,0.411661823394867,0.927318411158511,0.636996517741983,2.49372300861584,0,0.706704895943479,0
2606,2606,"ALT600C05",48.35,16.2,"イヌガシ","EB",NA,0,0,NA,5.2,5.7,6.2,NA,NA,3.51781332927328,0,0,0,0
519,519,"ALT600C05",49.05,6.55,"アカガシ","EB",0,0,0,33.6,39.5,41.4,43,1.29828446697055,3.23549209875835,1.69798887572973,0,0,0,0
520,520,"ALT600C05",48.9,8.7,"イヌガシ","EB",0,0,0,6.6,6.7,6.6,6.7,0.0791467229712658,0.30075754729081,0,0,0,0,0
526,526,"ALT600C05",43.1,7.25,"イヌガヤ","EC",0,0,0,10.7,11.2,11.3,11.5,0.379491020533389,0.913400736663765,0.528665141363113,0,0,0,0
2285,527,"ALT600C05",44.35,6.2,"ムラサキシキブ","DB",NA,0,0,NA,5.2,5.2,5.2,NA,NA,0,0,0,0,0
2826,526,"ALT600C05",43.1,7.25,"イヌガヤ","EC",NA,NA,0,NA,NA,5.7,6.2,NA,NA,NA,0,0,0,0
461,461,"ALT600C03",59,46.2,"アカガシ","EB",0,0,0,7.9,11.6,13.9,15.3,3.47889509960744,7.68284677278686,5.53695460572142,0,0,0,0
462,462,"ALT600C03",58.85,43.55,"イヌガシ","EB",0,0,0,15.5,19.1,19.5,19.5,1.20828653497105,4.17696622254767,0.414522610342339,0,0,0,0
463,463,"ALT600C03",54.15,47.75,"アカガシ","EB",0,0,0,16.8,22,25.2,28.3,2.74464693810515,5.39327133898205,5.03638702581752,0,0,0,0
464,464,"ALT600C03",53.55,46.8,"イヌガシ","EB",0,0,0,9.4,9.9,10,9.8,0.219329981055621,1.03650135729172,-0.203047429280359,0,0,0,0
466,466,"ALT600C03",50,49.05,"オオモミジ","DB",0,0,0,10.2,11.5,12.3,12.8,1.19503921387024,2.39918630157958,2.14196271112734,2.66977785393537,2.66977785393537,0,0
467,467,"ALT600C03",50.8,40.7,"イヌガシ","EB",0,0,0,17.3,20.8,22.1,22.9,1.47594952134979,3.68492970407078,1.92367847705843,0,0,0,0
468,468,"ALT600C03",53.9,40.45,"ウラジロガシ","EB",0,0,0,8.6,13.7,15.9,17.7,3.79896019115959,9.31267259149234,5.12337613491409,0,0,0,0
2201,2201,"ALT600C03",55.65,44,"アカガシ","EB",0,0,0,5.3,7.3,7.6,8.1,2.23240653221219,6.40335055192538,2.07979427048095,0.764248821782562,0.764248821782562,0,0
2615,2615,"ALT600C04",55.4,39.35,"イロハモミジ","DB",NA,0,0,NA,5.1,5.4,6,NA,NA,3.2503785899555,5.6647055429993,5.6647055429993,0,0
470,470,"ALT600C04",59.05,37.35,"イヌガシ","EB",0,0,0,17.4,20.3,21.1,21.6,1.13801636036651,3.08301359654517,1.24144857284755,0,0,0,0
472,472,"ALT600C04",56.75,35.4,"アカガシ","EB",0,0,0,7,9.5,9.8,10.1,1.92960670943105,6.10763299102364,1.22487250481437,0,0,0,0
473,473,"ALT600C04",55.4,34.75,"イヌガシ","EB",0,0,0,7.6,9.2,9.4,9.7,1.28409283272132,3.82110473525418,1.05844802908685,0,0,0,0
474,474,"ALT600C04",51.85,37.3,"シキミ","EB",0,0,0,5.2,6.2,6.2,6.2,0.925740349808759,3.51781332927328,0,1.05974154665943,1.05974154665943,0,0
476,476,"ALT600C04",52.45,32.65,"イヌガシ","EB",0,0,0,7.3,8,8.1,8.3,0.675690350780036,1.83134387050981,0.736279462454328,0,0,0,0
477,477,"ALT600C04",53.05,31.2,"アカガシ","EB",0,0,0,78,81.6,83.6,84.3,0.408805464832726,0.902408705609389,0.651052060754971,0.302432948611672,0.188438991058042,0,0
2288,477,"ALT600C04",53.05,31.2,"アカガシ","EB",NA,0,0,NA,7.7,8,8.1,NA,NA,1.0128746563751,21.5969867337359,20.4106051754925,0,0
2290,471,"ALT600C04",58.05,35.55,"ヤブニッケイ","EB",NA,0,0,NA,5.8,6.4,6.8,NA,NA,3.18129389259375,0,0,0,0
2291,470,"ALT600C04",59.05,37.35,"イヌガシ","EB",NA,0,0,NA,6.5,6.6,6.6,NA,NA,0.305349442615768,0,0,0,0
2616,476,"ALT600C04",52.45,32.65,"イヌガシ","EB",NA,0,0,NA,5.1,5.4,5.8,NA,NA,2.57234755644187,0,0,0,0
2617,2617,"ALT600C04",51.1,37.5,"イヌガシ","EB",NA,0,0,NA,4.9,5,5.1,NA,NA,0.80010669227398,1.56618473870006,1.56618473870006,0,0
478,478,"ALT600C04",57.2,29.6,"オオモミジ","DB",0,0,0,36.8,37.4,37.6,38.1,0.182718089251422,0.323457184912019,0.370871554243382,0,0,0,0
479,479,"ALT600C04",56.5,27.9,"イヌガシ","EB",0,0,0,7.8,9,9.5,9.9,1.25479486023683,2.86201687281347,1.9062035960865,0,0,0,0
480,479,"ALT600C04",56.5,27.9,"イヌガシ","EB",0,0,0,5.7,6.5,6.8,7.3,1.30214828059916,2.62672004122174,2.32144342505508,0,0,0,0
481,479,"ALT600C04",56.5,27.9,"イヌガシ","EB",0,0,0,6.3,7.1,7.4,7.8,1.12407421209505,2.39090301299565,1.88057899296553,0,0,0,0
482,482,"ALT600C04",57.75,26.6,"アカガシ","EB",0,0,0,20.3,20.4,20.4,20.6,0.0772115249883886,0.0982802960485788,0.195123498907297,0,0,0,0
483,483,"ALT600C04",59.4,26.15,"イヌガシ","EB",0,1,0,7.6,9.3,NA,10.6,1.7510829148723,4.0373230573385,2.61679201917622,1.16247638743819,1.16247638743819,0,0
485,485,"ALT600C04",51.3,29.7,"イヌガシ","EB",0,0,0,8.4,10.1,11,11.8,1.78877802959132,3.68607435995892,3.11128215248811,0,0,0,0
486,486,"ALT600C04",50.2,29.6,"イヌガシ","EB",0,0,0,5.8,6.3,6.5,6.7,0.759208467602877,1.65383431690227,1.23115785998867,0.710982004824204,0.710982004824204,0,0
488,488,"ALT600C04",52.8,23.85,"ヒイラギ","EB",0,0,0,11.3,11.4,11.4,11.5,0.0923384718468922,0.176212593643098,0.174673599375093,0,0,0,0
491,491,"ALT600C04",53.5,22.4,"イヌガシ","EB",0,0,0,16.3,16.4,16.6,16.7,0.127597955842066,0.122324540348721,0.362547691851134,0,0,0,0
492,492,"ALT600C04",55.4,20.35,"アカガシ","EB",0,0,0,24.6,27.8,29.5,30,1.04447862486231,2.44579155516549,1.52322721931128,0,0,0,0
493,493,"ALT600C04",59.75,22,"イロハモミジ","DB",0,0,0,16.6,16.7,16.9,17.3,0.217388453374924,0.120120481204235,0.705955641620478,0,0,0,0
2618,2618,"ALT600C04",59.65,26.5,"イヌガシ","EB",NA,0,0,NA,4.7,5,5.3,NA,NA,2.40288623684126,4.64990554975276,4.64990554975276,0,0
2619,2619,"ALT600D04",61.75,24.25,"イヌガシ","EB",NA,0,0,NA,4.7,5.2,5.4,NA,NA,2.77672889708432,0,0,0,0
2695,2695,"ALT600C04",52.1,26.95,"イヌガシ","EB",NA,0,0,NA,5.1,5.5,6.3,NA,NA,4.22618187334414,0,0,0,0
494,494,"ALT600C05",53.45,19.45,"イヌガシ","EB",0,0,0,18,18.4,18.7,18.9,0.256790337733852,0.439578134375503,0.536225149013135,2.80658602529946,0.306576071255087,2.14836266474533,0
495,495,"ALT600C05",53.15,18.6,"ヒメシャラ","DB",0,0,0,33.4,35.2,36.1,36.6,0.481538633814031,1.04980365242794,0.780043156065384,2.59649587251897,0.816634675812184,1.77986119670679,0
496,496,"ALT600C05",53.25,18.3,"オオモミジ","DB",0,0,0,18.1,19.8,20.4,20.6,0.680942829072396,1.79539998857419,0.792182761900918,5.61841564864865,0,5.61841564864865,0
497,497,"ALT600C05",54.9,16.25,"アカガシ","EB",0,0,0,5.7,5.8,5.9,5.9,0.18150618984826,0.34783485423738,0.341888667186005,0.938196859709903,0,0,0.938196859709903
498,498,"ALT600C05",54.05,15.85,"イヌガヤ","EC",0,0,0,5.1,5.2,5.1,5.2,0.102200451879483,0.388361717142035,0,1.20778967035879,1.20778967035879,0,0
499,499,"ALT600C05",57.15,14.05,"オオモミジ","DB",0,0,0,5.6,5.6,5.6,5.6,0,0,0,1.86094458652008,1.86094458652008,0,0
500,500,"ALT600C05",56.35,13.7,"シキミ","EB",0,0,0,8.6,8.8,8.8,9.1,0.297432685596539,0.459790364493976,0.670453840772869,1.21755692428374,0.512820512820513,0.704736411463224,0
501,501,"ALT600C05",57.4,12.2,"オオモミジ","DB",0,0,0,8.5,8.5,8.5,8.6,0.061558104016796,0,0.233920795263825,6.51461969574338,6.51461969574338,0,0
502,502,"ALT600C05",57,12.3,"イヌガシ","EB",0,0,0,19.1,21.6,22.8,23.1,1.00075938144823,2.4600995927507,1.34278605675257,4.39727369987165,0.16482675552134,4.23244694435031,0
503,503,"ALT600C05",56.15,11.95,"イタヤカエデ","DB",0,0,0,52,62.6,67.4,70.7,1.61685186484789,3.71043119049251,2.43360589592949,0.355438290619284,0.355438290619284,0,0
504,504,"ALT600C05",52.75,13.1,"オオモミジ","DB",0,0,0,38.5,38.9,39,38.9,0.0544000491087478,0.206720186613241,0,1.64138364538694,1.64138364538694,0,0
505,505,"ALT600C05",52.6,12.55,"アカガシ","EB",0,0,0,30.7,33.6,35,36.4,0.896348000260756,1.80526824752014,1.60085415347073,1.87459104126613,0,1.87459104126613,0
2620,2620,"ALT600C05",53,16.55,"イヌガシ","EB",NA,0,0,NA,5.4,5.8,5.9,NA,NA,1.7710679468289,0,0,0,0
507,507,"ALT600C05",50.35,9.55,"イタヤカエデ","DB",0,0,0,22.9,28.8,31,32.4,1.82642901177942,4.58476953163413,2.35566071312767,0.539291857441195,0.539291857441195,0,0
508,508,"ALT600C05",50.75,8.95,"イヌガシ","EB",0,0,0,12,12.3,12.5,12.6,0.256790337733853,0.493852251807433,0.48195103158121,3.56592983287647,0,3.56592983287647,0
509,509,"ALT600C05",51.15,8,"イヌガシ","EB",0,0,0,18.1,22.4,25.1,27.1,2.12432520849408,4.26298041178428,3.80945538049322,1.31114818282746,1.31114818282746,0,0
510,510,"ALT600C05",50.75,7.6,"イヌガシ","EB",0,0,0,17.4,19.1,19.9,20.1,0.759208467602879,1.86436257664202,1.02062960024892,2.38340718534272,2.38340718534272,0,0
511,511,"ALT600C05",54.05,8.8,"イヌガヤ","EC",0,0,0,9.7,9.3,9.4,8.9,-0.453024256690752,-0.842229707002535,-0.879262468422324,0,0,0,0
512,512,"ALT600C05",54.75,7.55,"イヌガシ","EB",0,0,0,13.1,14.1,14.5,14.4,0.497978823025522,1.47125134354033,0.42106818395665,0,0,0,0
513,514,"ALT600C05",58.8,9.05,"イヌガヤ","EC",0,0,0,13.8,15,15.5,16.2,0.843908684606207,1.66763217878102,1.53922082272256,0,0,0,0
516,516,"ALT600C05",51.1,1.3,"カジカエデ","DB",0,0,0,22.9,25.9,27.2,27.8,1.02052163229683,2.46212116290596,1.41586103982199,0,0,0,0
2176,2176,"ALT600C05",52.75,5,"カジカエデ","DB",0,0,0,6.1,7.6,7.7,7.6,1.15715513743695,4.3971895222604,0,0,0,0,0
350,350,"ALT600D03",69.45,43.15,"アカガシ","EB",0,0,0,12.2,12.7,12.9,13.1,0.374611991936289,0.803320834506693,0.620204734851204,0,0,0,0
351,351,"ALT600D03",66.5,43.9,"イヌツゲ","EB",0,0,0,12.5,12.6,12.5,12.7,0.083543942927843,0.159363392983538,0.158103590142265,5.85480024410846,0,5.85480024410846,0
352,352,"ALT600D03",66.4,44.55,"イヌシデ","DB",0,0,0,46.9,48.3,48.8,48.9,0.219788005413645,0.588277704125864,0.246916716445987,0.532308496957733,0.532308496957733,0,0
354,354,"ALT600D03",64.8,44,"イヌガシ","EB",0,0,0,6.4,9.3,8.6,9,1.79435045773996,7.47432819587168,-0.655796456459819,0.764524077692383,0.764524077692383,0,0
355,355,"ALT600D03",65.95,41.3,"アカガシ","EB",0,0,0,7.2,10.2,11.2,11.4,2.41859120725495,6.96613388536431,2.22451270220449,4.68940078981783,3.89590699495515,0.793493794862685,0
356,356,"ALT600D03",66,40.5,"アカガシ","EB",0,0,0,21,28.5,32.6,35.6,2.77801684281348,6.10763299102364,4.4488310116676,0.399501383241045,0.399501383241045,0,0
359,359,"ALT600D03",63.75,40.95,"ウラジロガシ","EB",0,0,0,10.9,13.4,14.1,15.1,1.71543133992516,4.12983835443535,2.38880073728026,0,0,0,0
360,360,"ALT600D03",61.7,41.75,"アカガシ","EB",0,0,0,8.2,12.5,14.5,15.6,3.38493031571202,8.43188980076096,4.43084539894472,0,0,0,0
361,361,"ALT600D03",61.05,46.1,"アカガシ","EB",0,0,0,10.9,13.7,14.6,14.9,1.64525486166482,4.57266087197962,1.67930760234669,1.35324761986509,0,1.35324761986509,0
362,362,"ALT600D03",61.85,45.85,"オオモミジ","DB",0,0,0,10.7,14.4,15.4,16.9,2.40563094979562,5.93968930228189,3.20170830694145,1.05190470952085,1.05190470952085,0,0
363,363,"ALT600D03",63.45,47.25,"イヌシデ","DB",0,0,0,29.5,30.8,31.6,31.6,0.361930827616275,0.862488532675092,0.512848612266753,0.148982873234525,0.148982873234525,0,0
364,364,"ALT600D03",60.6,49.05,"イヌガシ","EB",0,0,0,5.2,5.4,5.5,5.6,0.390041958703799,0.754806559656942,0.727352883417496,2.98922499626963,2.15888471952807,0,0
2241,2241,"ALT600D03",67.5,49.2,"イヌガシ","EB",NA,0,0,NA,6.1,6.7,7.2,NA,NA,3.31584509685488,0,0,0,0
2365,2365,"ALT600D03",66.15,45.5,"イヌガシ","EB",NA,0,0,NA,5.6,6.2,6.6,NA,NA,3.28606102582553,7.54225596046942,0,7.54225596046942,0
2628,2628,"ALT600D03",69.65,45.85,"イヌガシ","EB",NA,0,0,NA,5.2,5.6,6.1,NA,NA,3.19260291183767,1.06645612900267,1.06645612900267,0,0
2839,2839,"ALT600D03",60.35,49.4,"イヌガシ","EB",NA,NA,0,NA,NA,5,5.2,NA,NA,NA,3.3980079017424,3.3980079017424,0,0
339,339,"ALT600D04",60.6,32.3,"イヌシデ","DB",0,0,0,52.3,52.6,52.6,52.8,0.0500779981123078,0.114394973455743,0.0759014193710307,0.627720205271839,0.627720205271839,0,0
341,341,"ALT600D04",61.35,36.1,"アカガシ","EB",0,0,0,5,5.3,5.3,5.3,0.306678463810399,1.16537816247952,0,0,0,0,0
342,342,"ALT600D04",62.5,36.85,"アカガシ","EB",0,0,0,11.6,17.9,21.6,23.8,3.78252885560584,8.67591229468781,5.69769735661439,0,0,0,0
344,344,"ALT600D04",63.95,37.65,"ヒサカキ","EB",0,0,0,16.2,17.6,18,18.6,0.727107044635881,1.65775319611536,1.10525357350099,0,0,0,0
345,345,"ALT600D04",62.55,38.4,"アカガシ","EB",0,0,0,6.5,9.3,9.4,9.4,1.94161848618088,7.16424446515238,0.213905782334959,0,0,0,0
349,349,"ALT600D04",67.75,36.25,"ヤブニッケイ","EB",0,0,0,8.1,8.6,8.9,9.4,0.783398039987185,1.19796283162138,1.77894972032993,0,0,0,0
2247,2247,"ALT600D04",60.5,32.8,"イヌガシ","EB",NA,0,0,NA,5.9,6.4,6.8,NA,NA,2.83940522540774,18.140742500282,0,15.2278410813178,0
2366,2366,"ALT600D04",66.75,37.3,"イヌガシ","EB",NA,0,0,NA,5.9,6.5,7.1,NA,NA,3.70284866271192,0,0,0,0
2367,2367,"ALT600D04",66.15,31.95,"イヌガシ","EB",NA,0,0,NA,5.7,6.3,6.8,NA,NA,3.52912874683113,0,0,0,0
328,328,"ALT600D04",67.95,21.6,"ヒメシャラ","DB",0,0,0,33.6,34.8,35.5,36,0.363120376247113,0.7018263962254,0.678031033513628,0,0,0,0
329,329,"ALT600D04",67.1,22.8,"イヌツゲ","EB",0,0,0,9.9,10.1,10.2,10.2,0.157120858682532,0.400013334133389,0.197045928860233,0,0,0,0
330,330,"ALT600D04",62.9,21.8,"イヌガシ","EB",0,0,0,8.8,10.5,11.1,11.6,1.4539651401482,3.53247071358634,1.99259681897683,0,0,0,0
332,332,"ALT600D04",60.1,20,"イヌガシ","EB",0,0,0,6.3,6.9,7.2,7.4,0.847001930592827,1.81943556411454,1.39917177213821,0,0,0,0
333,333,"ALT600D04",60.45,29.7,"イヌガシ","EB",0,0,0,20.7,22.9,23.7,24.1,0.80041126434361,2.02006420577741,1.02149859872831,0,0,0,0
334,333,"ALT600D04",60.45,29.7,"イヌガシ","EB",0,0,0,6.5,6.9,7.1,7.1,0.464697932345675,1.19438469403245,0.571467448881119,0,0,0,0
335,335,"ALT600D04",64.6,26.3,"アカガシ","EB",0,0,0,73.1,79,81.4,82.6,0.643059546164208,1.55238971422577,0.891236561198218,0,0,0,0
336,336,"ALT600D04",66.45,28.9,"ヒサカキ","EB",0,0,0,5.3,7,8,8.5,2.48610180493787,5.56406656994475,3.88312028881915,0,0,0,0
337,337,"ALT600D04",68.6,28.45,"ヤブニッケイ","EB",0,0,0,7.1,7.4,7.8,8,0.628140829645085,0.82770432325709,1.55923082939423,0,0,0,0
338,338,"ALT600D04",69.5,29.75,"イヌシデ","DB",0,0,0,28,28.9,29.4,29.5,0.274661858792475,0.632741698863649,0.410973364547755,0,0,0,0
2629,2629,"ALT600D04",65.25,22.65,"ウラジロガシ","EB",NA,0,0,NA,5.1,5.1,5.4,NA,NA,1.14316827679898,0.729116649887869,0.729116649887869,0,0
311,311,"ALT600D05",69.15,11.25,"ヒメシャラ","DB",0,0,0,22.3,23.3,23.4,23.4,0.253417599460961,0.877333642111634,0.0856532358400146,0,0,0,0
312,312,"ALT600D05",67.25,12.85,"ヒメシャラ","DB",0,0,0,23.8,24.3,24.3,24.4,0.131039745377511,0.415815393381474,0.0821356390530656,0,0,0,0
313,313,"ALT600D05",64.2,10.45,"ブナ","DB",0,0,0,38.6,42.2,44.2,44.6,0.760429381869648,1.78335889142362,1.10627275968104,0,0,0,0
314,314,"ALT600D05",61.95,11.45,"イヌガシ","EB",0,0,0,12.3,12.7,12.8,12.8,0.209715308143156,0.640054621723475,0.156863549220522,0,0,0,0
315,315,"ALT600D05",62.55,14.1,"オオモミジ","DB",0,0,0,6.3,6.4,6.4,6.5,0.164487071074234,0.314967139362787,0.310083730719305,5.31129008708737,0,5.31129008708737,0
316,316,"ALT600D05",63.35,13.95,"ヒメシャラ","DB",0,0,0,27.2,27.8,28,28.1,0.171329489672361,0.436380947892798,0.214671112862173,0.731950287271297,0,0.731950287271297,0
317,317,"ALT600D05",63.65,13.6,"オオモミジ","DB",0,0,0,5.3,5.4,5.5,5.8,0.474479457864724,0.373842660243051,1.4291792796429,10.5099066632832,0,10.5099066632832,0
318,319,"ALT600D05",63.55,14.95,"イヌガシ","EB",0,0,0,26.5,30,31.9,32.3,1.04169735387597,2.48105297339958,1.47739697132911,0,0,0,0
319,319,"ALT600D05",63.55,14.95,"イヌガシ","EB",0,0,0,16.8,18.4,19.3,19.5,0.784397785055199,1.81943556411453,1.16127601909523,0,0,0,0
320,320,"ALT600D05",64.8,15.75,"イヌガシ","EB",0,0,0,16.1,17.2,17.6,17.6,0.46884015817731,1.3218022365798,0.459790364493976,0,0,0,0
322,322,"ALT600D05",61.1,18.8,"ヒメシャラ","DB",0,0,0,35.6,37.4,38.3,38.8,0.453024256690751,0.98650133125003,0.734990844174829,0,0,0,0
323,323,"ALT600D05",67.9,19.6,"シキミ","EB",0,0,0,10.1,11,11.7,12.2,0.994213304694721,1.70719697902314,2.07081357881681,0,0,0,0
327,327,"ALT600D05",67.8,14.15,"ヒメシャラ","DB",0,0,0,19.7,20.7,21.2,21.6,0.48460357340093,0.99030129054761,0.851192288375922,0,0,0,0
2630,2630,"ALT600D05",68.7,13.15,"イタヤカエデ","DB",NA,0,0,NA,4.8,5.2,5.6,NA,NA,3.08301359654517,0,0,0,0
307,307,"ALT600D05",64.6,5.25,"ケヤキ","DB",0,0,0,19.4,24.7,26.7,28.1,1.9499816330022,4.83060355129298,2.57932665411537,0,0,0,0
253,253,"ALT600D03",78.15,46.7,"イヌガシ","EB",0,0,0,26,26.7,27,27,0.19863330517288,0.531340547694434,0.223466011962505,0,0,0,0
254,254,"ALT600D03",73.6,47.9,"アカガシ","EB",0,0,0,11.7,12.6,12.7,12.8,0.472928048009795,1.48215944307444,0.314967139362787,0,0,0,0
255,255,"ALT600D03",74.05,49.7,"ブナ","DB",0,0,0,14.7,15.2,15.7,15.9,0.41300850232366,0.668958681350802,0.900473627479102,0.918431123512269,0.918431123512269,0,0
256,256,"ALT600D03",71.9,46.8,"アカガシ","EB",0,0,0,15.1,16.7,17,17.5,0.776348090045209,2.01427951203661,0.935843230135182,0,0,0,0
257,257,"ALT600D03",71.05,44.65,"アカガシ","EB",0,0,0,16.1,18.1,18.9,19.2,0.926794773912202,2.34185332562726,1.17996681523912,0,0,0,0
258,258,"ALT600D03",74.35,44.25,"イヌガシ","EB",0,0,0,7.2,8,8.3,8.5,0.873605986706638,2.10721031315653,1.2124924363287,5.59018792762085,4.41588149205936,0,0
259,259,"ALT600D03",74.8,43.4,"アカガシ","EB",0,0,0,27,32.4,35,36.1,1.52871578597108,3.64643113587909,2.16268885081103,0.521315342541365,0.521315342541365,0,0
260,260,"ALT600D03",73.85,41.95,"イヌガシ","EB",0,0,0,5.3,5.8,6,6.1,0.739905003269418,1.80302193988595,1.00861707253784,0,0,0,0
261,261,"ALT600D03",71.95,40.5,"イヌガシ","EB",0,0,0,8.4,10.1,10.4,10.6,1.22432786983554,3.68607435995892,0.966371545416155,0,0,0,0
2840,2840,"ALT600D03",78.7,40.65,"イヌガシ","EB",NA,NA,0,NA,NA,5.3,5.3,NA,NA,NA,1.03975048982008,1.03975048982008,0,0
263,263,"ALT600D04",78.85,39.7,"イヌガシ","EB",0,0,0,5.3,5.3,5.4,5.3,0,0,0,1.03975048982008,1.03975048982008,0,0
264,264,"ALT600D04",79.3,37.05,"イヌガシ","EB",0,0,0,6.8,8.1,8.8,9.3,1.64785151566921,3.49882898992664,2.76300676961635,0,0,0,0
265,265,"ALT600D04",76.75,38.65,"アカガシ","EB",0,0,0,60.3,64.5,66.3,67.1,0.56237863286577,1.34666240137174,0.790376403518182,0,0,0,0
266,266,"ALT600D04",76.1,35.7,"イヌガシ","EB",0,0,0,6,7,7.4,7.6,1.24415146349595,3.08301359654517,1.64476196473944,0,0,0,0
267,268,"ALT600D04",74.05,39.85,"イヌガシ","EB",0,0,0,7,7.7,7.9,8,0.702796803286961,1.9062035960865,0.764424256403954,0,0,0,0
268,268,"ALT600D04",74.05,39.85,"イヌガシ","EB",0,0,0,7.5,8.7,9.2,9.2,1.07526559743542,2.96840010236546,1.11760916788913,0,0,0,0
269,269,"ALT600D04",71.1,34.8,"イタヤカエデ","DB",0,0,0,15,16.9,18.2,19.2,1.29926356806066,2.38526841653635,2.55193314209416,2.28336564758164,2.28336564758164,0,0
270,270,"ALT600D04",70.95,34.65,"イヌガシ","EB",0,0,0,6.2,8.2,8.9,9.3,2.13402688477981,5.59169724438323,2.51760491778006,9.73222236471839,0,9.73222236471839,0
271,271,"ALT600D04",73.15,34.3,"アカガシ","EB",0,0,0,6.8,7.1,7.2,7.6,0.585398079527497,0.863443437304176,1.36106926490031,0,0,0,0
273,273,"ALT600D04",79.55,33.4,"ヤブニッケイ","EB",0,0,0,8.8,8.9,8.9,9,0.118278188695045,0.225991105078665,0.223466011962505,2.03684814760271,1.20247661725943,0,0
2636,2636,"ALT600D04",72.15,32.95,"ヤブニッケイ","EB",NA,0,0,NA,4.8,5.8,6.6,NA,NA,6.36907462237069,0.428549564355483,0.428549564355483,0,0
275,275,"ALT600D04",79.15,28.75,"アカガシ","EB",0,0,0,6,6.7,6.8,6.9,0.735589170395573,2.20696114337731,0.588277704125868,0,0,0,0
276,276,"ALT600D04",76.4,27.65,"ウラジロガシ","EB",0,0,0,18.5,19.3,19.4,19.9,0.383942103400881,0.846687276531215,0.612292716392135,0,0,0,0
277,277,"ALT600D04",75.5,24.5,"イヌガシ","EB",0,0,0,13.2,14.9,15.8,16.2,1.07786532971586,2.42288766718177,1.6730005857385,0,0,0,0
278,278,"ALT600D04",72.45,23.95,"アカガシ","EB",0,0,0,20.7,23,24.3,25.2,1.03531733813713,2.10721031315653,1.82699557176456,0,0,0,0
279,279,"ALT600D04",71.05,23.65,"ヒメシャラ","DB",0,0,0,27.3,27.7,27.8,28,0.133251620969946,0.290914220047574,0.215441939638221,0,0,0,0
281,281,"ALT600D04",70.4,22.5,"イヌシデ","DB",0,0,0,36.4,38.3,39.2,39.5,0.430167880338849,1.01762243087811,0.617015514409521,0,0,0,0
282,282,"ALT600D04",73.1,21.85,"アカガシ","EB",0,0,0,10.5,11.2,11.5,11.7,0.569545182317015,1.29077042275142,0.873501270053233,0,0,0,0
284,284,"ALT600D04",77.95,23.4,"ヒメシャラ","DB",0,0,0,19.9,20.2,20.3,20.3,0.104742917459447,0.299257453534246,0.0987656328116515,0,0,0,0
286,286,"ALT600D04",78,20.5,"ウラジロガシ","EB",0,0,0,9.3,10.1,10.5,11.1,0.931214253468832,1.65042047376007,1.8881936894215,0,0,0,0
2249,2249,"ALT600D04",71.4,28.45,"アカガシ","EB",NA,0,0,NA,5.2,5.4,5.6,NA,NA,1.48215944307444,0,0,0,0
2637,277,"ALT600D04",75.5,24.5,"イヌガシ","EB",NA,0,0,NA,4.9,5.1,5.3,NA,NA,1.5694323088299,0,0,0,0
287,287,"ALT600D05",79.55,18.9,"イヌシデ","DB",0,0,0,33.3,37.7,40.2,41.9,1.20909699969313,2.48205394935134,2.11251464948254,0,0,0,0
289,289,"ALT600D05",77.4,16.9,"イヌガシ","EB",0,0,0,7.4,7.8,8.1,8.3,0.604081655749622,1.05287466970844,1.24263562214013,0,0,0,0
290,290,"ALT600D05",76.75,18.8,"イタヤカエデ","DB",0,0,0,11.2,11.8,11.9,12,0.363120376247113,1.0437150634114,0.336142366327624,0,0,0,0
291,291,"ALT600D05",74.35,18.6,"アカガシ","EB",0,0,0,6.6,7.8,8.4,8.6,1.39311870645833,3.34108169326332,1.95276939127832,0,0,0,0
292,292,"ALT600D05",73.55,17.7,"イタヤカエデ","DB",0,0,0,11,12,12.4,12.8,0.797631042774743,1.74022753979259,1.29077042275142,0.96230278790115,0,0.96230278790115,0
293,293,"ALT600D05",72.6,17.95,"オオモミジ","DB",0,0,0,10.6,11.3,11.6,12.1,0.696586586761442,1.27897449200547,1.36805453768801,1.07686420852213,0,1.07686420852213,0
294,294,"ALT600D05",72.35,14,"イヌシデ","DB",0,0,0,27.4,32.6,35,36.5,1.50931182733906,3.47538549957275,2.25999944431568,0,0,0,0
297,297,"ALT600D05",79.2,14.65,"イヌガシ","EB",0,0,0,12.1,12.4,12.5,12.6,0.213112428182826,0.489820400165918,0.320006826928822,0,0,0,0
298,298,"ALT600D05",77.35,6.6,"イヌガシ","EB",0,0,0,42.3,46.3,48.2,48.4,0.709014356159757,1.80709750079912,0.887157052607951,0,0,0,0
302,303,"ALT600D05",72.4,7.5,"アブラチャン","DB",0,0,0,6.4,7,7.1,7.1,0.546298914113912,1.79224317379374,0.283692699839128,0,0,0,0
306,305,"ALT600D05",78.5,1.55,"カマツカ","DB",0,0,0,5.9,6.9,7.5,7.8,1.46932306728354,3.1313812138308,2.45204644184665,0,0,0,0
2638,2638,"ALT600D05",73.15,3.45,"タンナサワフタギ","DB",NA,0,0,NA,5,5.3,5.7,NA,NA,2.62056524812808,0,0,0,0
2639,2639,"ALT600D05",70.85,0.85,"カマツカ","DB",NA,0,0,NA,5.4,6,6.5,NA,NA,3.70806446662725,0,0,0,0
2699,2699,"ALT600D05",73.65,11.5,"イヌガヤ","EC",NA,0,0,NA,5.3,6.1,6.5,NA,NA,4.0819071268703,0,0,0,0
145,145,"ALT600E03",89.8,40,"アカガシ","EB",0,0,0,20.3,22.5,24.3,26.1,1.32270751726793,2.05788846325265,2.96840010236547,0.753514295212373,0.753514295212373,0,0
148,148,"ALT600E03",83.7,43.95,"イヌガシ","EB",0,0,0,5.5,6,6.3,6.4,0.797631042774743,1.74022753979259,1.29077042275142,0,0,0,0
149,149,"ALT600E03",80.7,48.55,"イヌガシ","EB",0,0,0,6.8,7.8,8,8.2,0.985323905727086,2.7440224302697,1.00020841149323,0,0,0,0
150,150,"ALT600E03",84.6,48.3,"アカガシ","EB",0,0,0,41.5,43.5,44.2,44.3,0.343638156918091,0.941350217159715,0.364474779129029,0,0,0,0
151,150,"ALT600E03",84.6,48.3,"アカガシ","EB",0,0,0,5.7,6,6.1,6.2,0.442542722160744,1.02586588775101,0.655796456459819,0,0,0,0
2295,149,"ALT600E03",80.7,48.55,"イヌガシ","EB",NA,0,0,NA,6.2,6.6,6.7,NA,NA,1.55116468691749,0,0,0,0
2296,2296,"ALT600E03",88.1,40.65,"イヌガシ","EB",NA,0,0,NA,5.2,5.5,6.1,NA,NA,3.19260291183767,0,0,0,0
2300,2300,"ALT600E03",82.05,43.4,"イヌガシ","EB",NA,0,0,NA,5.3,5.5,5.6,NA,NA,1.10119554366055,0,0,0,0
2647,2647,"ALT600E03",90.15,41.3,"イヌガシ","EB",NA,0,0,NA,4.7,5,5.3,NA,NA,2.40288623684126,3.24599000590644,3.24599000590644,0,0
126,126,"ALT600E04",88.8,32.4,"ヒメシャラ","DB",0,0,0,28.7,29.3,29.5,29.5,0.144700739895783,0.413807865148925,0.136054946455048,0.633169077553703,0.633169077553703,0,0
127,127,"ALT600E04",88.45,31.9,"イヌガシ","EB",0,0,0,5.4,5.6,5.9,6.2,0.72710704463588,0.727352883417496,2.03565388619885,9.17011214258415,0,7.79591666300381,0
128,128,"ALT600E04",85.35,33.9,"イヌガシ","EB",0,0,0,10,11,11.3,11.5,0.735589170395572,1.9062035960865,0.889035251416676,0,0,0,0
130,130,"ALT600E04",81.45,36.1,"イヌガシ","EB",0,0,0,10.7,12.5,13.4,14.1,1.45226871534875,3.1096980568079,2.40892306151734,0,0,0,0
132,132,"ALT600E04",85.3,36.8,"ウラジロガシ","EB",0,0,0,39.2,41.5,43.4,45.1,0.737923682695873,1.14033360880471,1.6637763854396,0.0885190756969306,0.0885190756969306,0,0
134,134,"ALT600E04",82.15,37.4,"イヌガシ","EB",0,0,0,5.9,6.7,7.1,7.4,1.19225078578132,2.54310350970493,1.98744947626408,0,0,0,0
135,134,"ALT600E04",82.15,37.4,"イヌガシ","EB",0,0,0,5.2,5.7,5.7,5.8,0.574733115605221,1.83615098506246,0.34783485423738,0,0,0,0
136,136,"ALT600E04",82.3,39.25,"イヌガシ","EB",0,0,0,5.2,5.8,6.3,6.7,1.3339415832081,2.18398583929984,2.88499217689093,9.06562260994956,9.06562260994956,0,0
137,137,"ALT600E04",82.9,39.65,"アカガシ","EB",0,0,0,32.2,38.3,41.3,43.8,1.61930192016862,3.46966887272475,2.683678423916,0.212128499698002,0.212128499698002,0,0
138,138,"ALT600E04",87.85,37.35,"イヌガシ","EB",0,0,0,8.1,8.4,8.6,8.6,0.315253376742469,0.7273528834175,0.470609948203881,4.73790523326785,4.73790523326785,0,0
139,139,"ALT600E04",88.05,37.4,"ウラジロガシ","EB",0,0,0,6.7,7.1,7.6,8.4,1.19012726027551,1.15974515300699,3.36273843603997,4.96620565550581,4.96620565550581,0,0
142,142,"ALT600E04",90,33.65,"ヤブニッケイ","EB",0,0,0,9.7,10.3,10.4,10.6,0.466990082150971,1.20036019452506,0.574202117648627,0,0,0,0
2649,2649,"ALT600E04",80,33.35,"アカガシ","EB",NA,0,0,NA,4.8,4.8,4.9,NA,NA,0.412385744054716,5.58918744215547,5.58918744215547,0,0
2843,127,"ALT600E04",88.45,31.9,"イヌガシ","EB",NA,NA,0,NA,NA,4.9,5.2,NA,NA,NA,11.2486844471269,0,9.29513140588916,0
110,110,"ALT600E04",86.9,22.85,"イヌガシ","EB",0,0,0,6.4,6.4,6.5,6.4,0,0,0,0,0,0,0
111,111,"ALT600E04",80.7,22.7,"アカガシ","EB",0,0,0,8.8,9.5,9.9,10.1,0.725177380858172,1.53080154244668,1.22487250481437,3.35670384330834,3.35670384330834,0,0
112,112,"ALT600E04",82.45,23.1,"アカガシ","EB",0,0,0,6.1,6.3,6.4,6.5,0.334281082749084,0.64521724436443,0.625050870082091,0,0,0,0
113,113,"ALT600E04",81.25,22.2,"イヌガシ","EB",0,0,0,24,24.9,25.2,25.2,0.256790337733853,0.736279462454324,0.239523820934312,0.94099168407641,0.94099168407641,0,0
115,115,"ALT600E04",86.3,25.6,"ヒメシャラ","DB",0,0,0,34.4,34.9,35.4,35.6,0.180468807782275,0.288605296580577,0.397176172992069,0,0,0,0
117,117,"ALT600E04",83.55,26.5,"イヌガシ","EB",0,0,0,12.3,14.3,15.2,15.5,1.21705663972015,3.0132054977498,1.61160973318679,0,0,0,0
118,118,"ALT600E04",85.95,27.25,"イヌガシ","EB",0,0,0,8.7,11.2,12.3,12.9,2.07318045108994,5.05181505281022,2.82627066133155,3.17080679458725,0,3.17080679458725,0
119,119,"ALT600E04",85.6,28.1,"ヒメシャラ","DB",0,0,0,33.2,35.7,36.9,37.6,0.655021970912662,1.45201625726301,1.03706723220511,0.373227392688479,0.373227392688479,0,0
120,120,"ALT600E04",84.75,29.2,"ヒメシャラ","DB",0,0,0,40,41.1,41.5,41.8,0.231667817983022,0.542573347765054,0.337764360570432,0.27322873834241,0.27322873834241,0,0
121,121,"ALT600E04",87.35,29.8,"イヌガシ","EB",0,0,0,10.6,12.7,13.6,14,1.4642280447223,3.61495984693048,1.94910672301426,0,0,0,0
122,122,"ALT600E04",87.7,28.5,"イヌガシ","EB",0,0,0,7.9,9.1,9.4,9.5,0.970679153334312,2.82823308099657,0.860347701673817,1.61897969358548,1.61897969358548,0,0
123,123,"ALT600E04",88.05,28.3,"イヌガシ","EB",0,0,0,5.2,5.9,6.2,6.2,0.925740349808759,2.52587450648584,0.99193882278744,3.8010644470887,3.8010644470887,0,0
124,124,"ALT600E04",89.65,29.35,"ウラジロガシ","EB",0,0,0,43,45.1,46.5,47.7,0.545954116845964,0.953642616301407,1.12098302771326,0.65862014353866,0.348897381916815,0,0
125,124,"ALT600E04",89.65,29.35,"ウラジロガシ","EB",0,0,0,5,5.4,5.5,5.6,0.5964667647737,1.53922082272257,0.727352883417496,14.4393077374879,11.8011335001018,0,0
2183,2183,"ALT600E04",81.25,21.4,"ヒサカキ","EB",0,0,0,6.4,7.1,7.7,8.1,1.23982142796193,2.07593587363287,2.63538555262247,3.88888888888889,3.88888888888889,0,0
2293,2293,"ALT600E04",81,29.65,"イヌガシ","EB",NA,0,0,NA,6.4,6.9,7.4,NA,NA,2.90364019688996,1.12866529596621,0.488071479336738,0,0
92,91,"ALT600E05",89.3,12.5,"アブラチャン","DB",0,0,0,6.7,7.3,7.3,7.3,0.451404325039079,1.7153364351485,0,12.8767123287666,0,12.8767123287666,0
97,97,"ALT600E05",80.85,15.95,"アカガシ","EB",0,0,0,20.4,25.1,27.1,28.4,1.74133812798416,4.14665890575135,2.47042598058844,0,0,0,0
99,99,"ALT600E05",81.15,19,"シキミ","EB",0,0,0,9.8,10.3,10.4,10.5,0.363120376247113,0.995230191181276,0.384627238557752,0,0,0,0
100,100,"ALT600E04",80.25,20.05,"ヒメシャラ","DB",0,0,0,37.3,39.9,41,41.9,0.612065790938538,1.34765994492096,0.978190060645485,0,0,0,0
101,101,"ALT600E05",83.65,19.25,"アカガシ","EB",0,0,0,35.1,37.7,38.9,40.2,0.714030869227133,1.4291792796429,1.28413802342021,0.269937426665338,0.269937426665338,0,0
102,102,"ALT600E05",84.35,19.45,"イヌガシ","EB",0,0,0,7.4,7.8,7.8,7.9,0.344119785593956,1.05287466970844,0.254780515548599,6.98974008954099,6.98974008954099,0,0
103,103,"ALT600E05",84,16.3,"イヌガシ","EB",0,0,0,10.3,11.6,12,12.4,0.976592512502111,2.37722405753458,1.33382748997345,0,0,0,0
106,106,"ALT600E05",86.7,19.8,"イヌシデ","DB",0,0,0,23.2,25.7,25.8,25.8,0.559064280291093,2.0467742645782,0.0776700005279522,0,0,0,0
107,107,"ALT600E04",87.7,21.25,"イヌガシ","EB",0,0,0,21.6,26.1,27.5,28,1.36584839728992,3.78483999277057,1.40538391693112,0.303045763365665,0.303045763365665,0,0
87,87,"ALT600E05",84.4,7.25,"ヒメシャラ","DB",0,0,0,39,39.9,40.4,40.5,0.19863330517288,0.456293555323425,0.298513004333516,0.220576131687243,0,0,0.220576131687243
88,88,"ALT600E05",83.65,7.25,"イヌガヤ","EC",0,0,0,6.5,6.6,6.6,6.7,0.1595018394491,0.305349442615768,0.30075754729081,8.05970149253731,0,8.05970149253731,0
90,90,"ALT600E05",82.45,7.35,"カジカエデ","DB",0,0,0,7.5,8.6,8.9,9.3,1.13216515587866,2.73718365434395,1.56504393799497,0,0,0,0
39,39,"ALT600E03",93.65,47.65,"ウラジロガシ","EB",0,0,0,12,12.8,13.3,14.3,0.922909934094007,1.29077042275142,2.2162873268058,0,0,0,0
40,40,"ALT600E03",92.15,48.3,"アカガシ","EB",0,0,0,63,67.5,70,71.7,0.680821164284431,1.37985742973903,1.20726299454181,0.512684208106386,0.382510483391874,0,0
42,42,"ALT600E03",91.25,45.5,"イヌガシ","EB",0,0,0,6.3,6.7,6.9,7.1,0.629185003419909,1.23115785998867,1.15974515300699,0,0,0,0
45,45,"ALT600E03",91.1,41.55,"イヌガシ","EB",0,0,0,14.9,16,16.7,16.9,0.662907415671654,1.42455018576736,1.09449799378493,0.319246032232456,0.319246032232456,0,0
46,46,"ALT600E03",94.6,40.85,"アカガシ","EB",0,0,0,5.9,7.1,8.1,8.7,2.04405618288876,3.70284866271192,4.06456483226536,0,0,0,0
47,47,"ALT600E03",97.05,44.35,"イヌガシ","EB",0,0,0,6,7,7.1,7.3,1.03218357329626,3.08301359654517,0.839283981980644,0,0,0,0
49,49,"ALT600E03",99.5,42.85,"シキミ","EB",0,0,0,7.1,7.3,7.4,7.7,0.426976551644045,0.555591282141513,1.06691961410585,16.6947378525893,16.2688201425893,0,0
50,49,"ALT600E03",99.5,42.85,"シキミ","EB",0,0,0,5.1,5.8,6.3,6.6,1.35699531211631,2.57234755644187,2.58423462960012,19.7256461588542,19.2287421638542,0,0
51,51,"ALT600E03",99.2,42.25,"シキミ","EB",0,0,0,5.7,5.8,5.9,6,0.269964707302897,0.34783485423738,0.678031033513628,24.1666305205269,24.1666305205269,0,0
52,52,"ALT600E03",99.35,42.2,"アカガシ","EB",0,0,0,15.2,17,17.5,17.7,0.801416903829225,2.23835832407971,0.807025910471345,4.07432525661981,4.07432525661981,0,0
2654,2654,"ALT600E03",99.7,42.75,"イヌガシ","EB",NA,0,0,NA,5.2,5.7,6.1,NA,NA,3.19260291183767,17.938702497857,16.3258010058899,0,0
2655,2655,"ALT600E03",99.45,49.4,"イヌガシ","EB",NA,0,0,NA,4.9,4.9,5,NA,NA,0.404054146350389,0.941357448663283,0.941357448663283,0,0
2852,40,"ALT600E03",92.15,48.3,"アカガシ","EB",NA,NA,0,NA,NA,5.2,5.9,NA,NA,NA,22.2445341348003,20.6625924293714,0,0
2853,2853,"ALT600E03",91.5,48.55,"イヌガシ","EB",NA,NA,0,NA,NA,5.4,6.1,NA,NA,NA,21.4681259232581,19.25540241801,0,0
53,53,"ALT600E04",97.05,39.6,"イヌシデ","DB",0,0,0,39.7,39.9,39.9,40.1,0.0527639295756771,0.10050272405346,0.100000208334117,0,0,0,0
55,55,"ALT600E04",94.35,38.85,"イヌシデ","DB",0,0,0,35.7,35.9,36.2,36.1,0.0586430344907463,0.111732134172796,0.111111396892044,0.132488982082337,0.132488982082337,0,0
56,56,"ALT600E04",95.9,38.6,"シキミ","EB",0,0,0,8.5,8.6,8.7,8.8,0.182555568357316,0.233920795263825,0.459790364493976,0,0,0,0
57,57,"ALT600E04",95.3,36.2,"イヌシデ","DB",0,0,0,45.4,48,41.2,41.3,-0.498155816212186,1.11377811721177,-3.00677021881808,0,0,0,0
58,58,"ALT600E04",94.55,35.35,"イヌガシ","EB",0,0,0,7.4,9.2,9.7,10,1.58476364623117,4.35446967689741,1.66763217878102,0,0,0,0
59,59,"ALT600E04",92.1,36.1,"イヌガヤ","EC",0,0,0,15.9,15.9,15.9,15.9,0,0,0,0,0,0,0
67,67,"ALT600E04",99.4,34.15,"アカガシ","EB",0,0,0,21.2,25.6,28.2,29.7,1.7744519164773,3.771823396151,2.97109388646274,0,0,0,0
2657,2657,"ALT600E04",97.3,35.05,"イヌガシ","EB",NA,0,0,NA,5.1,5.5,5.7,NA,NA,2.22451270220449,2.53682565868398,2.53682565868398,0,0
2658,2658,"ALT600E04",96.7,35.35,"イヌガシ","EB",NA,0,0,NA,5.2,5.3,5.2,NA,NA,0,2.92408889365359,1.63404967586524,0,0
2700,2700,"ALT600E04",90.55,39.85,"アカガシ","EB",NA,0,0,NA,4.9,6.2,5.2,NA,NA,1.18846840941602,8.9181168296239,8.9181168296239,0,0
69,69,"ALT600E04",96.15,27.8,"イヌガシ","EB",0,0,0,8.1,8.5,8.5,8.5,0.253695272725672,0.964042036357554,0,0,0,0,0
70,70,"ALT600E04",94.35,27.8,"イヌガシ","EB",0,0,0,8.6,9.1,9.3,9.3,0.411853667893412,1.13024420526685,0.434799732728121,0,0,0,0
71,71,"ALT600E04",92.5,24.55,"イヌガシ","EB",0,0,0,13.7,15,15.7,15.8,0.750600564204432,1.81308736536262,1.03919477861422,0,0,0,0
72,72,"ALT600E04",90.75,21.6,"ウラジロガシ","EB",0,0,0,29.4,32,31.6,36.1,1.08051679470631,1.69482456910181,2.41113925078217,0,0,0,0
73,73,"ALT600E04",96.3,24.45,"アカガシ","EB",0,0,0,44,49,52.1,54.3,1.10702417379805,2.15261328384731,2.05407857658526,0,0,0,0
74,74,"ALT600E04",94.15,20.8,"イヌシデ","DB",0,0,0,26,28.7,29.4,29.4,0.646832296437652,1.97601169488187,0.48195103158121,0,0,0,0
75,75,"ALT600E04",98.5,21.5,"イヌシデ","DB",0,0,0,43.3,46.7,43.7,44,0.08440525742009,1.51183059332815,-1.19109061513181,0,0,0,0
76,76,"ALT600E05",96.2,16.5,"シキミ","EB",0,0,0,10.4,10.6,10.6,10.6,0.100253657740497,0.380963899413888,0,0,0,0,0
77,77,"ALT600E05",94.4,16.1,"エゴノキ","DB",0,0,0,21.1,24.9,26.2,26.9,1.27817497960933,3.31189525977282,1.54516966274263,0,0,0,0
78,78,"ALT600E05",94.65,17.95,"イヌガヤ","EC",0,0,0,10.1,10,9.9,9.7,-0.212681780725667,-0.199006617063362,-0.609184149694171,0,0,0,0
79,79,"ALT600E05",90.9,18.1,"イヌガヤ","EC",0,0,0,7.7,7.9,7.8,7.7,0,0.512848612266753,-0.512848612266753,0,0,0,0
83,83,"ALT600E05",98.9,4.2,"ケヤキ","DB",0,0,0,17.1,24.2,27.7,30.5,3.04551694791975,6.94548339308053,4.62748100901451,0,0,0,0
86,86,"ALT600E05",92.85,2.2,"イヌガヤ","EC",0,0,0,17.5,18.4,17.7,17.7,0.0598092560542895,1.00299567370943,-0.775720500703128,0,0,0,0
2294,81,"ALT600E05",97.25,8.8,"アブラチャン","DB",NA,0,0,NA,5.4,5.5,5.3,NA,NA,-0.373842660243053,0,0,0,0
2862,2862,"ALT600A03",8.3,41.5,"イヌガシ","EB",NA,NA,0,NA,NA,NA,4.8,NA,NA,NA,3.30555266140062,3.30555266140062,0,0
2863,2863,"ALT600A03",6.45,41.3,"シロダモ","EB",NA,NA,0,NA,NA,NA,5.2,NA,NA,NA,1.1467889246234,0.5733944623117,0,0
2864,2864,"ALT600A03",1.05,46.6,"イヌガシ","EB",NA,NA,0,NA,NA,NA,6.2,NA,NA,NA,0,0,0,0
2865,2865,"ALT600A04",3.25,32.5,"イヌガシ","EB",NA,NA,0,NA,NA,NA,4.9,NA,NA,NA,6.92689392227355,0,6.92689392227355,0
2866,978,"ALT600A04",9.3,26.55,"ヤブニッケイ","EB",NA,NA,0,NA,NA,NA,5.2,NA,NA,NA,0,0,0,0
2867,2867,"ALT600A05",7.35,19.8,"シロダモ","EB",NA,NA,0,NA,NA,NA,5.1,NA,NA,NA,0,0,0,0
2868,2868,"ALT600A05",8.75,16.95,"イヌガシ","EB",NA,NA,0,NA,NA,NA,5.7,NA,NA,NA,0,0,0,0
2869,2869,"ALT600A05",8.1,5.2,"ヤブニッケイ","EB",NA,NA,0,NA,NA,NA,6.1,NA,NA,NA,0,0,0,0
2870,2870,"ALT600A05",6.65,0.85,"イヌガシ","EB",NA,NA,0,NA,NA,NA,5,NA,NA,NA,16.1645748902799,16.1645748902799,0,0
2874,925,"ALT600A04",18.45,37.25,"イヌガシ","EB",NA,NA,0,NA,NA,NA,5.1,NA,NA,NA,4.74631990654046,3.93843566712932,0,0
2875,929,"ALT600A04",11.45,30,"イヌガシ","EB",NA,NA,0,NA,NA,NA,4.9,NA,NA,NA,2.99319727891156,2.34013605442177,0,0
2876,2876,"ALT600A05",10.4,16.45,"イヌガシ","EB",NA,NA,0,NA,NA,NA,5.2,NA,NA,NA,0,0,0,0
2877,2877,"ALT600A05",13.8,7.7,"イヌガシ","EB",NA,NA,0,NA,NA,NA,4.9,NA,NA,NA,0,0,0,0
2878,2878,"ALT600A05",12,5.6,"イヌガシ","EB",NA,NA,0,NA,NA,NA,5.5,NA,NA,NA,0,0,0,0
2881,2881,"ALT600B03",28.05,40.7,"イヌガシ","EB",NA,NA,0,NA,NA,NA,5,NA,NA,NA,0,0,0,0
2882,2882,"ALT600B03",27.5,42.35,"イヌガシ","EB",NA,NA,0,NA,NA,NA,6.3,NA,NA,NA,0,0,0,0
2883,2883,"ALT600B03",24.55,44.25,"イヌガシ","EB",NA,NA,0,NA,NA,NA,5.7,NA,NA,NA,2.52945886752586,1.78130906163793,0,0
2884,2884,"ALT600B03",24.1,44.05,"イヌガシ","EB",NA,NA,0,NA,NA,NA,5,NA,NA,NA,3.93507530930855,3.93507530930855,0,0
2885,2885,"ALT600B03",23.8,45.1,"イヌガシ","EB",NA,NA,0,NA,NA,NA,5,NA,NA,NA,0,0,0,0
2886,2886,"ALT600B03",21.35,43.6,"イヌガシ","EB",NA,NA,0,NA,NA,NA,5.7,NA,NA,NA,0,0,0,0
2887,2887,"ALT600B04",22.8,23.65,"イヌガシ","EB",NA,NA,0,NA,NA,NA,4.9,NA,NA,NA,0,0,0,0
2888,2888,"ALT600B04",21.8,22.35,"シキミ","EB",NA,NA,0,NA,NA,NA,4.9,NA,NA,NA,9.99319575059921,9.99319575059921,0,0
2892,2892,"ALT600B03",39.85,44.75,"イヌガシ","EB",NA,NA,0,NA,NA,NA,5.2,NA,NA,NA,0,0,0,0
2893,2893,"ALT600B04",33.25,39.85,"イヌガシ","EB",NA,NA,0,NA,NA,NA,4.9,NA,NA,NA,0.688703255291518,0.688703255291518,0,0
2894,2894,"ALT600B04",31.8,24.65,"イヌガシ","EB",NA,NA,0,NA,NA,NA,4.9,NA,NA,NA,0,0,0,0
2895,712,"ALT600B05",39.2,10.75,"イヌガシ","EB",NA,NA,0,NA,NA,NA,5.3,NA,NA,NA,0,0,0,0
2896,712,"ALT600B05",39.2,10.75,"イヌガシ","EB",NA,NA,0,NA,NA,NA,5.4,NA,NA,NA,0,0,0,0
2898,563,"ALT600C03",49.15,49.55,"イヌガシ","EB",NA,NA,0,NA,NA,NA,4.8,NA,NA,NA,8.80947469903896,4.26741939857523,0,0
2899,563,"ALT600C03",49.15,49.55,"イヌガシ","EB",NA,NA,0,NA,NA,NA,5,NA,NA,NA,8.41653410095233,4.09672262263222,0,0
2900,2900,"ALT600C04",48.6,30.3,"イヌガシ","EB",NA,NA,0,NA,NA,NA,5.2,NA,NA,NA,0,0,0,0
2913,2913,"ALT600C04",54.75,37.1,"アカガシ","EB",NA,NA,0,NA,NA,NA,4.8,NA,NA,NA,0,0,0,0
2914,471,"ALT600C04",58.05,35.55,"ヤブニッケイ","EB",NA,NA,0,NA,NA,NA,5.2,NA,NA,NA,0,0,0,0
2915,2915,"ALT600C04",52.95,31.7,"イヌガシ","EB",NA,NA,0,NA,NA,NA,4.9,NA,NA,NA,36.9818997689148,36.9818997689148,0,0
2916,2916,"ALT600C04",53,28.15,"ヤブニッケイ","EB",NA,NA,0,NA,NA,NA,4.9,NA,NA,NA,0,0,0,0
2917,2917,"ALT600C05",56.65,16.9,"イヌガヤ","EC",NA,NA,0,NA,NA,NA,4.8,NA,NA,NA,0,0,0,0
2918,511,"ALT600C05",54.05,8.8,"イヌガヤ","EC",NA,NA,0,NA,NA,NA,5.8,NA,NA,NA,0,0,0,0
2923,330,"ALT600D04",62.9,21.8,"イヌガシ","EB",NA,NA,0,NA,NA,NA,5.5,NA,NA,NA,0,0,0,0
2930,289,"ALT600D05",77.4,16.9,"イヌガシ","EB",NA,NA,0,NA,NA,NA,4.9,NA,NA,NA,0,0,0,0
2936,2936,"ALT600E04",84.2,28.95,"イヌガシ","EB",NA,NA,0,NA,NA,NA,4.9,NA,NA,NA,14.7955664982791,0,14.1199698545221,0
2937,2937,"ALT600E04",80.7,25.55,"イヌガシ","EB",NA,NA,0,NA,NA,NA,4.9,NA,NA,NA,0,0,0,0
2938,2938,"ALT600E05",84.65,3.35,"オオモミジ","DB",NA,NA,0,NA,NA,NA,5,NA,NA,NA,0,0,0,0
2950,42,"ALT600E03",91.25,45.5,"イヌガシ","EB",NA,NA,0,NA,NA,NA,5.3,NA,NA,NA,0,0,0,0
2951,2951,"ALT600E03",97.65,40.7,"イヌガシ","EB",NA,NA,0,NA,NA,NA,5,NA,NA,NA,0,0,0,0
2952,2952,"ALT600E04",90.15,39.85,"イヌガシ","EB",NA,NA,0,NA,NA,NA,4.9,NA,NA,NA,16.6412159087294,16.6412159087294,0,0
2953,79,"ALT600E05",90.9,18.1,"イヌガヤ","EC",NA,NA,0,NA,NA,NA,5.2,NA,NA,NA,0,0,0,0
3021,3021,"ALT600A03",6.6,48,"ヤブニッケイ","EB",NA,NA,0,NA,NA,NA,2,NA,NA,NA,1.61161325922111,1.61161325922111,0,0
3022,3022,"ALT600A03",7.05,47.15,"シロダモ","EB",NA,NA,0,NA,NA,NA,3.1,NA,NA,NA,0.670806767625852,0.670806767625852,0,0
3023,3023,"ALT600A03",9.7,49.05,"アカガシ","EB",NA,NA,0,NA,NA,NA,2.7,NA,NA,NA,0,0,0,0
3024,3024,"ALT600A03",9.5,47.4,"イヌガシ","EB",NA,NA,0,NA,NA,NA,3.5,NA,NA,NA,0,0,0,0
3025,3025,"ALT600A03",7.35,44.65,"イヌガシ","EB",NA,NA,0,NA,NA,NA,2.8,NA,NA,NA,3.19219414175199,3.19219414175199,0,0
3026,3026,"ALT600A03",9.6,44.5,"イヌガシ","EB",NA,NA,0,NA,NA,NA,4.3,NA,NA,NA,0,0,0,0
3027,3027,"ALT600A03",8.95,42.15,"イヌガシ","EB",NA,NA,0,NA,NA,NA,3.6,NA,NA,NA,8.56834529624631,8.56834529624631,0,0
3028,3028,"ALT600A03",7.9,43.55,"イヌガシ","EB",NA,NA,0,NA,NA,NA,3.1,NA,NA,NA,0,0,0,0
3029,3029,"ALT600A03",6.55,42.2,"ヒサカキ","EB",NA,NA,0,NA,NA,NA,2.7,NA,NA,NA,3.23114465181956,3.23114465181956,0,0
3030,2863,"ALT600A03",6.45,41.3,"シロダモ","EB",NA,NA,0,NA,NA,NA,2.7,NA,NA,NA,3.23114465181956,2.12682939107111,0,0
3031,3031,"ALT600A03",2.6,44.9,"ヤブニッケイ","EB",NA,NA,0,NA,NA,NA,2.8,NA,NA,NA,0,0,0,0
3032,3032,"ALT600A03",1.55,45,"イヌガシ","EB",NA,NA,0,NA,NA,NA,2.1,NA,NA,NA,22.9157498738665,22.9157498738665,0,0
3033,3033,"ALT600A03",1.7,49.35,"シロダモ","EB",NA,NA,0,NA,NA,NA,2.7,NA,NA,NA,0,0,0,0
3034,3034,"ALT600A03",5.25,46.75,"アオキ","EB",NA,NA,0,NA,NA,NA,2.1,NA,NA,NA,16.9377176495753,16.9377176495753,0,0
3035,3035,"ALT600A03",5.4,46.85,"アカガシ","EB",NA,NA,0,NA,NA,NA,3.6,NA,NA,NA,8.10770712312026,8.10770712312026,0,0
3036,1000,"ALT600A04",3.3,39.8,"イヌガシ","EB",NA,NA,0,NA,NA,NA,2.7,NA,NA,NA,0,0,0,0
3037,990,"ALT600A04",10,32.4,"アカガシ","EB",NA,NA,0,NA,NA,NA,3.4,NA,NA,NA,0,0,0,0
3038,3038,"ALT600A04",6,30.2,"イヌガシ","EB",NA,NA,0,NA,NA,NA,2.3,NA,NA,NA,0,0,0,0
3039,991,"ALT600A04",3.4,32.95,"ムラサキシキブ","DB",NA,NA,0,NA,NA,NA,2.8,NA,NA,NA,13.7032031940629,0,4.66812416501044,0
3040,3040,"ALT600A04",5.7,34.2,"イヌガシ","EB",NA,NA,0,NA,NA,NA,4.2,NA,NA,NA,2.21352738206059,0.918822686893076,0,0
3041,3040,"ALT600A04",5.7,34.2,"イヌガシ","EB",NA,NA,0,NA,NA,NA,2.2,NA,NA,NA,5.82047594631027,3.34876698280865,0,0
3042,3042,"ALT600A04",5.15,34.05,"シロダモ","EB",NA,NA,0,NA,NA,NA,3.1,NA,NA,NA,5.45557457157362,5.45557457157362,0,0
3043,994,"ALT600A04",3.85,36.35,"ヒサカキ","EB",NA,NA,0,NA,NA,NA,2.4,NA,NA,NA,0,0,0,0
3044,3044,"ALT600A04",1.05,35.3,"イヌガシ","EB",NA,NA,0,NA,NA,NA,4.3,NA,NA,NA,0,0,0,0
3045,2270,"ALT600A04",3.2,29.65,"イヌガシ","EB",NA,NA,0,NA,NA,NA,3.9,NA,NA,NA,5.22927298371069,4.40548340408503,0,0
3046,3046,"ALT600A04",3.85,29.95,"イヌガシ","EB",NA,NA,0,NA,NA,NA,2.3,NA,NA,NA,9.83875720997145,9.83875720997145,0,0
3047,3047,"ALT600A04",6.65,27.8,"イヌガシ","EB",NA,NA,0,NA,NA,NA,2.9,NA,NA,NA,0,0,0,0
3048,3048,"ALT600A04",7.4,26.4,"シロダモ","EB",NA,NA,0,NA,NA,NA,2,NA,NA,NA,0,0,0,0
3049,978,"ALT600A04",9.3,26.55,"ヤブニッケイ","EB",NA,NA,0,NA,NA,NA,4,NA,NA,NA,0,0,0,0
3050,978,"ALT600A04",9.3,26.55,"ヤブニッケイ","EB",NA,NA,0,NA,NA,NA,3.5,NA,NA,NA,0,0,0,0
3051,978,"ALT600A04",9.3,26.55,"ヤブニッケイ","EB",NA,NA,0,NA,NA,NA,3.4,NA,NA,NA,0,0,0,0
3052,3052,"ALT600A04",8.35,21.25,"アブラチャン","DB",NA,NA,0,NA,NA,NA,3.8,NA,NA,NA,0,0,0,0
3053,3052,"ALT600A04",8.35,21.25,"アブラチャン","DB",NA,NA,0,NA,NA,NA,2.9,NA,NA,NA,0,0,0,0
3054,3052,"ALT600A04",8.35,21.25,"アブラチャン","DB",NA,NA,0,NA,NA,NA,2.9,NA,NA,NA,0,0,0,0
3055,3055,"ALT600A04",6.35,20.4,"アオキ","EB",NA,NA,0,NA,NA,NA,4.4,NA,NA,NA,0,0,0,0
3056,3056,"ALT600A04",4.4,23.1,"アブラチャン","DB",NA,NA,0,NA,NA,NA,2.5,NA,NA,NA,0,0,0,0
3057,3057,"ALT600A04",3.15,22.95,"イヌガシ","EB",NA,NA,0,NA,NA,NA,2.5,NA,NA,NA,0,0,0,0
3058,3058,"ALT600A05",2.7,17.95,"シロダモ","EB",NA,NA,0,NA,NA,NA,3.6,NA,NA,NA,0,0,0,0
3060,3060,"ALT600A05",4.6,17.3,"アブラチャン","DB",NA,NA,0,NA,NA,NA,4.7,NA,NA,NA,0,0,0,0
3063,3063,"ALT600A05",4.75,6.7,"アブラチャン","DB",NA,NA,0,NA,NA,NA,3.7,NA,NA,NA,0,0,0,0
3064,3064,"ALT600A05",6.3,9.95,"イヌガシ","EB",NA,NA,0,NA,NA,NA,2,NA,NA,NA,0,0,0,0
3065,3065,"ALT600A05",9,6.7,"イヌガシ","EB",NA,NA,0,NA,NA,NA,3,NA,NA,NA,0,0,0,0
3066,3066,"ALT600A05",3.75,2.7,"イヌガシ","EB",NA,NA,0,NA,NA,NA,3.7,NA,NA,NA,0,0,0,0
3067,968,"ALT600A05",2.3,2.4,"アオハダ","DB",NA,NA,0,NA,NA,NA,3,NA,NA,NA,0,0,0,0
3068,968,"ALT600A05",2.3,2.4,"アオハダ","DB",NA,NA,0,NA,NA,NA,2.8,NA,NA,NA,0,0,0,0
3104,3104,"ALT600A03",13.5,47.2,"イヌガシ","EB",NA,NA,0,NA,NA,NA,4.2,NA,NA,NA,3.9142616025085,2.3485569615051,0,0
3105,3104,"ALT600A03",13.5,47.2,"イヌガシ","EB",NA,NA,0,NA,NA,NA,3,NA,NA,NA,6.79515814195476,4.60317164455,0,0
3106,3106,"ALT600A03",13.8,47.25,"イヌガシ","EB",NA,NA,0,NA,NA,NA,2,NA,NA,NA,14.9107209380042,14.9107209380042,0,0
3107,3107,"ALT600A03",14.9,50,"アカガシ","EB",NA,NA,0,NA,NA,NA,3,NA,NA,NA,8.73273876522235,8.73273876522235,0,0
3108,3108,"ALT600A03",15.65,49.7,"イヌガシ","EB",NA,NA,0,NA,NA,NA,3.3,NA,NA,NA,9.44730716495721,9.44730716495721,0,0
3109,3109,"ALT600A03",19.7,41.75,"イヌガシ","EB",NA,NA,0,NA,NA,NA,2.7,NA,NA,NA,7.87838597158332,7.87838597158332,0,0
3110,3110,"ALT600A03",19.2,40.35,"イヌガシ","EB",NA,NA,0,NA,NA,NA,2.4,NA,NA,NA,3.34434455803763,3.34434455803763,0,0
3111,3111,"ALT600A03",14.7,43.85,"イヌガシ","EB",NA,NA,0,NA,NA,NA,4.1,NA,NA,NA,1.74192957741991,1.74192957741991,0,0
3112,3112,"ALT600A03",14.75,43.25,"イヌガシ","EB",NA,NA,0,NA,NA,NA,4.3,NA,NA,NA,1.58365798790853,1.58365798790853,0,0
3113,3113,"ALT600A03",12.8,40.3,"ヤブニッケイ","EB",NA,NA,0,NA,NA,NA,2.7,NA,NA,NA,11.9413829654783,11.9413829654783,0,0
3114,3114,"ALT600A03",11.45,41.15,"シロダモ","EB",NA,NA,0,NA,NA,NA,2.8,NA,NA,NA,0,0,0,0
3115,3115,"ALT600A03",11.3,42.3,"イヌガシ","EB",NA,NA,0,NA,NA,NA,3.1,NA,NA,NA,5.91081211230141,5.91081211230141,0,0
3116,3116,"ALT600A03",12.75,44.3,"シロダモ","EB",NA,NA,0,NA,NA,NA,4,NA,NA,NA,1.24735013245727,1.24735013245727,0,0
3117,3117,"ALT600A03",13.35,45,"ヤブニッケイ","EB",NA,NA,0,NA,NA,NA,2.5,NA,NA,NA,14.0570936666489,12.2348778209722,0,0
3118,3117,"ALT600A03",13.35,45,"ヤブニッケイ","EB",NA,NA,0,NA,NA,NA,2.1,NA,NA,NA,17.1478361894747,14.5653307392526,0,0
3119,3119,"ALT600A04",13.55,37.35,"イヌガシ","EB",NA,NA,0,NA,NA,NA,3.6,NA,NA,NA,0,0,0,0
3120,3120,"ALT600A04",13.6,35.5,"イヌガシ","EB",NA,NA,0,NA,NA,NA,2.5,NA,NA,NA,2.44068086339101,2.44068086339101,0,0
3121,3121,"ALT600A04",14.2,35.9,"イヌガシ","EB",NA,NA,0,NA,NA,NA,4.4,NA,NA,NA,0.787926415092656,0.787926415092656,0,0
3122,3122,"ALT600A04",17.15,38.1,"イヌガシ","EB",NA,NA,0,NA,NA,NA,2,NA,NA,NA,0,0,0,0
3123,3123,"ALT600A04",18.65,38.2,"イヌガシ","EB",NA,NA,0,NA,NA,NA,4,NA,NA,NA,10.6193783301107,10.6193783301107,0,0
3124,3124,"ALT600A04",18.35,39.4,"イヌガシ","EB",NA,NA,0,NA,NA,NA,4.6,NA,NA,NA,5.23462626475457,5.23462626475457,0,0
3125,3125,"ALT600A04",19.1,38.45,"イヌガシ","EB",NA,NA,0,NA,NA,NA,2.1,NA,NA,NA,9.06006367074543,9.06006367074543,0,0
3126,2582,"ALT600A04",17.8,35.85,"イヌガシ","EB",NA,NA,0,NA,NA,NA,4.1,NA,NA,NA,0,0,0,0
3127,3127,"ALT600A04",16.35,35.5,"ヤブニッケイ","EB",NA,NA,0,NA,NA,NA,4.1,NA,NA,NA,0,0,0,0
3128,3127,"ALT600A04",16.35,35.5,"ヤブニッケイ","EB",NA,NA,0,NA,NA,NA,3.1,NA,NA,NA,0,0,0,0
3129,3127,"ALT600A04",16.35,35.5,"ヤブニッケイ","EB",NA,NA,0,NA,NA,NA,2.1,NA,NA,NA,0,0,0,0
3130,3130,"ALT600A04",18.25,34.7,"イヌガシ","EB",NA,NA,0,NA,NA,NA,3,NA,NA,NA,0,0,0,0
3131,923,"ALT600A04",19.45,32.25,"イヌガシ","EB",NA,NA,0,NA,NA,NA,2.1,NA,NA,NA,0,0,0,0
3132,3132,"ALT600A04",16.6,32.15,"イヌガシ","EB",NA,NA,0,NA,NA,NA,2.1,NA,NA,NA,9.84126984126978,9.84126984126978,0,0
3133,3133,"ALT600A04",12.05,29.55,"シロダモ","EB",NA,NA,0,NA,NA,NA,2.4,NA,NA,NA,7.49999999999999,7.49999999999999,0,0
3134,939,"ALT600A04",14.5,27.85,"イヌガシ","EB",NA,NA,0,NA,NA,NA,2.1,NA,NA,NA,0,0,0,0
3135,3135,"ALT600A04",18.75,27.95,"ヤブニッケイ","EB",NA,NA,0,NA,NA,NA,4.5,NA,NA,NA,0,0,0,0
3136,3135,"ALT600A04",18.75,27.95,"ヤブニッケイ","EB",NA,NA,0,NA,NA,NA,3.1,NA,NA,NA,0,0,0,0
3137,3137,"ALT600A04",19.1,20.4,"シキミ","EB",NA,NA,0,NA,NA,NA,3.1,NA,NA,NA,14.3148437735543,0,14.3148437735543,0
3138,932,"ALT600A04",16.65,21.8,"ヤブニッケイ","EB",NA,NA,0,NA,NA,NA,3,NA,NA,NA,18.2189232145113,4.90119455677948,0,0
3139,932,"ALT600A04",16.65,21.8,"ヤブニッケイ","EB",NA,NA,0,NA,NA,NA,3.1,NA,NA,NA,17.5985050381359,4.74309150656079,0,0
3140,942,"ALT600A04",12.55,22.55,"ヒイラギ","EB",NA,NA,0,NA,NA,NA,4.5,NA,NA,NA,0,0,0,0
3141,942,"ALT600A04",12.55,22.55,"ヒイラギ","EB",NA,NA,0,NA,NA,NA,3.1,NA,NA,NA,0,0,0,0
3142,942,"ALT600A04",12.55,22.55,"ヒイラギ","EB",NA,NA,0,NA,NA,NA,2.5,NA,NA,NA,0,0,0,0
3143,3143,"ALT600A04",13.8,25.35,"アカガシ","EB",NA,NA,0,NA,NA,NA,2.5,NA,NA,NA,0,0,0,0
3144,3144,"ALT600A05",13.45,19.9,"イヌガシ","EB",NA,NA,0,NA,NA,NA,3,NA,NA,NA,0,0,0,0
3145,3145,"ALT600A05",17.75,16.5,"イヌガシ","EB",NA,NA,0,NA,NA,NA,4.3,NA,NA,NA,4.26539777418059,4.26539777418059,0,0
3146,946,"ALT600A05",17.5,15.1,"ヒイラギ","EB",NA,NA,0,NA,NA,NA,3,NA,NA,NA,0,0,0,0
3147,946,"ALT600A05",17.5,15.1,"ヒイラギ","EB",NA,NA,0,NA,NA,NA,2.3,NA,NA,NA,0,0,0,0
3148,944,"ALT600A05",16.75,13,"アブラチャン","DB",NA,NA,0,NA,NA,NA,2.5,NA,NA,NA,0,0,0,0
3149,944,"ALT600A05",16.75,13,"アブラチャン","DB",NA,NA,0,NA,NA,NA,2.1,NA,NA,NA,0,0,0,0
3150,944,"ALT600A05",16.75,13,"アブラチャン","DB",NA,NA,0,NA,NA,NA,2.3,NA,NA,NA,0,0,0,0
3151,956,"ALT600A05",11.6,12.6,"アブラチャン","DB",NA,NA,0,NA,NA,NA,3.9,NA,NA,NA,18.146551663556,0,18.146551663556,0
3152,3152,"ALT600A05",14.85,6.9,"イヌガシ","EB",NA,NA,0,NA,NA,NA,3.4,NA,NA,NA,1.34715226829844,1.34715226829844,0,0
3153,3153,"ALT600A05",15.5,6.35,"シロダモ","EB",NA,NA,0,NA,NA,NA,3.9,NA,NA,NA,1.02387115197435,1.02387115197435,0,0
3154,3154,"ALT600A05",17.3,7.15,"イヌガシ","EB",NA,NA,0,NA,NA,NA,3.4,NA,NA,NA,0,0,0,0
3155,2878,"ALT600A05",12,5.6,"イヌガシ","EB",NA,NA,0,NA,NA,NA,2.9,NA,NA,NA,0,0,0,0
3188,3188,"ALT600B03",22.5,47.45,"イヌガシ","EB",NA,NA,0,NA,NA,NA,2.6,NA,NA,NA,0,0,0,0
3189,3189,"ALT600B03",24.8,48.55,"イヌガシ","EB",NA,NA,0,NA,NA,NA,2,NA,NA,NA,7.10416995638699,7.10416995638699,0,0
3191,3191,"ALT600B03",27.15,47.95,"イヌガシ","EB",NA,NA,0,NA,NA,NA,3.6,NA,NA,NA,3.44020103064914,3.44020103064914,0,0
3192,3192,"ALT600B03",29.05,48.1,"イヌガシ","EB",NA,NA,0,NA,NA,NA,2.5,NA,NA,NA,4.52,4.52,0,0
3193,810,"ALT600B03",26.9,43.2,"イヌガシ","EB",NA,NA,0,NA,NA,NA,4.1,NA,NA,NA,0,0,0,0
3194,2883,"ALT600B03",24.55,44.25,"イヌガシ","EB",NA,NA,0,NA,NA,NA,2.1,NA,NA,NA,10.3468609208854,5.51187918215393,0,0
3195,3195,"ALT600B03",23.2,43.9,"イヌガシ","EB",NA,NA,0,NA,NA,NA,3.5,NA,NA,NA,1.5657046410034,1.5657046410034,0,0
3196,3196,"ALT600B03",20.4,45.3,"イヌガシ","EB",NA,NA,0,NA,NA,NA,2.4,NA,NA,NA,0,0,0,0
3197,3197,"ALT600B04",20.35,38.1,"イヌガシ","EB",NA,NA,0,NA,NA,NA,3.9,NA,NA,NA,2.93876235277327,2.93876235277327,0,0
3198,3198,"ALT600B04",23.25,34,"シロダモ","EB",NA,NA,0,NA,NA,NA,2.7,NA,NA,NA,3.8124184626736,3.8124184626736,0,0
3199,3199,"ALT600B04",28,36.85,"イヌガシ","EB",NA,NA,0,NA,NA,NA,3.7,NA,NA,NA,0,0,0,0
3200,3199,"ALT600B04",28,36.85,"イヌガシ","EB",NA,NA,0,NA,NA,NA,2.8,NA,NA,NA,0,0,0,0
3201,3199,"ALT600B04",28,36.85,"イヌガシ","EB",NA,NA,0,NA,NA,NA,2.5,NA,NA,NA,0,0,0,0
3202,3202,"ALT600B04",22.4,33.1,"イヌガシ","EB",NA,NA,0,NA,NA,NA,2.7,NA,NA,NA,0,0,0,0
3203,3202,"ALT600B04",22.4,33.1,"イヌガシ","EB",NA,NA,0,NA,NA,NA,2.2,NA,NA,NA,0,0,0,0
3204,3204,"ALT600B04",21.5,31.1,"イヌガシ","EB",NA,NA,0,NA,NA,NA,2.9,NA,NA,NA,0,0,0,0
3205,798,"ALT600B04",20.5,33.25,"イヌガシ","EB",NA,NA,0,NA,NA,NA,2.4,NA,NA,NA,0,0,0,0
3206,3206,"ALT600B04",20.9,30.1,"イヌガシ","EB",NA,NA,0,NA,NA,NA,2.6,NA,NA,NA,0,0,0,0
3207,3207,"ALT600B04",22.1,28.95,"イヌガシ","EB",NA,NA,0,NA,NA,NA,3.2,NA,NA,NA,0,0,0,0
3208,3208,"ALT600B04",23.75,27.4,"シロダモ","EB",NA,NA,0,NA,NA,NA,3.3,NA,NA,NA,0,0,0,0
3209,3209,"ALT600B04",28.3,26.8,"ヤブニッケイ","EB",NA,NA,0,NA,NA,NA,3.8,NA,NA,NA,1.430989399922,1.430989399922,0,0
3210,3210,"ALT600B04",28.75,27.15,"イヌガシ","EB",NA,NA,0,NA,NA,NA,3.1,NA,NA,NA,2.15020675701079,2.15020675701079,0,0
3211,791,"ALT600B04",27.45,24.7,"イヌガシ","EB",NA,NA,0,NA,NA,NA,4.2,NA,NA,NA,0,0,0,0
3212,3212,"ALT600B04",21.45,24.95,"イヌガシ","EB",NA,NA,0,NA,NA,NA,3.9,NA,NA,NA,6.06841147427339,6.06841147427339,0,0
3213,773,"ALT600B05",20.7,19.75,"ヒイラギ","EB",NA,NA,0,NA,NA,NA,2.7,NA,NA,NA,0,0,0,0
3214,3214,"ALT600B05",23.5,19.35,"イヌガシ","EB",NA,NA,0,NA,NA,NA,3.3,NA,NA,NA,0,0,0,0
3215,3215,"ALT600B05",28.15,11,"アカガシ","EB",NA,NA,0,NA,NA,NA,4.4,NA,NA,NA,0,0,0,0
3216,3216,"ALT600B05",25.45,12.9,"イヌガシ","EB",NA,NA,0,NA,NA,NA,3.3,NA,NA,NA,0,0,0,0
3217,779,"ALT600B05",21.8,10,"アブラチャン","DB",NA,NA,0,NA,NA,NA,3.9,NA,NA,NA,17.6366216235714,0,2.74979584453532,0
3218,779,"ALT600B05",21.8,10,"アブラチャン","DB",NA,NA,0,NA,NA,NA,2.2,NA,NA,NA,32.6936933835779,0,4.87463808803989,0
3219,3219,"ALT600B05",21.5,9.55,"イヌガシ","EB",NA,NA,0,NA,NA,NA,2.9,NA,NA,NA,24.3558017193147,0,24.3558017193147,0
3220,3220,"ALT600B05",23.15,7.7,"イヌガシ","EB",NA,NA,0,NA,NA,NA,2.4,NA,NA,NA,0,0,0,0
3256,681,"ALT600B03",30.5,49.25,"イヌガシ","EB",NA,NA,0,NA,NA,NA,3.9,NA,NA,NA,0,0,0,0
3257,681,"ALT600B03",30.5,49.25,"イヌガシ","EB",NA,NA,0,NA,NA,NA,4.1,NA,NA,NA,0,0,0,0
3258,681,"ALT600B03",30.5,49.25,"イヌガシ","EB",NA,NA,0,NA,NA,NA,3.1,NA,NA,NA,0,0,0,0
3259,680,"ALT600B03",34.3,46.45,"イヌガシ","EB",NA,NA,0,NA,NA,NA,4.4,NA,NA,NA,0,0,0,0
3260,680,"ALT600B03",34.3,46.45,"イヌガシ","EB",NA,NA,0,NA,NA,NA,3,NA,NA,NA,0,0,0,0
3261,2595,"ALT600B03",37.1,47.95,"イヌガシ","EB",NA,NA,0,NA,NA,NA,2.2,NA,NA,NA,0,0,0,0
3262,3262,"ALT600B03",38.35,45,"イヌガシ","EB",NA,NA,0,NA,NA,NA,4.3,NA,NA,NA,0,0,0,0
3263,680,"ALT600B03",34.3,46.45,"イヌガシ","EB",NA,NA,0,NA,NA,NA,3.7,NA,NA,NA,0,0,0,0
3264,3264,"ALT600B03",34.8,42.35,"イヌガシ","EB",NA,NA,0,NA,NA,NA,2.7,NA,NA,NA,0,0,0,0
3265,3265,"ALT600B03",33.5,42.25,"シロダモ","EB",NA,NA,0,NA,NA,NA,2,NA,NA,NA,10.375355415599,10.375355415599,0,0
3266,3266,"ALT600B03",33.15,44.55,"イヌガシ","EB",NA,NA,0,NA,NA,NA,2.2,NA,NA,NA,0,0,0,0
3267,3266,"ALT600B03",33.15,44.55,"イヌガシ","EB",NA,NA,0,NA,NA,NA,3,NA,NA,NA,0,0,0,0
3268,3268,"ALT600B04",31.75,38.6,"イヌガシ","EB",NA,NA,0,NA,NA,NA,4.2,NA,NA,NA,0,0,0,0
3269,3269,"ALT600B04",32.6,39.9,"イヌガシ","EB",NA,NA,0,NA,NA,NA,2.2,NA,NA,NA,3.41648040486557,3.41648040486557,0,0
3270,3270,"ALT600B04",34.35,38.25,"イヌガシ","EB",NA,NA,0,NA,NA,NA,4.6,NA,NA,NA,0,0,0,0
3271,3271,"ALT600B04",38.45,39.6,"シロダモ","EB",NA,NA,0,NA,NA,NA,3.9,NA,NA,NA,0,0,0,0
3272,688,"ALT600B04",35.7,36.05,"イヌガシ","EB",NA,NA,0,NA,NA,NA,2.6,NA,NA,NA,0,0,0,0
3273,688,"ALT600B04",35.7,36.05,"イヌガシ","EB",NA,NA,0,NA,NA,NA,2.2,NA,NA,NA,0,0,0,0
3274,3274,"ALT600B04",33.6,36.2,"シロダモ","EB",NA,NA,0,NA,NA,NA,2.8,NA,NA,NA,1.23960261610661,1.23960261610661,0,0
3275,3275,"ALT600B04",32.9,36.8,"イヌガシ","EB",NA,NA,0,NA,NA,NA,3.2,NA,NA,NA,0.949070752956622,0.949070752956622,0,0
3276,3276,"ALT600B04",32,36.3,"シロダモ","EB",NA,NA,0,NA,NA,NA,2.5,NA,NA,NA,13.5764501987825,13.5764501987825,0,0
3277,3277,"ALT600B04",32.05,36.25,"イヌガシ","EB",NA,NA,0,NA,NA,NA,2.4,NA,NA,NA,14.7313912747206,14.7313912747206,0,0
3278,3278,"ALT600B04",30.85,38,"イヌガシ","EB",NA,NA,0,NA,NA,NA,2.2,NA,NA,NA,0,0,0,0
3279,3279,"ALT600B04",37.1,26.65,"アカガシ","EB",NA,NA,0,NA,NA,NA,3.5,NA,NA,NA,0,0,0,0
3280,692,"ALT600B04",37.1,21.65,"イヌガシ","EB",NA,NA,0,NA,NA,NA,2.2,NA,NA,NA,0,0,0,0
3281,692,"ALT600B04",37.1,21.65,"イヌガシ","EB",NA,NA,0,NA,NA,NA,2.1,NA,NA,NA,0,0,0,0
3282,3282,"ALT600B04",34.3,24.25,"イヌガシ","EB",NA,NA,0,NA,NA,NA,3.9,NA,NA,NA,0,0,0,0
3283,3283,"ALT600B04",30.3,20.8,"シキミ","EB",NA,NA,0,NA,NA,NA,4.5,NA,NA,NA,0,0,0,0
3284,3284,"ALT600B05",39.35,13.8,"イヌガシ","EB",NA,NA,0,NA,NA,NA,2,NA,NA,NA,0,0,0,0
3285,3285,"ALT600B05",36.75,11.45,"イヌガシ","EB",NA,NA,0,NA,NA,NA,3.1,NA,NA,NA,0,0,0,0
3286,743,"ALT600B05",35.95,4.55,"アブラチャン","DB",NA,NA,0,NA,NA,NA,3.4,NA,NA,NA,0,0,0,0
3287,732,"ALT600B05",39.95,3.5,"アブラチャン","DB",NA,NA,0,NA,NA,NA,3.9,NA,NA,NA,0,0,0,0
3288,732,"ALT600B05",39.95,3.5,"アブラチャン","DB",NA,NA,0,NA,NA,NA,3.6,NA,NA,NA,0,0,0,0
3289,732,"ALT600B05",39.95,3.5,"アブラチャン","DB",NA,NA,0,NA,NA,NA,3.3,NA,NA,NA,0,0,0,0
3290,732,"ALT600B05",39.95,3.5,"アブラチャン","DB",NA,NA,0,NA,NA,NA,2.1,NA,NA,NA,0,0,0,0
3291,732,"ALT600B05",39.95,3.5,"アブラチャン","DB",NA,NA,0,NA,NA,NA,2.3,NA,NA,NA,0,0,0,0
3292,732,"ALT600B05",39.95,3.5,"アブラチャン","DB",NA,NA,0,NA,NA,NA,2,NA,NA,NA,0,0,0,0
3293,732,"ALT600B05",39.95,3.5,"アブラチャン","DB",NA,NA,0,NA,NA,NA,2.1,NA,NA,NA,0,0,0,0
3294,732,"ALT600B05",39.95,3.5,"アブラチャン","DB",NA,NA,0,NA,NA,NA,2.1,NA,NA,NA,0,0,0,0
3295,732,"ALT600B05",39.95,3.5,"アブラチャン","DB",NA,NA,0,NA,NA,NA,2.2,NA,NA,NA,0,0,0,0
3336,3336,"ALT600C03",40.15,49.65,"イヌガシ","EB",NA,NA,0,NA,NA,NA,4.3,NA,NA,NA,0,0,0,0
3337,563,"ALT600C03",49.15,49.55,"イヌガシ","EB",NA,NA,0,NA,NA,NA,3.7,NA,NA,NA,11.7299791442774,5.5361116522057,0,0
3338,3338,"ALT600C03",46.5,45.45,"イヌガシ","EB",NA,NA,0,NA,NA,NA,4.4,NA,NA,NA,0,0,0,0
3339,3339,"ALT600C03",46.4,40.6,"イヌガシ","EB",NA,NA,0,NA,NA,NA,4,NA,NA,NA,3.18198051533948,3.18198051533948,0,0
3340,3340,"ALT600C03",45.6,43.1,"イヌガシ","EB",NA,NA,0,NA,NA,NA,3.1,NA,NA,NA,4.04884924156251,4.04884924156251,0,0
3341,3341,"ALT600C03",43.45,43.2,"イヌガシ","EB",NA,NA,0,NA,NA,NA,2.1,NA,NA,NA,0,0,0,0
3342,3342,"ALT600C03",41.55,44.85,"イヌガシ","EB",NA,NA,0,NA,NA,NA,2.1,NA,NA,NA,1.13630239809772,1.13630239809772,0,0
3343,3343,"ALT600C03",40.95,44.15,"イヌガシ","EB",NA,NA,0,NA,NA,NA,2.2,NA,NA,NA,1.03534991231632,1.03534991231632,0,0
3344,3344,"ALT600C03",41.45,46.35,"ヤブニッケイ","EB",NA,NA,0,NA,NA,NA,3.9,NA,NA,NA,0,0,0,0
3345,3345,"ALT600C03",40.2,48.15,"イヌガシ","EB",NA,NA,0,NA,NA,NA,3.1,NA,NA,NA,16.9094092075111,16.9094092075111,0,0
3346,3346,"ALT600C03",41.5,48.75,"イヌガシ","EB",NA,NA,0,NA,NA,NA,2.2,NA,NA,NA,0,0,0,0
3347,555,"ALT600C04",42.05,37.55,"イヌガシ","EB",NA,NA,0,NA,NA,NA,3,NA,NA,NA,0,0,0,0
3348,554,"ALT600C04",48.3,38.25,"ヤブニッケイ","EB",NA,NA,0,NA,NA,NA,3,NA,NA,NA,11.3922685968943,9.68730322865158,0,0
3349,554,"ALT600C04",48.3,38.25,"ヤブニッケイ","EB",NA,NA,0,NA,NA,NA,3.3,NA,NA,NA,10.2509281437731,8.70095962718888,0,0
3350,3350,"ALT600C04",49,38.75,"イヌガシ","EB",NA,NA,0,NA,NA,NA,2.9,NA,NA,NA,11.8251908377333,10.0614335602409,0,0
3351,3350,"ALT600C04",49,38.75,"イヌガシ","EB",NA,NA,0,NA,NA,NA,2.3,NA,NA,NA,15.213277939952,12.6861553585646,0,0
3352,3350,"ALT600C04",49,38.75,"イヌガシ","EB",NA,NA,0,NA,NA,NA,2.1,NA,NA,NA,16.7728735901796,13.8943606308088,0,0
3353,553,"ALT600C04",47.65,33.55,"アカガシ","EB",NA,NA,0,NA,NA,NA,2.6,NA,NA,NA,0,0,0,0
3354,3354,"ALT600C04",49.15,31.75,"イヌガシ","EB",NA,NA,0,NA,NA,NA,3.1,NA,NA,NA,0.809492924562088,0.809492924562088,0,0
3355,3355,"ALT600C04",42.25,31.7,"イヌガシ","EB",NA,NA,0,NA,NA,NA,3.7,NA,NA,NA,2.86922716099934,1.9254024369864,0,0
3356,3355,"ALT600C04",42.25,31.7,"イヌガシ","EB",NA,NA,0,NA,NA,NA,2.5,NA,NA,NA,4.91694928221781,2.84959560673987,0,0
3357,3357,"ALT600C04",42.8,33.75,"イヌガシ","EB",NA,NA,0,NA,NA,NA,2.6,NA,NA,NA,0,0,0,0
3358,2303,"ALT600C04",44.45,38.15,"イヌガシ","EB",NA,NA,0,NA,NA,NA,2.3,NA,NA,NA,0,0,0,0
3359,3359,"ALT600C04",41.7,29.95,"アカガシ","EB",NA,NA,0,NA,NA,NA,4.2,NA,NA,NA,16.4510557255646,0,16.4510557255646,0
3360,3360,"ALT600C04",45,25.75,"ヤブニッケイ","EB",NA,NA,0,NA,NA,NA,2.4,NA,NA,NA,0,0,0,0
3361,3361,"ALT600C04",49.85,28.7,"イヌガシ","EB",NA,NA,0,NA,NA,NA,4.6,NA,NA,NA,1.50831673896779,1.50831673896779,0,0
3362,3362,"ALT600C04",49.7,25.2,"イヌガシ","EB",NA,NA,0,NA,NA,NA,4.1,NA,NA,NA,0,0,0,0
3363,3363,"ALT600C04",46.85,25.8,"アオハダ","DB",NA,NA,0,NA,NA,NA,4.2,NA,NA,NA,0,0,0,0
3364,3364,"ALT600C04",46.35,24.75,"イヌガシ","EB",NA,NA,0,NA,NA,NA,2.3,NA,NA,NA,0,0,0,0
3365,541,"ALT600C04",46.9,23.65,"イヌガシ","EB",NA,NA,0,NA,NA,NA,2.4,NA,NA,NA,0,0,0,0
3366,3366,"ALT600C04",44.25,23.45,"イヌガシ","EB",NA,NA,0,NA,NA,NA,2.4,NA,NA,NA,26.1111111111111,26.1111111111111,0,0
3367,3367,"ALT600C04",40.3,26.6,"イヌガシ","EB",NA,NA,0,NA,NA,NA,2.5,NA,NA,NA,0,0,0,0
3368,3368,"ALT600C05",40.7,17.15,"イヌガシ","EB",NA,NA,0,NA,NA,NA,3.9,NA,NA,NA,0,0,0,0
3369,3369,"ALT600C05",42.8,17.85,"イヌガシ","EB",NA,NA,0,NA,NA,NA,2.4,NA,NA,NA,0,0,0,0
3370,3370,"ALT600C05",43.35,20,"イヌガシ","EB",NA,NA,0,NA,NA,NA,3.6,NA,NA,NA,0,0,0,0
3371,3371,"ALT600C05",47.05,17.25,"イヌガシ","EB",NA,NA,0,NA,NA,NA,4.1,NA,NA,NA,0,0,0,0
3372,3372,"ALT600C05",40.5,14.7,"アカガシ","EB",NA,NA,0,NA,NA,NA,3.7,NA,NA,NA,0,0,0,0
3373,3373,"ALT600C05",44.05,16.45,"イヌガシ","EB",NA,NA,0,NA,NA,NA,3.7,NA,NA,NA,0,0,0,0
3439,3439,"ALT600C03",51.8,48.6,"ヤブニッケイ","EB",NA,NA,0,NA,NA,NA,2.1,NA,NA,NA,0,0,0,0
3440,464,"ALT600C03",53.55,46.8,"イヌガシ","EB",NA,NA,0,NA,NA,NA,3.1,NA,NA,NA,0,0,0,0
3441,3441,"ALT600C03",53.85,49.95,"アカガシ","EB",NA,NA,0,NA,NA,NA,4.6,NA,NA,NA,1.0452882852323,1.0452882852323,0,0
3442,3442,"ALT600C03",56.3,46.5,"ヤブニッケイ","EB",NA,NA,0,NA,NA,NA,4.3,NA,NA,NA,0,0,0,0
3443,3443,"ALT600C03",57.2,45.85,"イヌガヤ","EC",NA,NA,0,NA,NA,NA,4.2,NA,NA,NA,0,0,0,0
3444,3444,"ALT600C03",58.65,48.1,"アカガシ","EB",NA,NA,0,NA,NA,NA,3.3,NA,NA,NA,0,0,0,0
3445,3445,"ALT600C03",57.35,42.85,"イヌガシ","EB",NA,NA,0,NA,NA,NA,3.6,NA,NA,NA,0,0,0,0
3446,3446,"ALT600C03",58.65,41.75,"アカガシ","EB",NA,NA,0,NA,NA,NA,4,NA,NA,NA,0,0,0,0
3447,3447,"ALT600C03",55.05,43.65,"イヌガシ","EB",NA,NA,0,NA,NA,NA,4.3,NA,NA,NA,2.71186399119275,2.71186399119275,0,0
3448,3448,"ALT600C03",54.3,42.8,"イヌガヤ","EC",NA,NA,0,NA,NA,NA,4.1,NA,NA,NA,0,0,0,0
3449,3449,"ALT600C03",52.95,41.7,"イヌガシ","EB",NA,NA,0,NA,NA,NA,2.7,NA,NA,NA,0,0,0,0
3450,3450,"ALT600C04",55.5,39.3,"アカガシ","EB",NA,NA,0,NA,NA,NA,3.8,NA,NA,NA,14.1225345947351,0,14.1225345947351,0
3451,471,"ALT600C04",58.05,35.55,"ヤブニッケイ","EB",NA,NA,0,NA,NA,NA,3.8,NA,NA,NA,0,0,0,0
3452,473,"ALT600C04",55.4,34.75,"イヌガシ","EB",NA,NA,0,NA,NA,NA,3.8,NA,NA,NA,0,0,0,0
3453,3453,"ALT600C04",59.1,32.45,"アカガシ","EB",NA,NA,0,NA,NA,NA,4.5,NA,NA,NA,0,0,0,0
3454,3454,"ALT600C04",58.3,31.2,"アカガシ","EB",NA,NA,0,NA,NA,NA,3.7,NA,NA,NA,0,0,0,0
3455,3455,"ALT600C04",57.1,31.45,"シキミ","EB",NA,NA,0,NA,NA,NA,4.2,NA,NA,NA,0,0,0,0
3456,3456,"ALT600C04",50.1,32.05,"ヤブニッケイ","EB",NA,NA,0,NA,NA,NA,2.5,NA,NA,NA,1.24467632080667,1.24467632080667,0,0
3457,3457,"ALT600C04",51.35,33.9,"イヌガシ","EB",NA,NA,0,NA,NA,NA,3.1,NA,NA,NA,0,0,0,0
3458,3458,"ALT600C04",57.25,24.25,"イヌガシ","EB",NA,NA,0,NA,NA,NA,2.1,NA,NA,NA,0,0,0,0
3459,491,"ALT600C04",53.5,22.4,"イヌガシ","EB",NA,NA,0,NA,NA,NA,2.5,NA,NA,NA,0,0,0,0
3460,3460,"ALT600C04",52.25,25.65,"イヌガシ","EB",NA,NA,0,NA,NA,NA,4.5,NA,NA,NA,0,0,0,0
3461,3461,"ALT600C05",52.9,19.4,"アカガシ","EB",NA,NA,0,NA,NA,NA,3.2,NA,NA,NA,26.9435186359644,13.2974376999948,13.6460809359696,0
3462,494,"ALT600C05",53.45,19.45,"イヌガシ","EB",NA,NA,0,NA,NA,NA,2.4,NA,NA,NA,39.4889531675621,8.73652809054737,27.6134025429679,0
3463,494,"ALT600C05",53.45,19.45,"イヌガシ","EB",NA,NA,0,NA,NA,NA,2.2,NA,NA,NA,43.2434684483268,9.53075791696076,30.1237118650559,0
3464,3464,"ALT600C05",59.5,17.8,"アブラチャン","DB",NA,NA,0,NA,NA,NA,2.6,NA,NA,NA,0,0,0,0
3465,3465,"ALT600C05",56.35,12.95,"イヌガシ","EB",NA,NA,0,NA,NA,NA,3.5,NA,NA,NA,10.6465201371762,10.6465201371762,0,0
3466,3466,"ALT600C05",50.2,12.6,"イヌガシ","EB",NA,NA,0,NA,NA,NA,3.6,NA,NA,NA,0,0,0,0
3467,3467,"ALT600C05",52.95,14.15,"イヌガシ","EB",NA,NA,0,NA,NA,NA,2.3,NA,NA,NA,0,0,0,0
3468,3468,"ALT600C05",52.05,16.15,"ヤブニッケイ","EB",NA,NA,0,NA,NA,NA,2,NA,NA,NA,0,0,0,0
3499,364,"ALT600D03",60.6,49.05,"イヌガシ","EB",NA,NA,0,NA,NA,NA,2,NA,NA,NA,12.5547449843324,6.50986776965386,0,0
3500,3500,"ALT600D03",63.4,47.8,"イヌガシ","EB",NA,NA,0,NA,NA,NA,2.6,NA,NA,NA,22.0071505764892,0,22.0071505764892,0
3501,3501,"ALT600D03",68.7,46.6,"イヌガシ","EB",NA,NA,0,NA,NA,NA,2.6,NA,NA,NA,0,0,0,0
3502,3501,"ALT600D03",68.7,46.6,"イヌガシ","EB",NA,NA,0,NA,NA,NA,2.4,NA,NA,NA,0,0,0,0
3503,3503,"ALT600D03",69.75,46.55,"ヤブニッケイ","EB",NA,NA,0,NA,NA,NA,4.6,NA,NA,NA,1.87537015879912,1.87537015879912,0,0
3504,3504,"ALT600D03",64.85,43.45,"イヌガシ","EB",NA,NA,0,NA,NA,NA,3.8,NA,NA,NA,4.28853533885616,4.28853533885616,0,0
3505,358,"ALT600D03",65,41.15,"アオハダ","DB",NA,NA,0,NA,NA,NA,4,NA,NA,NA,4.18499572152578,2.9632888959872,0,0
3506,358,"ALT600D03",65,41.15,"アオハダ","DB",NA,NA,0,NA,NA,NA,2.4,NA,NA,NA,7.66815986242302,4.93881482664533,0,0
3507,358,"ALT600D03",65,41.15,"アオハダ","DB",NA,NA,0,NA,NA,NA,2.3,NA,NA,NA,8.04676466034663,5.1535459060647,0,0
3508,3508,"ALT600D03",62.85,42.5,"イヌガシ","EB",NA,NA,0,NA,NA,NA,3.8,NA,NA,NA,0,0,0,0
3509,3509,"ALT600D03",62.75,44.15,"イヌガシ","EB",NA,NA,0,NA,NA,NA,2,NA,NA,NA,0,0,0,0
3510,2247,"ALT600D04",60.5,32.8,"イヌガシ","EB",NA,NA,0,NA,NA,NA,3.1,NA,NA,NA,42.1333374200098,0,33.4030062428907,0
3511,2247,"ALT600D04",60.5,32.8,"イヌガシ","EB",NA,NA,0,NA,NA,NA,2.3,NA,NA,NA,57.4705543839722,0,45.0214431969396,0
3512,2247,"ALT600D04",60.5,32.8,"イヌガシ","EB",NA,NA,0,NA,NA,NA,2.4,NA,NA,NA,54.9942328949991,0,43.1455497304005,0
3513,2247,"ALT600D04",60.5,32.8,"イヌガシ","EB",NA,NA,0,NA,NA,NA,2.3,NA,NA,NA,57.4705543839722,0,45.0214431969396,0
3514,3514,"ALT600D04",69.3,26.75,"イヌガシ","EB",NA,NA,0,NA,NA,NA,2.2,NA,NA,NA,0,0,0,0
3515,3515,"ALT600D04",67,24.7,"イヌガシ","EB",NA,NA,0,NA,NA,NA,3.3,NA,NA,NA,0,0,0,0
3516,3516,"ALT600D04",65,23.45,"イヌガシ","EB",NA,NA,0,NA,NA,NA,3.3,NA,NA,NA,1.95234540961711,1.95234540961711,0,0
3517,3517,"ALT600D04",64.05,21.75,"イヌガシ","EB",NA,NA,0,NA,NA,NA,4.1,NA,NA,NA,0,0,0,0
3518,3518,"ALT600D04",62.15,23.05,"イヌガシ","EB",NA,NA,0,NA,NA,NA,2,NA,NA,NA,0,0,0,0
3519,3519,"ALT600D05",66.1,20,"イヌガシ","EB",NA,NA,0,NA,NA,NA,2.4,NA,NA,NA,0,0,0,0
3554,3554,"ALT600D03",76.65,45.2,"イヌガシ","EB",NA,NA,0,NA,NA,NA,3.4,NA,NA,NA,0,0,0,0
3555,258,"ALT600D03",74.35,44.25,"イヌガシ","EB",NA,NA,0,NA,NA,NA,4.2,NA,NA,NA,12.3779820216675,2.10425694368347,0,0
3556,258,"ALT600D03",74.35,44.25,"イヌガシ","EB",NA,NA,0,NA,NA,NA,3,NA,NA,NA,17.7450750262625,2.94595972115686,0,0
3557,258,"ALT600D03",74.35,44.25,"イヌガシ","EB",NA,NA,0,NA,NA,NA,2.4,NA,NA,NA,22.4412814052832,3.68244965144608,0,0
3558,3558,"ALT600D04",70.55,38.65,"ウラジロガシ","EB",NA,NA,0,NA,NA,NA,4.5,NA,NA,NA,0,0,0,0
3559,3559,"ALT600D04",75.8,37.65,"イヌガシ","EB",NA,NA,0,NA,NA,NA,2.2,NA,NA,NA,1.57541152960212,1.57541152960212,0,0
3560,3560,"ALT600D04",76.2,36.85,"イヌガシ","EB",NA,NA,0,NA,NA,NA,3.1,NA,NA,NA,0.793443475887022,0.793443475887022,0,0
3561,266,"ALT600D04",76.1,35.7,"イヌガシ","EB",NA,NA,0,NA,NA,NA,2.1,NA,NA,NA,0,0,0,0
3562,273,"ALT600D04",79.55,33.4,"ヤブニッケイ","EB",NA,NA,0,NA,NA,NA,3.4,NA,NA,NA,9.02940124964917,5.84637490984478,0,0
3563,3563,"ALT600D04",78.6,32.9,"イヌガシ","EB",NA,NA,0,NA,NA,NA,3.2,NA,NA,NA,0,0,0,0
3564,3564,"ALT600D04",73.7,32.05,"イヌガシ","EB",NA,NA,0,NA,NA,NA,2.4,NA,NA,NA,1.55238502828602,1.55238502828602,0,0
3565,3565,"ALT600D04",73.3,31.2,"イヌガシ","EB",NA,NA,0,NA,NA,NA,3.5,NA,NA,NA,0.729937776565507,0.729937776565507,0,0
3566,3566,"ALT600D04",73.45,30.05,"イヌガシ","EB",NA,NA,0,NA,NA,NA,2.1,NA,NA,NA,1.89311187556879,1.89311187556879,0,0
3567,3567,"ALT600D04",71.65,30.9,"ヤブニッケイ","EB",NA,NA,0,NA,NA,NA,2.8,NA,NA,NA,0,0,0,0
3568,3568,"ALT600D04",70.65,30.65,"イヌガシ","EB",NA,NA,0,NA,NA,NA,2.8,NA,NA,NA,0,0,0,0
3569,3569,"ALT600D04",71.65,32.45,"イヌガシ","EB",NA,NA,0,NA,NA,NA,2,NA,NA,NA,4.66690475583121,4.66690475583121,0,0
3571,3571,"ALT600D04",74.4,35.85,"イヌガシ","EB",NA,NA,0,NA,NA,NA,2.4,NA,NA,NA,0,0,0,0
3572,3572,"ALT600D04",74.05,27.85,"イヌガシ","EB",NA,NA,0,NA,NA,NA,2.4,NA,NA,NA,0,0,0,0
3573,3573,"ALT600D04",76.8,28.65,"イヌガシ","EB",NA,NA,0,NA,NA,NA,3.1,NA,NA,NA,0,0,0,0
3574,3574,"ALT600D04",77.35,26,"イヌガシ","EB",NA,NA,0,NA,NA,NA,3.3,NA,NA,NA,0,0,0,0
3575,3575,"ALT600D04",70.55,24.7,"イヌガシ","EB",NA,NA,0,NA,NA,NA,3,NA,NA,NA,0,0,0,0
3576,3575,"ALT600D04",70.55,24.7,"イヌガシ","EB",NA,NA,0,NA,NA,NA,2.9,NA,NA,NA,0,0,0,0
3577,3577,"ALT600D04",72.55,29.95,"イヌガシ","EB",NA,NA,0,NA,NA,NA,3.6,NA,NA,NA,0.644183902103267,0.644183902103267,0,0
3578,3578,"ALT600D05",70.5,19.2,"イヌガシ","EB",NA,NA,0,NA,NA,NA,3.9,NA,NA,NA,0,0,0,0
3579,289,"ALT600D05",77.4,16.9,"イヌガシ","EB",NA,NA,0,NA,NA,NA,3.6,NA,NA,NA,0,0,0,0
3580,297,"ALT600D05",79.2,14.65,"イヌガシ","EB",NA,NA,0,NA,NA,NA,2.8,NA,NA,NA,0,0,0,0
3581,303,"ALT600D05",72.4,7.5,"アブラチャン","DB",NA,NA,0,NA,NA,NA,3.4,NA,NA,NA,0,0,0,0
3582,303,"ALT600D05",72.4,7.5,"アブラチャン","DB",NA,NA,0,NA,NA,NA,3.3,NA,NA,NA,0,0,0,0
3583,303,"ALT600D05",72.4,7.5,"アブラチャン","DB",NA,NA,0,NA,NA,NA,3.3,NA,NA,NA,0,0,0,0
3584,303,"ALT600D05",72.4,7.5,"アブラチャン","DB",NA,NA,0,NA,NA,NA,2.6,NA,NA,NA,0,0,0,0
3585,303,"ALT600D05",72.4,7.5,"アブラチャン","DB",NA,NA,0,NA,NA,NA,2.9,NA,NA,NA,0,0,0,0
3586,303,"ALT600D05",72.4,7.5,"アブラチャン","DB",NA,NA,0,NA,NA,NA,2.7,NA,NA,NA,0,0,0,0
3587,3587,"ALT600D05",78.15,5.15,"ケヤキ","DB",NA,NA,0,NA,NA,NA,4.5,NA,NA,NA,0,0,0,0
3588,3588,"ALT600D05",79.45,1.15,"カマツカ","DB",NA,NA,0,NA,NA,NA,3.9,NA,NA,NA,0,0,0,0
3629,3629,"ALT600E03",85.65,44.7,"ヤブニッケイ","EB",NA,NA,0,NA,NA,NA,3.4,NA,NA,NA,0,0,0,0
3630,3630,"ALT600E03",85.75,48.9,"イヌガシ","EB",NA,NA,0,NA,NA,NA,2.7,NA,NA,NA,0,0,0,0
3631,3631,"ALT600E03",86.7,49.35,"イヌガシ","EB",NA,NA,0,NA,NA,NA,3.3,NA,NA,NA,0,0,0,0
3632,3632,"ALT600E03",87.85,48,"イヌガシ","EB",NA,NA,0,NA,NA,NA,3,NA,NA,NA,0,0,0,0
3633,3633,"ALT600E03",88.85,43.65,"イヌガシ","EB",NA,NA,0,NA,NA,NA,2.6,NA,NA,NA,0,0,0,0
3634,3634,"ALT600E03",85.75,40.15,"イヌガシ","EB",NA,NA,0,NA,NA,NA,4.3,NA,NA,NA,0,0,0,0
3635,3635,"ALT600E03",81.1,46.1,"イヌガシ","EB",NA,NA,0,NA,NA,NA,2.6,NA,NA,NA,0,0,0,0
3636,3636,"ALT600E03",85,43.7,"イヌガシ","EB",NA,NA,0,NA,NA,NA,3.1,NA,NA,NA,0,0,0,0
3638,134,"ALT600E04",82.15,37.4,"イヌガシ","EB",NA,NA,0,NA,NA,NA,2.8,NA,NA,NA,0,0,0,0
3639,134,"ALT600E04",82.15,37.4,"イヌガシ","EB",NA,NA,0,NA,NA,NA,2.4,NA,NA,NA,0,0,0,0
3640,3640,"ALT600E04",85.35,36,"イヌガシ","EB",NA,NA,0,NA,NA,NA,3.2,NA,NA,NA,17.5828794099916,17.5828794099916,0,0
3641,3641,"ALT600E04",89.4,38.4,"イヌガシ","EB",NA,NA,0,NA,NA,NA,3,NA,NA,NA,0,0,0,0
3642,128,"ALT600E04",85.35,33.9,"イヌガシ","EB",NA,NA,0,NA,NA,NA,2.1,NA,NA,NA,0,0,0,0
3643,2293,"ALT600E04",81,29.65,"イヌガシ","EB",NA,NA,0,NA,NA,NA,3.2,NA,NA,NA,4.0914116978775,2.61003849692186,0,0
3644,3644,"ALT600E04",81.85,29.4,"イヌガシ","EB",NA,NA,0,NA,NA,NA,4.2,NA,NA,NA,2.84853622315281,2.84853622315281,0,0
3645,2936,"ALT600E04",84.2,28.95,"イヌガシ","EB",NA,NA,0,NA,NA,NA,2,NA,NA,NA,38.6491949977307,0,34.5939261435791,0
3646,124,"ALT600E04",89.65,29.35,"ウラジロガシ","EB",NA,NA,0,NA,NA,NA,4.3,NA,NA,NA,19.5123705016352,16.0766087041092,0,0
3647,124,"ALT600E04",89.65,29.35,"ウラジロガシ","EB",NA,NA,0,NA,NA,NA,2.6,NA,NA,NA,33.0383622705313,26.5882374721805,0,0
3648,3648,"ALT600E04",89.6,28.5,"イヌガシ","EB",NA,NA,0,NA,NA,NA,3,NA,NA,NA,26.3146237787094,26.3146237787094,0,0
3649,3649,"ALT600E04",88.05,21.6,"シキミ","EB",NA,NA,0,NA,NA,NA,4.2,NA,NA,NA,13.4687005940296,13.4687005940296,0,0
3650,3650,"ALT600E04",82.55,21.45,"ヤブニッケイ","EB",NA,NA,0,NA,NA,NA,2.6,NA,NA,NA,0,0,0,0
3651,103,"ALT600E05",84,16.3,"イヌガシ","EB",NA,NA,0,NA,NA,NA,3,NA,NA,NA,0,0,0,0
3652,103,"ALT600E05",84,16.3,"イヌガシ","EB",NA,NA,0,NA,NA,NA,2.8,NA,NA,NA,0,0,0,0
3653,91,"ALT600E05",89.45,12.5,"アブラチャン","DB",NA,NA,0,NA,NA,NA,2.7,NA,NA,NA,46.1728395061711,0,18.024691358024,0
3654,91,"ALT600E05",89.45,12.5,"アブラチャン","DB",NA,NA,0,NA,NA,NA,2.6,NA,NA,NA,48.2051282051264,0,18.717948717948,0
3655,91,"ALT600E05",89.45,12.5,"アブラチャン","DB",NA,NA,0,NA,NA,NA,2.6,NA,NA,NA,48.2051282051264,0,18.717948717948,0
3656,91,"ALT600E05",89.45,12.5,"アブラチャン","DB",NA,NA,0,NA,NA,NA,2.2,NA,NA,NA,58.181818181816,0,22.1212121212113,0
3657,91,"ALT600E05",89.45,12.5,"アブラチャン","DB",NA,NA,0,NA,NA,NA,2,NA,NA,NA,64.6666666666642,0,24.3333333333324,0
3658,91,"ALT600E05",89.45,12.5,"アブラチャン","DB",NA,NA,0,NA,NA,NA,2,NA,NA,NA,64.6666666666642,0,24.3333333333324,0
3711,2853,"ALT600E03",91.5,48.55,"イヌガシ","EB",NA,NA,0,NA,NA,NA,4.2,NA,NA,NA,31.8294783653861,28.6157608934782,0,0
3712,2853,"ALT600E03",91.5,48.55,"イヌガシ","EB",NA,NA,0,NA,NA,NA,2.9,NA,NA,NA,46.7415518438027,41.4435157767615,0,0
3713,2853,"ALT600E03",91.5,48.55,"イヌガシ","EB",NA,NA,0,NA,NA,NA,3.6,NA,NA,NA,37.3737108124897,33.3850543757246,0,0
3714,40,"ALT600E03",92.15,48.3,"アカガシ","EB",NA,NA,0,NA,NA,NA,2.9,NA,NA,NA,46.7415518438027,43.5231187189646,0,0
3715,3715,"ALT600E03",90.35,42.9,"ヤブニッケイ","EB",NA,NA,0,NA,NA,NA,2.8,NA,NA,NA,0,0,0,0
3716,3716,"ALT600E03",95.25,45.75,"シキミ","EB",NA,NA,0,NA,NA,NA,4.5,NA,NA,NA,7.54247233265693,7.54247233265693,0,0
3717,3717,"ALT600E03",95.2,45.8,"イヌガシ","EB",NA,NA,0,NA,NA,NA,2.4,NA,NA,NA,26.516504294497,26.516504294497,0,0
3718,3718,"ALT600E03",96.55,45.8,"イヌガシ","EB",NA,NA,0,NA,NA,NA,4,NA,NA,NA,1.03067700176496,1.03067700176496,0,0
3719,3719,"ALT600E03",97.75,45.95,"シロダモ","EB",NA,NA,0,NA,NA,NA,3.4,NA,NA,NA,0,0,0,0
3720,2654,"ALT600E03",99.7,42.75,"イヌガシ","EB",NA,NA,0,NA,NA,NA,2.2,NA,NA,NA,57.6670070279207,45.2669936981493,0,0
3721,3721,"ALT600E03",97.25,49.4,"イヌガシ","EB",NA,NA,0,NA,NA,NA,2.7,NA,NA,NA,0,0,0,0
3722,3722,"ALT600E03",98.95,49.5,"ヤブニッケイ","EB",NA,NA,0,NA,NA,NA,2.4,NA,NA,NA,4.08575281537883,4.08575281537883,0,0
3723,3723,"ALT600E03",96.75,46.65,"シキミ","EB",NA,NA,0,NA,NA,NA,3.6,NA,NA,NA,1.2724407429197,1.2724407429197,0,0
3724,3724,"ALT600E03",92.7,44.7,"イヌガシ","EB",NA,NA,0,NA,NA,NA,2.8,NA,NA,NA,0,0,0,0
3725,3725,"ALT600E04",93.9,39.7,"イヌガシ","EB",NA,NA,0,NA,NA,NA,4.6,NA,NA,NA,8.15978101793582,0,8.15978101793582,0
3726,3726,"ALT600E04",97.65,38,"イヌガシ","EB",NA,NA,0,NA,NA,NA,4.3,NA,NA,NA,0,0,0,0
3727,2658,"ALT600E04",96.7,35.35,"イヌガシ","EB",NA,NA,0,NA,NA,NA,2.3,NA,NA,NA,8.49057695804272,3.69437318021706,0,0
3728,2658,"ALT600E04",96.7,35.35,"イヌガシ","EB",NA,NA,0,NA,NA,NA,2.2,NA,NA,NA,8.9442719099992,3.86229923386329,0,0
3729,3729,"ALT600E04",96.05,34.3,"イヌガシ","EB",NA,NA,0,NA,NA,NA,2.3,NA,NA,NA,0,0,0,0
3730,3730,"ALT600E04",96.55,33.15,"イヌガシ","EB",NA,NA,0,NA,NA,NA,2.7,NA,NA,NA,0,0,0,0
3731,3731,"ALT600E04",99.9,32.05,"イヌガシ","EB",NA,NA,0,NA,NA,NA,3.5,NA,NA,NA,0,0,0,0
3732,3732,"ALT600E04",90.05,29.2,"イヌガシ","EB",NA,NA,0,NA,NA,NA,4,NA,NA,NA,36.1306479582251,36.1306479582251,0,0
3733,3733,"ALT600E04",90.1,28.1,"ヤブニッケイ","EB",NA,NA,0,NA,NA,NA,2.2,NA,NA,NA,2.1296422075719,2.1296422075719,0,0
3734,70,"ALT600E04",94.35,27.8,"イヌガシ","EB",NA,NA,0,NA,NA,NA,2.2,NA,NA,NA,0,0,0,0
3735,3735,"ALT600E04",91.5,23.35,"イヌガシ","EB",NA,NA,0,NA,NA,NA,2.3,NA,NA,NA,0,0,0,0
3736,3736,"ALT600E04",93.95,23.85,"ウラジロガシ","EB",NA,NA,0,NA,NA,NA,2.1,NA,NA,NA,0,0,0,0
3737,81,"ALT600E05",97.25,8.8,"アブラチャン","DB",NA,NA,0,NA,NA,NA,3.8,NA,NA,NA,0,0,0,0
3738,81,"ALT600E05",97.25,8.8,"アブラチャン","DB",NA,NA,0,NA,NA,NA,3.1,NA,NA,NA,0,0,0,0
3739,81,"ALT600E05",97.25,8.8,"アブラチャン","DB",NA,NA,0,NA,NA,NA,2.4,NA,NA,NA,0,0,0,0
3740,81,"ALT600E05",97.25,8.8,"アブラチャン","DB",NA,NA,0,NA,NA,NA,2.1,NA,NA,NA,0,0,0,0
2266,2266,"ALT600A03",4.55,48.95,"アカガシ","EB",NA,0,0,NA,6.4,7,7.4,NA,NA,2.90364019688996,0,0,0,0
997,997,"ALT600A03",9.45,41.55,"イヌガシ","EB",0,0,0,5.9,7.2,7.2,7.3,1.1206420907509,3.98257350220671,0.275866442646715,0.631414750354007,0.631414750354007,0,0
998,998,"ALT600A03",7.6,41.7,"イヌガシ","EB",0,0,0,5.5,6.5,7.9,8.7,2.41355228116901,3.34108169326332,5.83041697517893,0.75785138730311,0.75785138730311,0,0
1003,1003,"ALT600A03",1.2,45.25,"ヤブニッケイ","EB",0,0,0,6,8.7,8.8,9,2.13402688477981,7.43127112864966,0.678031033513628,7.92026675858227,7.92026675858227,0,0
1004,1004,"ALT600A03",1.2,45.5,"ヤブニッケイ","EB",0,0,0,6.5,11.5,14.5,16.6,4.93473957084687,11.4108971693523,7.34111319986586,2.3759502449506,2.3759502449506,0,0
1005,1005,"ALT600A03",4.3,47.9,"イヌガヤ","EC",0,0,0,6.8,7,7,7.1,0.227221957185309,0.579750737465048,0.283692699839128,0,0,0,0
2164,2164,"ALT600A03",7.85,48.55,"イヌガシ","EB",0,0,0,5.2,8.1,10.3,11.3,4.08496894805744,8.86410872182022,6.65877328079804,0,0,0,0
2267,2267,"ALT600A03",9.05,42.65,"イヌガシ","EB",NA,0,0,NA,6.3,7.5,8.3,NA,NA,5.51411762810131,0.850624200599352,0.850624200599352,0,0
2268,2268,"ALT600A03",6,43.95,"イヌガシ","EB",NA,1,0,NA,5.9,7.8,9.5,NA,NA,9.52678895389643,1.88814480693373,1.88814480693373,0,0
2362,2362,"ALT600A03",5.25,44.9,"イヌガシ","EB",NA,0,0,NA,6,8,9.1,NA,NA,8.33029888589499,2.19314309003478,2.19314309003478,0,0
2801,2801,"ALT600A03",5.25,47.5,"イヌガシ","EB",NA,NA,0,NA,NA,5.5,5.5,NA,NA,NA,2.9481272291726,2.07539995644533,0,0
2802,2801,"ALT600A03",5.25,47.5,"イヌガシ","EB",NA,NA,0,NA,NA,5.3,6.2,NA,NA,NA,2.46473652050257,1.69054297211548,0,0
2803,2803,"ALT600A03",8.2,46.9,"アカガシ","EB",NA,NA,0,NA,NA,5.3,6,NA,NA,NA,0,0,0,0
2804,2804,"ALT600A03",6.8,44.4,"イヌガシ","EB",NA,NA,0,NA,NA,5,5.4,NA,NA,NA,2.77491712583839,2.77491712583839,0,0
2805,2805,"ALT600A03",5.6,44.6,"イヌガシ","EB",NA,NA,0,NA,NA,7.8,9.2,NA,NA,NA,3.49869407837237,3.49869407837237,0,0
987,987,"ALT600A04",8.95,36.65,"ケヤキ","DB",0,0,0,104,108.5,109.6,111.2,0.352313066711102,0.847185476782833,0.491604176719356,0,0,0,0
989,989,"ALT600A04",9.6,33.35,"イヌガシ","EB",0,0,0,14.5,15.6,16.1,16.3,0.61587609676941,1.46244529657925,0.877883871144507,0,0,0,0
990,990,"ALT600A04",10,32.4,"アカガシ","EB",0,0,0,23.7,28.1,31.1,33.9,1.88389455918589,3.40589056397229,3.75290876093409,0,0,0,0
991,991,"ALT600A04",3.4,32.95,"ムラサキシキブ","DB",0,0,0,6.1,6,6,6.2,0.0855816887988438,-0.330586039024209,0.655796456459819,5.03244186779481,0,2.41421197711778,0
992,991,"ALT600A04",3.4,32.95,"ムラサキシキブ","DB",0,0,0,5.6,6.6,6.7,7.1,1.24909571740087,3.28606102582553,1.4605027002978,4.12729196960941,0,1.84095037493369,0
993,994,"ALT600A04",3.85,36.35,"ヒサカキ","EB",0,0,0,6.5,7.5,8.3,8.7,1.53432025662603,2.86201687281346,2.96840010236546,0,0,0,0
994,994,"ALT600A04",3.85,36.35,"ヒサカキ","EB",0,0,0,16,17.4,18.1,18.8,0.848779724190117,1.67762967961404,1.54773327230841,0,0,0,0
2806,2806,"ALT600A04",4.25,33.65,"イヌガシ","EB",NA,NA,0,NA,NA,5,5.6,NA,NA,NA,0.562066627127539,0.562066627127539,0,0
2807,2807,"ALT600A04",6.75,32.05,"イヌガシ","EB",NA,NA,0,NA,NA,5.2,5.4,NA,NA,NA,1.55265710232838,1.55265710232838,0,0
2808,2808,"ALT600A04",6.65,31.45,"イヌガシ","EB",NA,NA,0,NA,NA,4.9,5.1,NA,NA,NA,1.74069515970379,1.74069515970379,0,0
977,978,"ALT600A04",9.3,26.55,"ヤブニッケイ","EB",0,0,0,33.9,39.9,42.8,45.5,1.54893321879211,3.25922619018827,2.62672004122174,0,0,0,0
978,978,"ALT600A04",9.3,26.55,"ヤブニッケイ","EB",0,0,0,42.2,44.3,44.5,45.1,0.349800134035086,0.971289120182475,0.357951389150858,0,0,0,0
983,983,"ALT600A04",3.75,21.05,"ミズキ","DB",0,0,0,29.7,32.8,34.5,35.3,0.909136411213669,1.98562939162888,1.46908897098306,0,0,0,0
2270,2270,"ALT600A04",3.2,29.65,"イヌガシ","EB",NA,0,0,NA,8.8,11,12.3,NA,NA,6.69695081788422,0.704108590857136,0.442907016829488,0,0
2342,978,"ALT600A04",9.3,26.55,"ヤブニッケイ","EB",NA,0,0,NA,5.1,5.3,5.3,NA,NA,0.769325616555923,0,0,0,0
2578,2578,"ALT600A04",0.2,27.25,"アブラチャン","DB",NA,0,0,NA,5.5,6.7,7.7,NA,NA,6.72944473242426,0,0,0,0
974,974,"ALT600A05",4.35,15.35,"イヌガシ","EB",0,0,0,5.9,8.8,10,11.9,3.69255815371479,7.99598741144974,6.03573357266646,0,0,0,0
976,975,"ALT600A05",1.55,12.35,"ヤブニッケイ","EB",0,0,0,6,10.1,12.5,15.6,5.02900760540756,10.4155190923832,8.69470980816555,0,0,0,0
958,958,"ALT600A05",8.6,2.55,"イタヤカエデ","DB",0,0,0,67.4,70,71.5,72.8,0.405636512023046,0.757004482621951,0.784414263065627,0,0,0,0
959,959,"ALT600A05",7.25,0.9,"アカガシ","EB",0,0,0,8.4,9.4,9.6,9.6,0.702796803286961,2.24955966853381,0.421068183956645,4.66352155163583,4.66352155163583,0,0
960,960,"ALT600A05",6.9,0.45,"イヌガシ","EB",0,0,0,11.3,13,13.7,13.9,1.08992691799132,2.80293263486484,1.33878965350219,3.83085541611997,3.83085541611997,0,0
961,961,"ALT600A05",6.7,0.65,"アカガシ","EB",0,0,0,6.3,6.8,6.9,7.3,0.775393235562413,1.52745957569148,1.41903471944569,12.2311666927759,12.2311666927759,0,0
962,962,"ALT600A05",3.7,1.15,"イヌガシ","EB",0,0,0,9.3,10.6,11.3,11.5,1.11754018531576,2.61679201917622,1.62986068502366,15.2865915729207,0,15.2865915729207,0
964,964,"ALT600A05",2.8,0.1,"ウラジロガシ","EB",0,0,0,18.3,19.6,20.4,21.2,0.774211167529429,1.37257012778193,1.5694323088299,0,0,0,0
965,965,"ALT600A05",4.1,1.3,"オオモミジ","DB",0,0,0,40,40.1,40.1,40.1,0.013141474729406,0.0499376039717429,0,2.71442062075814,0.671308325563842,0,0
966,965,"ALT600A05",4.1,1.3,"オオモミジ","DB",0,0,0,33.9,34.3,34.6,35,0.168068668963206,0.234606795709792,0.404054146350389,3.45104182589734,0.76912753871743,0,0
968,968,"ALT600A05",2.3,2.4,"アオハダ","DB",0,0,0,10.2,10,10.1,10.4,0.102200451879483,-0.396052545923593,0.784414263065627,0,0,0,0
969,969,"ALT600A05",2.05,3.75,"イヌガシ","EB",0,0,0,12,13.2,13.8,14,0.811319367511886,1.90620359608649,1.17681000045867,0,0,0,0
970,970,"ALT600A05",3.65,4.4,"イヌガシ","EB",0,0,0,5.7,6.3,6.7,7.1,1.15594004845666,2.00166917113965,2.39090301299565,0,0,0,0
972,972,"ALT600A05",3.8,8.8,"カジカエデ","DB",0,0,0,33.9,34.1,34.3,34.8,0.137907223126443,0.117647398061332,0.406400049819151,0,0,0,0
2809,2809,"ALT600A05",5.5,4.2,"ヤブニッケイ","EB",NA,NA,0,NA,NA,5.1,5.9,NA,NA,NA,0,0,0,0
911,911,"ALT600A03",18.6,41.05,"イヌガシ","EB",0,0,0,6.2,6.7,7.4,7.4,0.931214253468833,1.55116468691749,1.98744947626408,0.351779120787012,0.351779120787012,0,0
912,912,"ALT600A03",18.85,44.1,"イヌガシ","EB",0,0,0,8,9.2,10.2,10.9,1.62800656608033,2.79523884750317,3.39118610360207,6.42628009512698,6.42628009512698,0,0
913,913,"ALT600A03",18.65,44.25,"イヌガシ","EB",0,0,0,10.7,13.1,14.9,15.9,2.08460719872803,4.04736977478491,3.8741375803816,3.28682614261274,3.28682614261274,0,0
914,914,"ALT600A03",18,44.55,"イヌガシ","EB",0,0,0,5.3,6,6.1,6.2,0.825486692068262,2.48105297339958,0.655796456459819,5.41021995879217,5.41021995879217,0,0
918,918,"ALT600A03",13.8,45.1,"イヌガシ","EB",0,0,0,6.5,9.5,11.3,12.1,3.2705435563216,7.58979243409807,4.838273079924,0.824694302451087,0.824694302451087,0,0
920,920,"ALT600A03",12.25,42.55,"イヌガシ","EB",0,0,0,13.5,15.6,17.1,18,1.51411617079885,2.89162457622215,2.86201687281347,0.175317606170421,0.175317606170421,0,0
922,922,"ALT600A03",13.05,40.45,"イヌガシ","EB",0,0,0,5.3,7,8.5,9.4,3.01580457219938,5.56406656994475,5.8959908044129,0.9852046380527,0.9852046380527,0,0
2276,2276,"ALT600A03",18.1,46.2,"ヤブニッケイ","EB",NA,0,0,NA,5.1,5.4,6,NA,NA,3.2503785899555,0,0,0,0
2692,2692,"ALT600A03",10.45,40.55,"イヌガシ","EB",NA,0,0,NA,5.8,6.5,7.4,NA,NA,4.87244165315501,0,0,0,0
2810,2810,"ALT600A03",14.3,46.45,"イヌガシ","EB",NA,NA,0,NA,NA,5.1,5.8,NA,NA,NA,0.365516510347022,0.365516510347022,0,0
923,923,"ALT600A04",19.45,32.25,"イヌガシ","EB",0,0,0,9.4,9.7,9.8,9.9,0.272763515076768,0.628323924667578,0.408177432624145,0,0,0,0
924,924,"ALT600A04",16.6,32.6,"ヤブニッケイ","EB",0,0,0,7,7.6,8,9.3,1.49528553212577,1.64476196473944,4.0373230573385,0.501792114695337,0.501792114695337,0,0
925,925,"ALT600A04",18.45,37.25,"イヌガシ","EB",0,0,0,11.8,15.4,18,19.5,2.64376281104254,5.32535955895929,4.72093912300235,0.48069112244963,0.269398321372869,0,0
926,926,"ALT600A04",18.25,38.95,"イヌガシ","EB",0,0,0,7.4,9,10.3,11.1,2.13402688477981,3.91489154252191,4.19441061964138,1.51478990487979,1.51478990487979,0,0
929,929,"ALT600A04",11.45,30,"イヌガシ","EB",0,0,0,8.4,8.5,8.5,8.6,0.123844723211548,0.236689152940056,0.233920795263825,1.13178294573643,0.759689922480619,0,0
2582,2582,"ALT600A04",17.8,35.85,"イヌガシ","EB",NA,0,0,NA,5.1,5.4,5.4,NA,NA,1.14316827679898,0,0,0,0
2811,923,"ALT600A04",19.45,32.25,"イヌガシ","EB",NA,NA,0,NA,NA,5.7,6.7,NA,NA,NA,0,0,0,0
931,932,"ALT600A04",16.65,21.8,"ヤブニッケイ","EB",0,0,0,10.7,12.4,13.4,14.5,1.59949951557194,2.94905462286262,3.12904353631075,2.96519356776385,1.51756368916216,0,0
932,932,"ALT600A04",16.65,21.8,"ヤブニッケイ","EB",0,0,0,15.7,18.2,20.1,21.7,1.70342920101132,2.95521763456974,3.51781332927328,1.64489478848217,0.677584500937256,0,0
933,933,"ALT600A04",17.15,22.65,"イヌガシ","EB",0,0,0,12.6,13.5,14.3,14.6,0.775393235562413,1.37985742973903,1.56663686539814,2.93793854159337,2.93793854159337,0,0
934,934,"ALT600A04",19.4,21.25,"ヒメシャラ","DB",0,0,0,38.2,39,39.1,40,0.242336518428457,0.414522610342339,0.506356159685796,0.0859785304149105,0.0859785304149105,0,0
935,935,"ALT600A04",18.75,23.5,"イヌガシ","EB",0,0,0,6.5,7.6,8.1,8.7,1.53432025662603,3.12692140781388,2.70349556736505,0,0,0,0
936,936,"ALT600A04",16.75,25.35,"イヌガシ","EB",0,0,0,38.9,40.8,42.4,42.7,0.490550892685149,0.953756615714307,0.910336776489258,0,0,0,0
937,937,"ALT600A04",17.95,25.9,"イヌガシ","EB",0,0,0,7.4,8.2,8.7,9.4,1.25910362666228,2.05308308120166,2.73151070011502,0,0,0,0
938,938,"ALT600A04",15.25,29.65,"イヌガシ","EB",0,0,0,22.7,24.3,25.1,25.4,0.591496050195442,1.36222851718292,0.885456473559761,0,0,0,0
939,939,"ALT600A04",14.5,27.85,"イヌガシ","EB",0,0,0,11.6,12.2,12.3,12.3,0.308390338242384,1.00861707253784,0.163266212783221,0,0,0,0
941,941,"ALT600A04",10.85,27.95,"イヌガシ","EB",0,0,0,16.9,17.4,17.9,18.1,0.361043770225013,0.58313168582911,0.788834641025937,0,0,0,0
942,942,"ALT600A04",12.55,22.55,"ヒイラギ","EB",0,0,0,17.3,18.2,18.9,19.7,0.683748074948471,1.01430185158032,1.58394083322386,0,0,0,0
2812,942,"ALT600A04",12.55,22.55,"ヒイラギ","EB",NA,NA,0,NA,NA,5.1,6,NA,NA,NA,0,0,0,0
2813,942,"ALT600A04",12.55,22.55,"ヒイラギ","EB",NA,NA,0,NA,NA,5.1,5.9,NA,NA,NA,0,0,0,0
943,943,"ALT600A05",17.9,13.4,"ケヤキ","DB",0,0,0,53,55.4,56.6,57.7,0.447185578747011,0.885753604022326,0.813551595216318,0,0,0,0
946,946,"ALT600A05",17.5,15.1,"ヒイラギ","EB",0,0,0,13.1,14.6,15.4,16.5,1.21446395104963,2.1681859701437,2.44677704384488,0,0,0,0
947,947,"ALT600A05",18.05,16.4,"シキミ","EB",0,0,0,5.3,5.2,5.7,5.8,0.474479457864724,-0.380963899413887,2.18398583929984,2.34444723081448,2.34444723081448,0,0
948,948,"ALT600A05",18.25,18.65,"アカガシ","EB",0,0,0,10.1,11.6,12.2,12.8,1.24689340567557,2.7693934853021,1.96880145626505,0,0,0,0
949,949,"ALT600A05",16.65,18.35,"ヒイラギ","EB",0,0,0,23.2,25.3,26.5,27.7,0.93305333958436,1.73304234122421,1.81256034919636,1.10249804742084,0,1.10249804742084,0
950,950,"ALT600A05",15.7,18.6,"オオモミジ","DB",0,0,0,28.5,29.1,29.5,30,0.269964707302897,0.416681738056841,0.609184149694169,0.939928585339485,0.939928585339485,0,0
951,951,"ALT600A05",13.5,18.05,"イヌガシ","EB",0,0,0,8,8.5,8.8,9.2,0.735589170395572,1.2124924363287,1.58274641117448,0,0,0,0
952,952,"ALT600A05",13.7,16.55,"イヌガヤ","EC",0,0,0,10.9,10.8,10.7,10.8,-0.0485087110785471,-0.184333102098479,0,0,0,0,0
953,953,"ALT600A05",12.7,17.25,"ケヤキ","DB",0,0,0,25,25.9,26.3,26.9,0.385528745997855,0.707342876745827,0.757666358046026,0,0,0,0
954,954,"ALT600A05",10.95,19.25,"ミズキ","DB",0,0,0,16.7,18.4,19.7,20.1,0.975321556012214,1.93883890384461,1.7673830090018,0,0,0,0
955,955,"ALT600A05",11.2,13.4,"ケヤキ","DB",0,0,0,60.4,61.8,62.4,63.3,0.246822232680848,0.458285190457517,0.479639293729708,0.0688836106812731,0,0.0688836106812731,0
2814,944,"ALT600A05",16.75,13,"アブラチャン","DB",NA,NA,0,NA,NA,5.3,5.7,NA,NA,NA,0,0,0,0
807,807,"ALT600B03",20,42.45,"イヌガシ","EB",0,0,0,12.5,14.5,15.4,16.2,1.36464525226359,2.96840010236546,2.21725185623619,0.218844054766203,0.218844054766203,0,0
808,808,"ALT600B03",23.85,41.6,"ヤブニッケイ","EB",0,0,0,8.8,10,10.1,10.5,0.929597556206931,2.5566674301977,0.975803283388641,0,0,0,0
2588,2588,"ALT600B03",21.5,42.1,"イヌガシ","EB",NA,0,0,NA,5,5.3,6.4,NA,NA,4.93720155863052,0,0,0,0
2589,2589,"ALT600B03",22.1,40.45,"イヌガシ","EB",NA,0,0,NA,5.1,5.3,5.4,NA,NA,1.14316827679898,0,0,0,0
798,798,"ALT600B04",20.5,33.25,"イヌガシ","EB",0,0,0,7.5,7.7,7.8,7.9,0.273472310161638,0.526346166347467,0.512848612266753,0,0,0,0
799,799,"ALT600B04",22.3,34.15,"イヌガシ","EB",0,0,0,8.4,9.7,9.8,9.9,0.864752901533033,2.87788359320138,0.408177432624145,0.283568315405475,0.283568315405475,0,0
800,800,"ALT600B04",27.2,32.4,"イヌガシ","EB",0,0,0,22.7,23.9,24.9,25.1,0.528962745528323,1.03027068900216,0.979787744005467,0,0,0,0
801,800,"ALT600B04",27.2,32.4,"イヌガシ","EB",0,0,0,4.9,6,6.6,6.7,1.64669642779126,4.05048528222948,2.20696114337731,0,0,0,0
802,802,"ALT600B04",29.15,30.45,"アカガシ","EB",0,0,0,94,97,98.5,102.9,0.476120318789475,0.628323924667578,1.18093328673242,0,0,0,0
803,803,"ALT600B04",29.75,32.05,"イヌガシ","EB",0,0,0,10.4,12.7,14.1,15.1,1.96257335617659,3.99592374634437,3.46185500712666,0,0,0,0
805,805,"ALT600B04",25.8,38.95,"イヌガシ","EB",0,0,0,8.5,10.2,10.9,12.3,1.9449110467479,3.64643113587909,3.74423084176293,0,0,0,0
806,806,"ALT600B04",24.2,35.55,"イヌガシ","EB",0,0,0,10.2,11.7,13.3,15.5,2.20238054544724,2.7440224302697,5.62502364242981,0,0,0,0
2590,2590,"ALT600B04",24.2,31.6,"ヤブニッケイ","EB",NA,0,0,NA,4.9,6.4,8.1,NA,NA,10.0525771312362,0,0,0,0
2818,2818,"ALT600B04",20.8,38.35,"イヌガシ","EB",NA,NA,0,NA,NA,5.2,5.9,NA,NA,NA,1.28407283498079,1.28407283498079,0,0
785,785,"ALT600B04",20.95,22.75,"アカガシ","EB",0,0,0,38.9,42.7,44.5,46,0.882353399287866,1.86409339220357,1.48884952509032,0.113391602066109,0.113391602066109,0,0
786,786,"ALT600B04",22.85,21.35,"イヌガシ","EB",0,0,0,7.8,9.2,10.1,10.7,1.66378951459113,3.30159500718897,3.02080514825732,21.8173361542972,21.8173361542972,0,0
787,787,"ALT600B04",23.05,21.45,"アカガシ","EB",0,0,0,41.7,47,49.8,52.2,1.18200718991493,2.39292945810605,2.09869786357069,0.916702197672334,0.916702197672334,0,0
788,788,"ALT600B04",26.75,23,"イヌガシ","EB",0,0,0,7,7,7.2,7.4,0.292472900814794,0,1.11139702309622,0,0,0,0
789,791,"ALT600B04",27.45,24.7,"イヌガシ","EB",0,0,0,7.2,8.8,9.7,10.4,1.93539357960693,4.01341390924302,3.34108169326332,0,0,0,0
790,791,"ALT600B04",27.45,24.7,"イヌガシ","EB",0,0,0,5.2,5.4,5.6,5.7,0.483197627648015,0.754806559656942,1.08134442540552,0,0,0,0
791,791,"ALT600B04",27.45,24.7,"イヌガシ","EB",0,0,0,10.6,12.1,13.2,13.8,1.38849784760599,2.64702902969348,2.62926279120928,0,0,0,0
792,791,"ALT600B04",27.45,24.7,"イヌガシ","EB",0,0,0,5.8,6.5,6.9,7.5,1.35286896310469,2.27888518698436,2.86201687281346,0,0,0,0
795,795,"ALT600B04",24.9,27.7,"イヌガシ","EB",0,0,0,8.8,9.4,9.9,10.7,1.02890536833526,1.31915935583595,2.59068104383804,0,0,0,0
796,796,"ALT600B04",24.65,25.7,"ケヤキ","DB",0,0,0,34.5,35.4,35.7,37,0.368203097931108,0.515049922048291,0.884121850089914,0,0,0,0
797,797,"ALT600B04",21.75,25.45,"イヌガシ","EB",0,0,0,13.1,13.7,13.8,13.8,0.27398085240028,0.895672052539469,0.145455186581598,0.484669914533177,0.484669914533177,0,0
765,765,"ALT600B05",26.6,12.15,"アカガシ","EB",0,0,0,20.5,25.9,28.6,30.5,2.09106209194212,4.67636165122259,3.26967429815748,0,0,0,0
766,766,"ALT600B05",29.4,13.05,"イヌガシ","EB",0,0,0,31.9,35.5,37.1,38,0.92094815755572,2.13853373381143,1.36106926490031,0,0,0,0
767,766,"ALT600B05",29.4,13.05,"イヌガシ","EB",0,0,0,9.7,10.9,11.7,12.1,1.16357666891241,2.33273807451522,2.08885326735195,0,0,0,0
768,766,"ALT600B05",29.4,13.05,"イヌガシ","EB",0,0,0,5.6,5.6,6,6,0.363120376247113,0,1.37985742973903,0,0,0,0
769,771,"ALT600B04",26.65,20,"アカガシ","EB",0,0,0,10.5,10.8,10.8,10.9,0.196776484587476,0.563417539333929,0.184333102098481,0,0,0,0
770,771,"ALT600B04",26.65,20,"アカガシ","EB",0,0,0,14.4,15.2,15.6,15.8,0.488324912899822,1.08134442540552,0.774290243613808,0,0,0,0
771,771,"ALT600B04",26.65,20,"アカガシ","EB",0,0,0,16.3,18.7,19.9,20.4,1.18089364756555,2.74716832095648,1.74022753979259,0,0,0,0
773,773,"ALT600B05",20.7,19.75,"ヒイラギ","EB",0,0,0,5.5,5.5,5.6,5.6,0.0948342394877801,0,0.360370110053564,0,0,0,0
774,774,"ALT600B05",23.75,15.8,"シキミ","EB",0,0,0,5.6,6.3,6.8,7.2,1.32270751726793,2.35566071312767,2.67062785249046,0,0,0,0
775,775,"ALT600B05",22.3,17.1,"ケヤキ","DB",0,0,0,55.6,59.1,61.3,64.3,0.765139105194931,1.22095446311032,1.68657413663042,0.234116037964854,0.234116037964854,0,0
776,776,"ALT600B05",21.65,17.2,"アカガシ","EB",0,0,0,7.2,9,9.7,9.9,1.67607226904492,4.4628710262842,1.9062035960865,10.5977917801785,0.721754459442756,9.87603732073574,0
777,777,"ALT600B05",20.4,13.95,"シキミ","EB",0,0,0,8.2,9,9.5,9.9,0.991582120370195,1.86180846132024,1.9062035960865,0,0,0,0
778,779,"ALT600B05",21.8,10,"アブラチャン","DB",0,0,0,5.5,5.7,5.8,5.8,0.279525396389202,0.714361652041585,0.34783485423738,11.2534005326153,0,2.39094912166047,0
783,779,"ALT600B05",21.8,10,"アブラチャン","DB",0,0,0,6.3,6.9,7.3,7.5,0.917649406025146,1.81943556411454,1.66763217878102,8.28352293029676,0,1.42989383915837,0
784,784,"ALT600B05",24.15,11.9,"イヌツゲ","EB",0,0,0,8.9,9,9,9.2,0.174485301667896,0.223466011962505,0.439578134375503,0,0,0,0
2583,2583,"ALT600B05",20.75,16.85,"イヌガシ","EB",NA,0,0,NA,5.3,6.4,6.9,NA,NA,5.27629182090275,1.48580454883395,1.48580454883395,0,0
2591,779,"ALT600B05",21.8,10,"アブラチャン","DB",NA,0,0,NA,5,5.5,5.6,NA,NA,2.26657370614006,11.7213434321403,0,1.91503639172996,0
2592,779,"ALT600B05",21.8,10,"アブラチャン","DB",NA,0,0,NA,5.1,6.2,7.4,NA,NA,7.44478920959688,8.42044892468028,0,1.44921672887673,0
2819,779,"ALT600B05",21.8,10,"アブラチャン","DB",NA,NA,0,NA,NA,5.4,5.8,NA,NA,NA,11.2534005326153,0,1.8490006540841,0
755,755,"ALT600B05",27.2,6.1,"アオキ","EB",0,0,0,4.9,4.9,5.2,5.1,0.210554392703679,0,0.80010669227398,0,0,0,0
756,756,"ALT600B05",28.45,7.1,"イヌガヤ","EC",0,0,0,25.7,26.9,26.5,27,0.259715126858711,0.912705894132387,0.0742115879307155,0,0,0,0
758,758,"ALT600B05",24.7,5.35,"ヒイラギ","EB",0,0,0,13.5,14.8,15,15.4,0.693041178816841,1.83874990651371,0.794806572990282,0,0,0,0
759,758,"ALT600B05",24.7,5.35,"ヒイラギ","EB",0,0,0,13.5,13.1,13.1,13.2,-0.118278188695045,-0.601549104745559,0.152091987704384,0,0,0,0
690,690,"ALT600B04",33.5,30.4,"イヌガシ","EB",0,0,0,11.8,13.1,13.8,14,0.899777884966524,2.09025397470973,1.32890198816306,0,0,0,0
691,691,"ALT600B04",34.8,30.7,"イヌガシ","EB",0,0,0,7.7,9.9,10.9,11.2,1.97207078653374,5.02628856561812,2.46758042321009,0,0,0,0
692,692,"ALT600B04",37.1,21.65,"イヌガシ","EB",0,0,0,27.1,27.2,27.7,28.2,0.209411842412698,0.0736649083259274,0.722100092842327,0,0,0,0
693,693,"ALT600B04",38.6,23.85,"イヌガシ","EB",0,0,0,20.1,22.1,23,23.4,0.800085301571713,1.89715586917354,1.14316827679897,0,0,0,0
694,693,"ALT600B04",38.6,23.85,"イヌガシ","EB",0,0,0,5.7,6.1,6.2,6.2,0.442542722160744,1.35645192677522,0.325210417435607,0,0,0,0
695,693,"ALT600B04",38.6,23.85,"イヌガシ","EB",0,0,0,5.5,5.5,5.5,5.5,0,0,0,0,0,0,0
697,697,"ALT600B04",39.55,28.4,"イヌガシ","EB",0,0,0,7.2,8.5,9.2,9.6,1.51411617079885,3.31970274948522,2.4339386995504,0,0,0,0
698,698,"ALT600B04",36.15,26.2,"イヌシデ","DB",0,0,0,51.8,53.4,54.2,54.2,0.238372416737701,0.608411934014234,0.297403249589028,0,0,0,0
699,699,"ALT600B04",36.15,26.2,"アカガシ","EB",0,0,0,14.4,16.1,17.3,17.5,1.02617197025007,2.23182130816925,1.66763217878102,0,0,0,0
701,701,"ALT600B04",31.65,28.4,"イヌガシ","EB",0,0,0,5.6,6.7,7.3,7.8,1.74398492607601,3.58681857311634,3.04032414597251,0,0,0,0
702,702,"ALT600B04",30.85,26.95,"イヌガシ","EB",0,0,0,6.6,8.8,10.2,8.3,1.20624139879038,5.75364144903562,-1.16992413363217,0,0,0,0
703,703,"ALT600B04",32.35,27.05,"ケヤキ","DB",0,0,0,37.6,38.8,40,41.1,0.468442479507053,0.628323924667578,1.15175749745922,0,0,0,0
704,704,"ALT600B04",32,22.9,"ケヤキ","DB",0,0,0,51.4,52.6,53,53.4,0.20090828160542,0.461558945650898,0.301892524449698,0.997672009073179,0.997672009073179,0,0
705,706,"ALT600B04",32.7,22.65,"イヌガシ","EB",0,0,0,9.2,9.5,11.7,9.8,0.332520534850167,0.641766291030013,0.621811741400624,11.4217094817333,0,7.33076065293938,0
706,706,"ALT600B04",32.7,22.65,"イヌガシ","EB",0,0,0,14,14.7,15,15.1,0.398091653713789,0.975803283388641,0.536945000723761,6.94055770229305,0,4.75771221184145,0
707,706,"ALT600B04",32.7,22.65,"イヌガシ","EB",0,0,0,12.2,13.4,14.5,14.7,0.981113379186736,1.8763751043531,1.8518557365565,7.1660244584913,0,4.88717376862625,0
708,710,"ALT600B04",36.2,21.15,"アカガシ","EB",0,0,0,8.3,8.3,NA,8.5,0.125319203651149,0,0.476212973874368,0,0,0,0
709,710,"ALT600B04",36.2,21.15,"アカガシ","EB",0,0,0,9.5,9.5,NA,9.5,0,0,0,0,0,0,0
710,710,"ALT600B04",36.2,21.15,"イヌガシ","EB",0,0,0,11.8,12.5,12.8,13.1,0.55006683544993,1.15258225673272,0.937671717977009,0,0,0,0
711,711,"ALT600B04",35.9,24.35,"ヤブニッケイ","EB",0,0,0,15,16.1,16.7,17.3,0.750822633692227,1.41538141776415,1.43774459026632,0,0,0,0
712,712,"ALT600B05",39.2,10.75,"イヌガシ","EB",0,0,0,30.5,33.5,33.9,34,0.571757057909449,1.8763751043531,0.296301715702814,0,0,0,0
713,713,"ALT600B05",39.1,11.85,"アカガシ","EB",0,0,0,20.8,28.4,31,33.1,2.44515945092497,6.22872316919776,3.06288274431714,0,0,0,0
714,714,"ALT600B05",37.15,13,"アカガシ","EB",0,0,0,40.2,47.4,50.6,54.1,1.56298521172348,3.29510466152111,2.6442391430281,0,0,0,0
715,715,"ALT600B05",38.1,18.6,"ウラジロガシ","EB",0,0,0,6,6.9,7.3,7.8,1.3808645498289,2.79523884750318,2.45204644184665,0,0,0,0
716,716,"ALT600B05",35.55,17.55,"アカガシ","EB",0,0,0,22.7,26.1,27.8,29.2,1.32528307782568,2.79140779682582,2.24466789891177,0,0,0,0
717,718,"ALT600B05",31.2,19.75,"イヌガシ","EB",0,0,0,7.7,7.8,7.8,7.9,0.13496016112283,0.258068096718156,0.254780515548599,0,0,0,0
718,718,"ALT600B05",31.2,19.75,"イヌガシ","EB",0,0,0,31.2,34.4,36.4,36.9,0.883123453847604,1.95276939127832,1.40309973334257,0,0,0,0
719,719,"ALT600B05",31.7,14.5,"イヌガシ","EB",0,0,0,5.3,5.9,6.2,6.2,0.825486692068262,2.14491060707196,0.99193882278744,5.36898766867378,0,5.36898766867378,0
720,720,"ALT600B05",31.45,13.55,"オオモミジ","DB",0,0,0,32,32.3,32.6,32.7,0.11389039528148,0.186626548577684,0.24615695349194,0.193010208627987,0.193010208627987,0,0
723,723,"ALT600B05",34.3,13.25,"アカガシ","EB",0,0,0,7,7.6,7.8,7.8,0.569545182317015,1.64476196473944,0.519509728065215,0,0,0,0
724,724,"ALT600B05",35.45,12.15,"アカガシ","EB",0,0,0,31.4,37.1,40.8,42.5,1.59313780534823,3.33618153398364,2.71774212633963,0,0,0,0
725,724,"ALT600B05",35.45,12.15,"アカガシ","EB",0,0,0,22.5,26.5,NA,29.7,1.46121966630673,3.27258847563604,2.28004625632955,0,0,0,0
726,726,"ALT600B05",36.35,14,"ヒメシャラ","DB",0,0,0,19.5,19.4,19.4,19.4,-0.0270599973706251,-0.102827990008375,0,0,0,0,0
727,727,"ALT600B05",38,0.5,"イヌツゲ","EB",0,0,0,13.9,14.3,14.3,14.4,0.185996665501626,0.567413942584311,0.139373386321864,0,0,0,0
729,732,"ALT600B05",39.95,3.5,"アブラチャン","DB",0,0,0,8.2,10.9,11.2,11.4,1.73410105858022,5.69257269929781,0.897011323307034,0,0,0,0
731,732,"ALT600B05",39.95,3.5,"アブラチャン","DB",0,0,0,6.1,8.6,8.9,9.1,2.10518759128178,6.86946864160393,1.13024420526685,0,0,0,0
741,741,"ALT600B05",32.5,5.8,"ヒメシャラ","DB",0,0,0,22.4,23.7,24.2,24.4,0.450116702306115,1.12828178560183,0.582161683161411,0,0,0,0
2280,732,"ALT600B05",39.95,3.5,"アブラチャン","DB",NA,0,0,NA,7.3,7.4,7.4,NA,NA,0.272113041115574,0,0,0,0
547,547,"ALT600C04",41.8,25.05,"アカガシ","EB",0,0,0,30.5,34.9,37.6,39.7,1.38749738989357,2.69520291190031,2.57728716969527,0,0,0,0
549,549,"ALT600C04",43.65,23,"アカガシ","EB",0,0,0,37.8,42.5,44.9,47,1.1465184162343,2.34389946609658,2.01287051559375,0.0680851063829787,0.0680851063829787,0,0
551,552,"ALT600C04",43.5,21.25,"ヤブニッケイ","EB",0,0,0,23.3,23.7,23.8,23.8,0.111748526872495,0.34043375138861,0.0842106507268736,0,0,0,0
552,552,"ALT600C04",43.5,21.25,"ヤブニッケイ","EB",0,0,0,5.1,5.3,5.5,5.9,0.766904269375757,0.769325616555923,2.14491060707196,0,0,0,0
536,536,"ALT600C05",45,12.1,"ヒメシャラ","DB",0,0,0,15.4,15.8,15.8,15.7,0.101543173340415,0.512848612266753,-0.126984553573178,6.54851008369809,6.54851008369809,0,0
537,539,"ALT600C05",44.75,11.45,"イヌガシ","EB",0,0,0,27.1,29.7,30.7,31.4,0.775127184360802,1.83226635845997,1.11321694211108,2.55629688323131,0,0.717958158617738,0
538,539,"ALT600C05",44.75,11.45,"イヌガシ","EB",0,0,0,7.9,8.1,8.2,8.3,0.259961870155666,0.500026044108344,0.487829062483185,13.6671553086268,0,2.71613086513216,0
539,539,"ALT600C05",44.75,11.45,"イヌガシ","EB",0,0,0,29.5,30.9,31.7,31.9,0.411661823394867,0.927318411158511,0.636996517741983,2.49372300861584,0,0.706704895943479,0
519,519,"ALT600C05",49.05,6.55,"アカガシ","EB",0,0,0,33.6,39.5,41.4,43,1.29828446697055,3.23549209875835,1.69798887572973,0,0,0,0
526,526,"ALT600C05",43.1,7.25,"イヌガヤ","EC",0,0,0,10.7,11.2,11.3,11.5,0.379491020533389,0.913400736663765,0.528665141363113,0,0,0,0
2285,527,"ALT600C05",44.35,6.2,"ムラサキシキブ","DB",NA,0,0,NA,5.2,5.2,5.2,NA,NA,0,0,0,0,0
2826,526,"ALT600C05",43.1,7.25,"イヌガヤ","EC",NA,NA,0,NA,NA,5.7,6.2,NA,NA,NA,0,0,0,0
2862,2862,"ALT600A03",8.3,41.5,"イヌガシ","EB",NA,NA,0,NA,NA,NA,4.8,NA,NA,NA,3.30555266140062,3.30555266140062,0,0
2863,2863,"ALT600A03",6.45,41.3,"シロダモ","EB",NA,NA,0,NA,NA,NA,5.2,NA,NA,NA,1.1467889246234,0.5733944623117,0,0
2864,2864,"ALT600A03",1.05,46.6,"イヌガシ","EB",NA,NA,0,NA,NA,NA,6.2,NA,NA,NA,0,0,0,0
2865,2865,"ALT600A04",3.25,32.5,"イヌガシ","EB",NA,NA,0,NA,NA,NA,4.9,NA,NA,NA,6.92689392227355,0,6.92689392227355,0
2866,978,"ALT600A04",9.3,26.55,"ヤブニッケイ","EB",NA,NA,0,NA,NA,NA,5.2,NA,NA,NA,0,0,0,0
2867,2867,"ALT600A05",7.35,19.8,"シロダモ","EB",NA,NA,0,NA,NA,NA,5.1,NA,NA,NA,0,0,0,0
2868,2868,"ALT600A05",8.75,16.95,"イヌガシ","EB",NA,NA,0,NA,NA,NA,5.7,NA,NA,NA,0,0,0,0
2869,2869,"ALT600A05",8.1,5.2,"ヤブニッケイ","EB",NA,NA,0,NA,NA,NA,6.1,NA,NA,NA,0,0,0,0
2870,2870,"ALT600A05",6.65,0.85,"イヌガシ","EB",NA,NA,0,NA,NA,NA,5,NA,NA,NA,16.1645748902799,16.1645748902799,0,0
2874,925,"ALT600A04",18.45,37.25,"イヌガシ","EB",NA,NA,0,NA,NA,NA,5.1,NA,NA,NA,4.74631990654046,3.93843566712932,0,0
2875,929,"ALT600A04",11.45,30,"イヌガシ","EB",NA,NA,0,NA,NA,NA,4.9,NA,NA,NA,2.99319727891156,2.34013605442177,0,0
2876,2876,"ALT600A05",10.4,16.45,"イヌガシ","EB",NA,NA,0,NA,NA,NA,5.2,NA,NA,NA,0,0,0,0
2877,2877,"ALT600A05",13.8,7.7,"イヌガシ","EB",NA,NA,0,NA,NA,NA,4.9,NA,NA,NA,0,0,0,0
2878,2878,"ALT600A05",12,5.6,"イヌガシ","EB",NA,NA,0,NA,NA,NA,5.5,NA,NA,NA,0,0,0,0
2881,2881,"ALT600B03",28.05,40.7,"イヌガシ","EB",NA,NA,0,NA,NA,NA,5,NA,NA,NA,0,0,0,0
2886,2886,"ALT600B03",21.35,43.6,"イヌガシ","EB",NA,NA,0,NA,NA,NA,5.7,NA,NA,NA,0,0,0,0
2887,2887,"ALT600B04",22.8,23.65,"イヌガシ","EB",NA,NA,0,NA,NA,NA,4.9,NA,NA,NA,0,0,0,0
2888,2888,"ALT600B04",21.8,22.35,"シキミ","EB",NA,NA,0,NA,NA,NA,4.9,NA,NA,NA,9.99319575059921,9.99319575059921,0,0
2894,2894,"ALT600B04",31.8,24.65,"イヌガシ","EB",NA,NA,0,NA,NA,NA,4.9,NA,NA,NA,0,0,0,0
2895,712,"ALT600B05",39.2,10.75,"イヌガシ","EB",NA,NA,0,NA,NA,NA,5.3,NA,NA,NA,0,0,0,0
2896,712,"ALT600B05",39.2,10.75,"イヌガシ","EB",NA,NA,0,NA,NA,NA,5.4,NA,NA,NA,0,0,0,0
3021,3021,"ALT600A03",6.6,48,"ヤブニッケイ","EB",NA,NA,0,NA,NA,NA,2,NA,NA,NA,1.61161325922111,1.61161325922111,0,0
3022,3022,"ALT600A03",7.05,47.15,"シロダモ","EB",NA,NA,0,NA,NA,NA,3.1,NA,NA,NA,0.670806767625852,0.670806767625852,0,0
3024,3024,"ALT600A03",9.5,47.4,"イヌガシ","EB",NA,NA,0,NA,NA,NA,3.5,NA,NA,NA,0,0,0,0
3025,3025,"ALT600A03",7.35,44.65,"イヌガシ","EB",NA,NA,0,NA,NA,NA,2.8,NA,NA,NA,3.19219414175199,3.19219414175199,0,0
3026,3026,"ALT600A03",9.6,44.5,"イヌガシ","EB",NA,NA,0,NA,NA,NA,4.3,NA,NA,NA,0,0,0,0
3027,3027,"ALT600A03",8.95,42.15,"イヌガシ","EB",NA,NA,0,NA,NA,NA,3.6,NA,NA,NA,8.56834529624631,8.56834529624631,0,0
3028,3028,"ALT600A03",7.9,43.55,"イヌガシ","EB",NA,NA,0,NA,NA,NA,3.1,NA,NA,NA,0,0,0,0
3029,3029,"ALT600A03",6.55,42.2,"ヒサカキ","EB",NA,NA,0,NA,NA,NA,2.7,NA,NA,NA,3.23114465181956,3.23114465181956,0,0
3030,2863,"ALT600A03",6.45,41.3,"シロダモ","EB",NA,NA,0,NA,NA,NA,2.7,NA,NA,NA,3.23114465181956,2.12682939107111,0,0
3031,3031,"ALT600A03",2.6,44.9,"ヤブニッケイ","EB",NA,NA,0,NA,NA,NA,2.8,NA,NA,NA,0,0,0,0
3032,3032,"ALT600A03",1.55,45,"イヌガシ","EB",NA,NA,0,NA,NA,NA,2.1,NA,NA,NA,22.9157498738665,22.9157498738665,0,0
3033,3033,"ALT600A03",1.7,49.35,"シロダモ","EB",NA,NA,0,NA,NA,NA,2.7,NA,NA,NA,0,0,0,0
3034,3034,"ALT600A03",5.25,46.75,"アオキ","EB",NA,NA,0,NA,NA,NA,2.1,NA,NA,NA,16.9377176495753,16.9377176495753,0,0
3035,3035,"ALT600A03",5.4,46.85,"アカガシ","EB",NA,NA,0,NA,NA,NA,3.6,NA,NA,NA,8.10770712312026,8.10770712312026,0,0
3036,1000,"ALT600A04",3.3,39.8,"イヌガシ","EB",NA,NA,0,NA,NA,NA,2.7,NA,NA,NA,0,0,0,0
3037,990,"ALT600A04",10,32.4,"アカガシ","EB",NA,NA,0,NA,NA,NA,3.4,NA,NA,NA,0,0,0,0
3038,3038,"ALT600A04",6,30.2,"イヌガシ","EB",NA,NA,0,NA,NA,NA,2.3,NA,NA,NA,0,0,0,0
3039,991,"ALT600A04",3.4,32.95,"ムラサキシキブ","DB",NA,NA,0,NA,NA,NA,2.8,NA,NA,NA,13.7032031940629,0,4.66812416501044,0
3040,3040,"ALT600A04",5.7,34.2,"イヌガシ","EB",NA,NA,0,NA,NA,NA,4.2,NA,NA,NA,2.21352738206059,0.918822686893076,0,0
3041,3040,"ALT600A04",5.7,34.2,"イヌガシ","EB",NA,NA,0,NA,NA,NA,2.2,NA,NA,NA,5.82047594631027,3.34876698280865,0,0
3042,3042,"ALT600A04",5.15,34.05,"シロダモ","EB",NA,NA,0,NA,NA,NA,3.1,NA,NA,NA,5.45557457157362,5.45557457157362,0,0
3043,994,"ALT600A04",3.85,36.35,"ヒサカキ","EB",NA,NA,0,NA,NA,NA,2.4,NA,NA,NA,0,0,0,0
3044,3044,"ALT600A04",1.05,35.3,"イヌガシ","EB",NA,NA,0,NA,NA,NA,4.3,NA,NA,NA,0,0,0,0
3045,2270,"ALT600A04",3.2,29.65,"イヌガシ","EB",NA,NA,0,NA,NA,NA,3.9,NA,NA,NA,5.22927298371069,4.40548340408503,0,0
3046,3046,"ALT600A04",3.85,29.95,"イヌガシ","EB",NA,NA,0,NA,NA,NA,2.3,NA,NA,NA,9.83875720997145,9.83875720997145,0,0
3047,3047,"ALT600A04",6.65,27.8,"イヌガシ","EB",NA,NA,0,NA,NA,NA,2.9,NA,NA,NA,0,0,0,0
3048,3048,"ALT600A04",7.4,26.4,"シロダモ","EB",NA,NA,0,NA,NA,NA,2,NA,NA,NA,0,0,0,0
3049,978,"ALT600A04",9.3,26.55,"ヤブニッケイ","EB",NA,NA,0,NA,NA,NA,4,NA,NA,NA,0,0,0,0
3050,978,"ALT600A04",9.3,26.55,"ヤブニッケイ","EB",NA,NA,0,NA,NA,NA,3.5,NA,NA,NA,0,0,0,0
3051,978,"ALT600A04",9.3,26.55,"ヤブニッケイ","EB",NA,NA,0,NA,NA,NA,3.4,NA,NA,NA,0,0,0,0
3052,3052,"ALT600A04",8.35,21.25,"アブラチャン","DB",NA,NA,0,NA,NA,NA,3.8,NA,NA,NA,0,0,0,0
3053,3052,"ALT600A04",8.35,21.25,"アブラチャン","DB",NA,NA,0,NA,NA,NA,2.9,NA,NA,NA,0,0,0,0
3054,3052,"ALT600A04",8.35,21.25,"アブラチャン","DB",NA,NA,0,NA,NA,NA,2.9,NA,NA,NA,0,0,0,0
3055,3055,"ALT600A04",6.35,20.4,"アオキ","EB",NA,NA,0,NA,NA,NA,4.4,NA,NA,NA,0,0,0,0
3056,3056,"ALT600A04",4.4,23.1,"アブラチャン","DB",NA,NA,0,NA,NA,NA,2.5,NA,NA,NA,0,0,0,0
3057,3057,"ALT600A04",3.15,22.95,"イヌガシ","EB",NA,NA,0,NA,NA,NA,2.5,NA,NA,NA,0,0,0,0
3058,3058,"ALT600A05",2.7,17.95,"シロダモ","EB",NA,NA,0,NA,NA,NA,3.6,NA,NA,NA,0,0,0,0
3060,3060,"ALT600A05",4.6,17.3,"アブラチャン","DB",NA,NA,0,NA,NA,NA,4.7,NA,NA,NA,0,0,0,0
3063,3063,"ALT600A05",4.75,6.7,"アブラチャン","DB",NA,NA,0,NA,NA,NA,3.7,NA,NA,NA,0,0,0,0
3064,3064,"ALT600A05",6.3,9.95,"イヌガシ","EB",NA,NA,0,NA,NA,NA,2,NA,NA,NA,0,0,0,0
3065,3065,"ALT600A05",9,6.7,"イヌガシ","EB",NA,NA,0,NA,NA,NA,3,NA,NA,NA,0,0,0,0
3066,3066,"ALT600A05",3.75,2.7,"イヌガシ","EB",NA,NA,0,NA,NA,NA,3.7,NA,NA,NA,0,0,0,0
3067,968,"ALT600A05",2.3,2.4,"アオハダ","DB",NA,NA,0,NA,NA,NA,3,NA,NA,NA,0,0,0,0
3068,968,"ALT600A05",2.3,2.4,"アオハダ","DB",NA,NA,0,NA,NA,NA,2.8,NA,NA,NA,0,0,0,0
3104,3104,"ALT600A03",13.5,47.2,"イヌガシ","EB",NA,NA,0,NA,NA,NA,4.2,NA,NA,NA,3.9142616025085,2.3485569615051,0,0
3105,3104,"ALT600A03",13.5,47.2,"イヌガシ","EB",NA,NA,0,NA,NA,NA,3,NA,NA,NA,6.79515814195476,4.60317164455,0,0
3106,3106,"ALT600A03",13.8,47.25,"イヌガシ","EB",NA,NA,0,NA,NA,NA,2,NA,NA,NA,14.9107209380042,14.9107209380042,0,0
3109,3109,"ALT600A03",19.7,41.75,"イヌガシ","EB",NA,NA,0,NA,NA,NA,2.7,NA,NA,NA,7.87838597158332,7.87838597158332,0,0
3110,3110,"ALT600A03",19.2,40.35,"イヌガシ","EB",NA,NA,0,NA,NA,NA,2.4,NA,NA,NA,3.34434455803763,3.34434455803763,0,0
3111,3111,"ALT600A03",14.7,43.85,"イヌガシ","EB",NA,NA,0,NA,NA,NA,4.1,NA,NA,NA,1.74192957741991,1.74192957741991,0,0
3112,3112,"ALT600A03",14.75,43.25,"イヌガシ","EB",NA,NA,0,NA,NA,NA,4.3,NA,NA,NA,1.58365798790853,1.58365798790853,0,0
3113,3113,"ALT600A03",12.8,40.3,"ヤブニッケイ","EB",NA,NA,0,NA,NA,NA,2.7,NA,NA,NA,11.9413829654783,11.9413829654783,0,0
3114,3114,"ALT600A03",11.45,41.15,"シロダモ","EB",NA,NA,0,NA,NA,NA,2.8,NA,NA,NA,0,0,0,0
3115,3115,"ALT600A03",11.3,42.3,"イヌガシ","EB",NA,NA,0,NA,NA,NA,3.1,NA,NA,NA,5.91081211230141,5.91081211230141,0,0
3116,3116,"ALT600A03",12.75,44.3,"シロダモ","EB",NA,NA,0,NA,NA,NA,4,NA,NA,NA,1.24735013245727,1.24735013245727,0,0
3117,3117,"ALT600A03",13.35,45,"ヤブニッケイ","EB",NA,NA,0,NA,NA,NA,2.5,NA,NA,NA,14.0570936666489,12.2348778209722,0,0
3118,3117,"ALT600A03",13.35,45,"ヤブニッケイ","EB",NA,NA,0,NA,NA,NA,2.1,NA,NA,NA,17.1478361894747,14.5653307392526,0,0
3119,3119,"ALT600A04",13.55,37.35,"イヌガシ","EB",NA,NA,0,NA,NA,NA,3.6,NA,NA,NA,0,0,0,0
3120,3120,"ALT600A04",13.6,35.5,"イヌガシ","EB",NA,NA,0,NA,NA,NA,2.5,NA,NA,NA,2.44068086339101,2.44068086339101,0,0
3121,3121,"ALT600A04",14.2,35.9,"イヌガシ","EB",NA,NA,0,NA,NA,NA,4.4,NA,NA,NA,0.787926415092656,0.787926415092656,0,0
3122,3122,"ALT600A04",17.15,38.1,"イヌガシ","EB",NA,NA,0,NA,NA,NA,2,NA,NA,NA,0,0,0,0
3123,3123,"ALT600A04",18.65,38.2,"イヌガシ","EB",NA,NA,0,NA,NA,NA,4,NA,NA,NA,10.6193783301107,10.6193783301107,0,0
3124,3124,"ALT600A04",18.35,39.4,"イヌガシ","EB",NA,NA,0,NA,NA,NA,4.6,NA,NA,NA,5.23462626475457,5.23462626475457,0,0
3125,3125,"ALT600A04",19.1,38.45,"イヌガシ","EB",NA,NA,0,NA,NA,NA,2.1,NA,NA,NA,9.06006367074543,9.06006367074543,0,0
3126,2582,"ALT600A04",17.8,35.85,"イヌガシ","EB",NA,NA,0,NA,NA,NA,4.1,NA,NA,NA,0,0,0,0
3127,3127,"ALT600A04",16.35,35.5,"ヤブニッケイ","EB",NA,NA,0,NA,NA,NA,4.1,NA,NA,NA,0,0,0,0
3128,3127,"ALT600A04",16.35,35.5,"ヤブニッケイ","EB",NA,NA,0,NA,NA,NA,3.1,NA,NA,NA,0,0,0,0
3129,3127,"ALT600A04",16.35,35.5,"ヤブニッケイ","EB",NA,NA,0,NA,NA,NA,2.1,NA,NA,NA,0,0,0,0
3130,3130,"ALT600A04",18.25,34.7,"イヌガシ","EB",NA,NA,0,NA,NA,NA,3,NA,NA,NA,0,0,0,0
3131,923,"ALT600A04",19.45,32.25,"イヌガシ","EB",NA,NA,0,NA,NA,NA,2.1,NA,NA,NA,0,0,0,0
3132,3132,"ALT600A04",16.6,32.15,"イヌガシ","EB",NA,NA,0,NA,NA,NA,2.1,NA,NA,NA,9.84126984126978,9.84126984126978,0,0
3133,3133,"ALT600A04",12.05,29.55,"シロダモ","EB",NA,NA,0,NA,NA,NA,2.4,NA,NA,NA,7.49999999999999,7.49999999999999,0,0
3134,939,"ALT600A04",14.5,27.85,"イヌガシ","EB",NA,NA,0,NA,NA,NA,2.1,NA,NA,NA,0,0,0,0
3135,3135,"ALT600A04",18.75,27.95,"ヤブニッケイ","EB",NA,NA,0,NA,NA,NA,4.5,NA,NA,NA,0,0,0,0
3136,3135,"ALT600A04",18.75,27.95,"ヤブニッケイ","EB",NA,NA,0,NA,NA,NA,3.1,NA,NA,NA,0,0,0,0
3137,3137,"ALT600A04",19.1,20.4,"シキミ","EB",NA,NA,0,NA,NA,NA,3.1,NA,NA,NA,14.3148437735543,0,14.3148437735543,0
3138,932,"ALT600A04",16.65,21.8,"ヤブニッケイ","EB",NA,NA,0,NA,NA,NA,3,NA,NA,NA,18.2189232145113,4.90119455677948,0,0
3139,932,"ALT600A04",16.65,21.8,"ヤブニッケイ","EB",NA,NA,0,NA,NA,NA,3.1,NA,NA,NA,17.5985050381359,4.74309150656079,0,0
3140,942,"ALT600A04",12.55,22.55,"ヒイラギ","EB",NA,NA,0,NA,NA,NA,4.5,NA,NA,NA,0,0,0,0
3141,942,"ALT600A04",12.55,22.55,"ヒイラギ","EB",NA,NA,0,NA,NA,NA,3.1,NA,NA,NA,0,0,0,0
3142,942,"ALT600A04",12.55,22.55,"ヒイラギ","EB",NA,NA,0,NA,NA,NA,2.5,NA,NA,NA,0,0,0,0
3143,3143,"ALT600A04",13.8,25.35,"アカガシ","EB",NA,NA,0,NA,NA,NA,2.5,NA,NA,NA,0,0,0,0
3144,3144,"ALT600A05",13.45,19.9,"イヌガシ","EB",NA,NA,0,NA,NA,NA,3,NA,NA,NA,0,0,0,0
3145,3145,"ALT600A05",17.75,16.5,"イヌガシ","EB",NA,NA,0,NA,NA,NA,4.3,NA,NA,NA,4.26539777418059,4.26539777418059,0,0
3146,946,"ALT600A05",17.5,15.1,"ヒイラギ","EB",NA,NA,0,NA,NA,NA,3,NA,NA,NA,0,0,0,0
3147,946,"ALT600A05",17.5,15.1,"ヒイラギ","EB",NA,NA,0,NA,NA,NA,2.3,NA,NA,NA,0,0,0,0
3148,944,"ALT600A05",16.75,13,"アブラチャン","DB",NA,NA,0,NA,NA,NA,2.5,NA,NA,NA,0,0,0,0
3149,944,"ALT600A05",16.75,13,"アブラチャン","DB",NA,NA,0,NA,NA,NA,2.1,NA,NA,NA,0,0,0,0
3150,944,"ALT600A05",16.75,13,"アブラチャン","DB",NA,NA,0,NA,NA,NA,2.3,NA,NA,NA,0,0,0,0
3151,956,"ALT600A05",11.6,12.6,"アブラチャン","DB",NA,NA,0,NA,NA,NA,3.9,NA,NA,NA,18.146551663556,0,18.146551663556,0
3152,3152,"ALT600A05",14.85,6.9,"イヌガシ","EB",NA,NA,0,NA,NA,NA,3.4,NA,NA,NA,1.34715226829844,1.34715226829844,0,0
3153,3153,"ALT600A05",15.5,6.35,"シロダモ","EB",NA,NA,0,NA,NA,NA,3.9,NA,NA,NA,1.02387115197435,1.02387115197435,0,0
3154,3154,"ALT600A05",17.3,7.15,"イヌガシ","EB",NA,NA,0,NA,NA,NA,3.4,NA,NA,NA,0,0,0,0
3155,2878,"ALT600A05",12,5.6,"イヌガシ","EB",NA,NA,0,NA,NA,NA,2.9,NA,NA,NA,0,0,0,0
3195,3195,"ALT600B03",23.2,43.9,"イヌガシ","EB",NA,NA,0,NA,NA,NA,3.5,NA,NA,NA,1.5657046410034,1.5657046410034,0,0
3196,3196,"ALT600B03",20.4,45.3,"イヌガシ","EB",NA,NA,0,NA,NA,NA,2.4,NA,NA,NA,0,0,0,0
3197,3197,"ALT600B04",20.35,38.1,"イヌガシ","EB",NA,NA,0,NA,NA,NA,3.9,NA,NA,NA,2.93876235277327,2.93876235277327,0,0
3198,3198,"ALT600B04",23.25,34,"シロダモ","EB",NA,NA,0,NA,NA,NA,2.7,NA,NA,NA,3.8124184626736,3.8124184626736,0,0
3199,3199,"ALT600B04",28,36.85,"イヌガシ","EB",NA,NA,0,NA,NA,NA,3.7,NA,NA,NA,0,0,0,0
3200,3199,"ALT600B04",28,36.85,"イヌガシ","EB",NA,NA,0,NA,NA,NA,2.8,NA,NA,NA,0,0,0,0
3201,3199,"ALT600B04",28,36.85,"イヌガシ","EB",NA,NA,0,NA,NA,NA,2.5,NA,NA,NA,0,0,0,0
3202,3202,"ALT600B04",22.4,33.1,"イヌガシ","EB",NA,NA,0,NA,NA,NA,2.7,NA,NA,NA,0,0,0,0
3203,3202,"ALT600B04",22.4,33.1,"イヌガシ","EB",NA,NA,0,NA,NA,NA,2.2,NA,NA,NA,0,0,0,0
3204,3204,"ALT600B04",21.5,31.1,"イヌガシ","EB",NA,NA,0,NA,NA,NA,2.9,NA,NA,NA,0,0,0,0
3205,798,"ALT600B04",20.5,33.25,"イヌガシ","EB",NA,NA,0,NA,NA,NA,2.4,NA,NA,NA,0,0,0,0
3206,3206,"ALT600B04",20.9,30.1,"イヌガシ","EB",NA,NA,0,NA,NA,NA,2.6,NA,NA,NA,0,0,0,0
3207,3207,"ALT600B04",22.1,28.95,"イヌガシ","EB",NA,NA,0,NA,NA,NA,3.2,NA,NA,NA,0,0,0,0
3208,3208,"ALT600B04",23.75,27.4,"シロダモ","EB",NA,NA,0,NA,NA,NA,3.3,NA,NA,NA,0,0,0,0
3209,3209,"ALT600B04",28.3,26.8,"ヤブニッケイ","EB",NA,NA,0,NA,NA,NA,3.8,NA,NA,NA,1.430989399922,1.430989399922,0,0
3210,3210,"ALT600B04",28.75,27.15,"イヌガシ","EB",NA,NA,0,NA,NA,NA,3.1,NA,NA,NA,2.15020675701079,2.15020675701079,0,0
3211,791,"ALT600B04",27.45,24.7,"イヌガシ","EB",NA,NA,0,NA,NA,NA,4.2,NA,NA,NA,0,0,0,0
3212,3212,"ALT600B04",21.45,24.95,"イヌガシ","EB",NA,NA,0,NA,NA,NA,3.9,NA,NA,NA,6.06841147427339,6.06841147427339,0,0
3213,773,"ALT600B05",20.7,19.75,"ヒイラギ","EB",NA,NA,0,NA,NA,NA,2.7,NA,NA,NA,0,0,0,0
3214,3214,"ALT600B05",23.5,19.35,"イヌガシ","EB",NA,NA,0,NA,NA,NA,3.3,NA,NA,NA,0,0,0,0
3215,3215,"ALT600B05",28.15,11,"アカガシ","EB",NA,NA,0,NA,NA,NA,4.4,NA,NA,NA,0,0,0,0
3216,3216,"ALT600B05",25.45,12.9,"イヌガシ","EB",NA,NA,0,NA,NA,NA,3.3,NA,NA,NA,0,0,0,0
3217,779,"ALT600B05",21.8,10,"アブラチャン","DB",NA,NA,0,NA,NA,NA,3.9,NA,NA,NA,17.6366216235714,0,2.74979584453532,0
3218,779,"ALT600B05",21.8,10,"アブラチャン","DB",NA,NA,0,NA,NA,NA,2.2,NA,NA,NA,32.6936933835779,0,4.87463808803989,0
3219,3219,"ALT600B05",21.5,9.55,"イヌガシ","EB",NA,NA,0,NA,NA,NA,2.9,NA,NA,NA,24.3558017193147,0,24.3558017193147,0
3220,3220,"ALT600B05",23.15,7.7,"イヌガシ","EB",NA,NA,0,NA,NA,NA,2.4,NA,NA,NA,0,0,0,0
3274,3274,"ALT600B04",33.6,36.2,"シロダモ","EB",NA,NA,0,NA,NA,NA,2.8,NA,NA,NA,1.23960261610661,1.23960261610661,0,0
3275,3275,"ALT600B04",32.9,36.8,"イヌガシ","EB",NA,NA,0,NA,NA,NA,3.2,NA,NA,NA,0.949070752956622,0.949070752956622,0,0
3276,3276,"ALT600B04",32,36.3,"シロダモ","EB",NA,NA,0,NA,NA,NA,2.5,NA,NA,NA,13.5764501987825,13.5764501987825,0,0
3277,3277,"ALT600B04",32.05,36.25,"イヌガシ","EB",NA,NA,0,NA,NA,NA,2.4,NA,NA,NA,14.7313912747206,14.7313912747206,0,0
3278,3278,"ALT600B04",30.85,38,"イヌガシ","EB",NA,NA,0,NA,NA,NA,2.2,NA,NA,NA,0,0,0,0
3279,3279,"ALT600B04",37.1,26.65,"アカガシ","EB",NA,NA,0,NA,NA,NA,3.5,NA,NA,NA,0,0,0,0
3280,692,"ALT600B04",37.1,21.65,"イヌガシ","EB",NA,NA,0,NA,NA,NA,2.2,NA,NA,NA,0,0,0,0
3281,692,"ALT600B04",37.1,21.65,"イヌガシ","EB",NA,NA,0,NA,NA,NA,2.1,NA,NA,NA,0,0,0,0
3282,3282,"ALT600B04",34.3,24.25,"イヌガシ","EB",NA,NA,0,NA,NA,NA,3.9,NA,NA,NA,0,0,0,0
3283,3283,"ALT600B04",30.3,20.8,"シキミ","EB",NA,NA,0,NA,NA,NA,4.5,NA,NA,NA,0,0,0,0
3284,3284,"ALT600B05",39.35,13.8,"イヌガシ","EB",NA,NA,0,NA,NA,NA,2,NA,NA,NA,0,0,0,0
3285,3285,"ALT600B05",36.75,11.45,"イヌガシ","EB",NA,NA,0,NA,NA,NA,3.1,NA,NA,NA,0,0,0,0
3286,743,"ALT600B05",35.95,4.55,"アブラチャン","DB",NA,NA,0,NA,NA,NA,3.4,NA,NA,NA,0,0,0,0
3287,732,"ALT600B05",39.95,3.5,"アブラチャン","DB",NA,NA,0,NA,NA,NA,3.9,NA,NA,NA,0,0,0,0
3288,732,"ALT600B05",39.95,3.5,"アブラチャン","DB",NA,NA,0,NA,NA,NA,3.6,NA,NA,NA,0,0,0,0
3289,732,"ALT600B05",39.95,3.5,"アブラチャン","DB",NA,NA,0,NA,NA,NA,3.3,NA,NA,NA,0,0,0,0
3290,732,"ALT600B05",39.95,3.5,"アブラチャン","DB",NA,NA,0,NA,NA,NA,2.1,NA,NA,NA,0,0,0,0
3291,732,"ALT600B05",39.95,3.5,"アブラチャン","DB",NA,NA,0,NA,NA,NA,2.3,NA,NA,NA,0,0,0,0
3292,732,"ALT600B05",39.95,3.5,"アブラチャン","DB",NA,NA,0,NA,NA,NA,2,NA,NA,NA,0,0,0,0
3293,732,"ALT600B05",39.95,3.5,"アブラチャン","DB",NA,NA,0,NA,NA,NA,2.1,NA,NA,NA,0,0,0,0
3294,732,"ALT600B05",39.95,3.5,"アブラチャン","DB",NA,NA,0,NA,NA,NA,2.1,NA,NA,NA,0,0,0,0
3295,732,"ALT600B05",39.95,3.5,"アブラチャン","DB",NA,NA,0,NA,NA,NA,2.2,NA,NA,NA,0,0,0,0
3367,3367,"ALT600C04",40.3,26.6,"イヌガシ","EB",NA,NA,0,NA,NA,NA,2.5,NA,NA,NA,0,0,0,0
3368,3368,"ALT600C05",40.7,17.15,"イヌガシ","EB",NA,NA,0,NA,NA,NA,3.9,NA,NA,NA,0,0,0,0
3369,3369,"ALT600C05",42.8,17.85,"イヌガシ","EB",NA,NA,0,NA,NA,NA,2.4,NA,NA,NA,0,0,0,0
3370,3370,"ALT600C05",43.35,20,"イヌガシ","EB",NA,NA,0,NA,NA,NA,3.6,NA,NA,NA,0,0,0,0
3372,3372,"ALT600C05",40.5,14.7,"アカガシ","EB",NA,NA,0,NA,NA,NA,3.7,NA,NA,NA,0,0,0,0
3373,3373,"ALT600C05",44.05,16.45,"イヌガシ","EB",NA,NA,0,NA,NA,NA,3.7,NA,NA,NA,0,0,0,0
